-1  12  1          -18.987          4           4.290         64          63.993          36.480         -45.376      -44382.000       24815.000        3263.000       37292.000       43606.000       27213.000       34889.000      -36401.000 
-12435  
-1  22  2          -18.097         12          12.015         64          63.995          41.765         -34.648      149024.000       69616.000       90332.000      -89004.000      -15054.000     -182710.000     -172891.000      -42458.000 
-12435  
-1  12  3          -18.980          4           4.289         64          63.994          36.344         -45.396      -45063.000       21970.000         348.000       37211.000       42326.000       30810.000       36767.000      -33726.000 
-12435  
-1  22  4          -18.110         12          12.015         64          64.009          41.630         -34.635      150018.000       68748.000       89581.000      -88377.000      -16347.000     -183050.000     -173710.000      -41846.000 
-12435  
-1  12  5          -18.977          4           4.287         64          64.004          36.677         -45.385      -45363.000       22399.000         870.000       37495.000       42250.000       30208.000       36695.000      -33788.000 
-12435  
-1  22  6          -18.097         12          12.017         64          64.007          41.887         -34.654      151184.000       63949.000       87119.000      -91064.000      -21275.000     -182975.000     -173904.000      -35967.000 
-12435  
-1  12  7          -18.963          4           4.287         64          64.005          36.774         -45.402      -42427.000       26656.000        4495.000       37202.000       44832.000       25746.000       33791.000      -37235.000 
-12435  
-1  22  8          -18.150         12          12.017         64          64.001          41.762         -34.639      157117.000       48126.000       78075.000     -100243.000      -40155.000     -179219.000     -177474.000      -16942.000 
-12435  
-1  12  9          -18.987          4           4.287         64          64.006          36.522         -45.391      -41084.000       29031.000        6744.000       36490.000       46162.000       23527.000       30759.000      -40007.000 
-12435  
-1  22  10          -18.147         12          12.013         64          63.996          41.666         -34.628      155895.000       53098.000       80066.000      -97977.000      -35327.000     -180795.000     -177107.000      -22585.000 
-12435  
-1  12  11          -18.960          4           4.291         64          63.987          36.594         -45.403      -44288.000       23984.000        2275.000       37266.000       43302.000       28624.000       35807.000      -34750.000 
-12435  
-1  22  12          -18.077         12          12.016         64          63.999          41.720         -34.644      151309.000       66365.000       88092.000      -90371.000      -19547.000     -182797.000     -173189.000      -39201.000 
-12435  
-1  12  13          -18.990          4           4.290         64          64.000          36.484         -45.358      -45112.000       22544.000        1450.000       37807.000       42591.000       29238.000       36588.000      -35007.000 
-12435  
-1  22  14          -18.140         12          12.017         64          64.003          41.786         -34.642      145180.000       78770.000       96182.000      -81627.000       -4133.000     -184016.000     -169629.000      -52310.000 
-12435  
-1  12  15          -18.953          4           4.282         64          64.002          36.765         -45.439      -43502.000       24761.000        2805.000       37115.000       43943.000       27748.000       34935.000      -35027.000 
-12435  
-1  22  16          -18.083         12          12.016         64          64.004          41.986         -34.630      153911.000       57469.000       83928.000      -95510.000      -28861.000     -182174.000     -175755.000      -28742.000 
-12435  
-1  12  17          -18.973          4           4.284         64          64.009          36.522         -45.368      -42309.000       27945.000        6030.000       36935.000       45459.000       24047.000       32834.000      -38628.000 
-12435  
-1  22  18          -18.090         12          12.015         64          64.002          41.977         -34.643      153978.000       57741.000       83186.000      -95525.000      -30201.000     -181527.000     -175368.000      -29348.000 
-12435  
-1  12  19          -18.983          4           4.287         64          63.995          36.612         -45.381      -43349.000       24965.000        3568.000       37699.000       44279.000       27169.000       34602.000      -36439.000 
-12435  
-1  22  20          -18.100         12          12.015         64          63.999          41.742         -34.633      149847.000       69330.000       90336.000      -89495.000      -15493.000     -182712.000     -173269.000      -41719.000 
-12435  
-1  12  21          -18.960          4           4.285         64          63.999          36.481         -45.398      -44095.000       24763.000        2640.000       37295.000       43360.000       27741.000       35515.000      -35464.000 
-12435  
-1  22  22          -18.077         12          12.016         64          63.998          41.641         -34.643      152007.000       63505.000       86084.000      -91138.000      -22411.000     -182951.000     -174355.000      -36579.000 
-12435  
-1  12  23          -18.980          4           4.293         64          63.998          36.395         -45.413      -44217.000       24533.000        2580.000       37018.000       43378.000       27545.000       35162.000      -35796.000 
-12435  
-1  22  24          -18.123         12          12.015         64          64.000          41.737         -34.615      148657.000       73398.000       93064.000      -86562.000      -10618.000     -183286.000     -172608.000      -46035.000 
-12435  
-1  12  25          -18.963          4           4.286         64          64.004          36.363         -45.419      -43707.000       24598.000        3423.000       36982.000       43296.000       27769.000       35471.000      -35798.000 
-12435  
-1  22  26          -18.070         12          12.017         64          64.005          41.931         -34.624      154624.000       57021.000       83086.000      -96699.000      -30178.000     -181775.000     -175700.000      -28348.000 
-12435  
-1  12  27          -18.960          4           4.292         64          64.002          36.365         -45.380      -44234.000       24898.000        2594.000       37389.000       43487.000       27902.000       35345.000      -35513.000 
-12435  
-1  22  28          -18.127         12          12.015         64          64.005          42.080         -34.613      158635.000       49041.000       77517.000     -100165.000      -40454.000     -179908.000     -177162.000      -17830.000 
-12435  
-1  12  29          -18.980          4           4.287         64          64.003          36.541         -45.397      -44695.000       23754.000        2196.000       37370.000       42891.000       28310.000       35838.000      -35169.000 
-12435  
-1  22  30          -18.107         12          12.015         64          64.000          42.153         -34.640      150683.000       65829.000       88673.000      -90261.000      -19411.000     -183020.000     -173961.000      -38193.000 
-12435  
-1  12  31          -18.967          4           4.289         64          63.995          36.277         -45.401      -43968.000       24760.000        2869.000       37488.000       43322.000       27675.000       35304.000      -35619.000 
-12435  
-1  22  32          -18.100         12          12.014         64          64.004          41.951         -34.631      158945.000       42749.000       74604.000     -102033.000      -45818.000     -178547.000     -178007.000      -12165.000 
-12435  
-1  12  33          -18.973          4           4.291         64          63.998          36.414         -45.414      -42969.000       26657.000        4291.000       37097.000       44735.000       25746.000       33240.000      -37004.000 
-12435  
-1  22  34          -18.077         12          12.015         64          64.003          41.818         -34.651      152251.000       63102.000       86184.000      -91742.000      -22827.000     -182788.000     -173703.000      -35365.000 
-12435  
-1  12  35          -18.980          4           4.288         64          64.006          36.310         -45.398      -43531.000       25542.000        3488.000       37143.000       44495.000       26961.000       34027.000      -36352.000 
-12435  
-1  22  36          -18.093         12          12.016         64          64.001          41.841         -34.613      147924.000       73352.000       93143.000      -86832.000      -10289.000     -184471.000     -172011.000      -46084.000 
-12435  
-1  12  37          -18.947          4           4.287         64          64.005          36.241         -45.409      -43845.000       25313.000        3130.000       36859.000       43635.000       27599.000       35055.000      -35712.000 
-12435  
-1  22  38          -18.077         12          12.014         64          63.999          41.889         -34.634      155800.000       55560.000       82162.000      -95975.000      -31363.000     -181388.000     -175711.000      -26744.000 
-12435  
-1  12  39          -18.940          4           4.282         64          63.997          36.732         -45.392      -42664.000       27301.000        4171.000       36918.000       44850.000       25841.000       33626.000      -37159.000 
-12435  
-1  22  40          -18.127         12          12.015         64          64.003          41.754         -34.629      156560.000       51312.000       79539.000      -98376.000      -36716.000     -180744.000     -176957.000      -20778.000 
-12435  
-1  12  41          -18.973          4           4.287         64          64.004          36.663         -45.380      -44214.000       24720.000        3284.000       37283.000       43597.000       28124.000       34930.000      -35836.000 
-12435  
-1  22  42          -18.110         12          12.015         64          64.002          41.975         -34.620      149780.000       70395.000       91229.000      -87264.000      -13827.000     -184164.000     -172849.000      -42732.000 
-12435  
-1  12  43          -18.980          4           4.287         64          64.003          36.415         -45.352      -43451.000       25855.000        3939.000       37404.000       44796.000       26730.000       34188.000      -36894.000 
-12435  
-1  22  44          -18.053         12          12.017         64          63.996          41.699         -34.612      150680.000       69101.000       91036.000      -88485.000      -14984.000     -184009.000     -172678.000      -42944.000 
-12435  
-1  12  45          -18.967          4           4.287         64          63.998          36.597         -45.367      -43624.000       25981.000        3612.000       37309.000       44208.000       26558.000       34603.000      -36741.000 
-12435  
-1  22  46          -18.093         12          12.016         64          63.999          41.772         -34.649      148599.000       70801.000       91301.000      -87759.000      -13243.000     -182894.000     -172420.000      -43982.000 
-12435  
-1  12  47          -18.977          4           4.289         64          64.003          36.727         -45.424      -44530.000       23378.000        1917.000       37561.000       42741.000       28712.000       35768.000      -34586.000 
-12435  
-1  22  48          -18.113         12          12.016         64          64.003          42.008         -34.623      155935.000       52408.000       80215.000      -98419.000      -36035.000     -181229.000     -176762.000      -22199.000 
-12435  
-1  12  49          -18.973          4           4.286         64          64.004          36.526         -45.415      -42328.000       27444.000        5580.000       36998.000       45344.000       24438.000       32744.000      -37660.000 
-12435  
-1  22  50          -18.057         12          12.016         64          64.004          41.729         -34.615      149989.000       68939.000       90679.000      -89503.000      -15779.000     -184196.000     -172674.000      -42301.000 
-12435  
-1  12  51          -18.977          4           4.281         64          64.001          36.258         -45.391      -43809.000       25107.000        3004.000       37093.000       44016.000       27397.000       34775.000      -36160.000 
-12435  
-1  22  52          -18.087         12          12.015         64          64.000          41.840         -34.637      155927.000       54042.000       81281.000      -97159.000      -33339.000     -181011.000     -175955.000      -24564.000 
-12435  
-1  12  53          -18.950          4           4.287         64          63.999          36.276         -45.445      -42998.000       25916.000        4297.000       37111.000       43723.000       26514.000       34279.000      -36336.000 
-12435  
-1  22  54          -18.147         12          12.015         64          64.000          41.847         -34.634      148556.000       72088.000       92189.000      -86591.000      -12692.000     -183731.000     -172198.000      -44230.000 
-12435  
-1  12  55          -18.977          4           4.288         64          64.003          36.567         -45.348      -44582.000       25070.000        2515.000       37482.000       43664.000       27367.000       35269.000      -36098.000 
-12435  
-1  22  56          -18.067         12          12.013         64          64.000          41.909         -34.628      149089.000       71786.000       91588.000      -87339.000      -11212.000     -183403.000     -172400.000      -45358.000 
-12435  
-1  12  57          -18.963          4           4.286         64          64.003          36.661         -45.363      -43520.000       26931.000        4423.000       36882.000       44845.000       25953.000       33731.000      -37089.000 
-12435  
-1  22  58          -18.103         12          12.016         64          63.998          41.935         -34.618      156757.000       50444.000       78346.000      -98964.000      -38176.000     -180705.000     -177748.000      -20763.000 
-12435  
-1  12  59          -18.973          4           4.287         64          64.001          36.768         -45.380      -43954.000       24900.000        3043.000       37285.000       43884.000       27784.000       34989.000      -35904.000 
-12435  
-1  22  60          -18.077         12          12.015         64          64.004          41.804         -34.606      155464.000       56430.000       83073.000      -95726.000      -30563.000     -182243.000     -176492.000      -28023.000 
-12435  
-1  12  61          -18.970          4           4.290         64          64.005          36.252         -45.424      -43253.000       25891.000        3452.000       37198.000       44078.000       26689.000       33926.000      -36428.000 
-12435  
-1  22  62          -18.080         12          12.018         64          64.000          41.906         -34.633      157963.000       49135.000       77278.000     -100837.000      -39844.000     -179504.000     -176496.000      -18689.000 
-12435  
-1  12  63          -18.947          4           4.289         64          64.006          36.756         -45.360      -45042.000       24908.000        2620.000       37151.000       43213.000       27710.000       35980.000      -35202.000 
-12435  
-1  22  64          -18.077         12          12.017         64          64.002          41.774         -34.650      144860.000       76777.000       94707.000      -84767.000       -6126.000     -183320.000     -170453.000      -51668.000 
-12435  
-1  12  65          -18.967          4           4.285         64          64.000          36.294         -45.400      -43236.000       25891.000        3921.000       37215.000       44268.000       26564.000       34319.000      -36566.000 
-12435  
-1  22  66          -18.117         12          12.015         64          64.004          41.960         -34.635      148246.000       71962.000       91281.000      -87692.000      -12919.000     -183461.000     -172525.000      -44645.000 
-12435  
-1  12  67          -18.973          4           4.282         64          64.004          36.551         -45.420      -44353.000       24700.000        3203.000       37385.000       43545.000       27068.000       34919.000      -35272.000 
-12435  
-1  22  68          -18.060         12          12.015         64          64.003          41.710         -34.640      151012.000       67186.000       88200.000      -90799.000      -16548.000     -182945.000     -173221.000      -39374.000 
-12435  
-1  12  69          -18.973          4           4.287         64          64.005          36.555         -45.419      -44355.000       24424.000        2587.000       36860.000       43059.000       27453.000       35621.000      -35701.000 
-12435  
-1  22  70          -18.087         12          12.013         64          64.002          41.848         -34.656      153446.000       59048.000       84003.000      -94494.000      -27401.000     -181468.000     -175004.000      -30488.000 
-12435  
-1  12  71          -18.983          4           4.290         64          63.997          36.273         -45.403      -43358.000       24930.000        3125.000       37631.000       43917.000       27256.000       34607.000      -36289.000 
-12435  
-1  22  72          -18.127         12          12.016         64          63.998          42.157         -34.637      146637.000       74937.000       92920.000      -84106.000       -7363.000     -184417.000     -171817.000      -47995.000 
-12435  
-1  12  73          -18.983          4           4.289         64          64.003          36.751         -45.399      -42158.000       27199.000        5384.000       36967.000       44934.000       24765.000       32977.000      -38590.000 
-12435  
-1  22  74          -18.083         12          12.015         64          64.001          41.839         -34.634      157723.000       49065.000       77814.000      -99569.000      -38506.000     -179517.000     -177389.000      -19386.000 
-12435  
-1  12  75          -18.977          4           4.287         64          64.004          36.240         -45.407      -44634.000       23495.000        2248.000       37372.000       42698.000       29167.000       35622.000      -34890.000 
-12435  
-1  22  76          -18.090         12          12.015         64          64.002          41.938         -34.645      149782.000       67024.000       89533.000      -90068.000      -18494.000     -182955.000     -173305.000      -40060.000 
-12435  
-1  12  77          -18.963          4           4.281         64          64.001          36.421         -45.407      -44830.000       23266.000        1632.000       37136.000       42281.000       29152.000       36649.000      -34537.000 
-12435  
-1  22  78          -18.063         12          12.014         64          64.004          42.145         -34.636      157155.000       49097.000       77936.000     -100939.000      -38806.000     -179509.000     -176792.000      -19365.000 
-12435  
-1  12  79          -18.977          4           4.289         64          63.998          36.268         -45.457      -43164.000       25539.000        3347.000       36958.000       43530.000       26541.000       34216.000      -36591.000 
-12435  
-1  22  80          -18.097         12          12.015         64          64.004          41.877         -34.652      153711.000       57801.000       83577.000      -94849.000      -28767.000     -181367.000     -175588.000      -29179.000 
-12435  
-1  12  81          -18.987          4           4.284         64          64.003          36.453         -45.389      -42732.000       26696.000        5166.000       37336.000       45241.000       24876.000       33182.000      -37647.000 
-12435  
-1  22  82          -18.093         12          12.016         64          64.000          41.734         -34.630      153553.000       61677.000       85496.000      -93316.000      -25191.000     -182014.000     -174945.000      -33392.000 
-12435  
-1  12  83          -18.967          4           4.290         64          64.000          36.585         -45.349      -43738.000       26029.000        3810.000       37312.000       44261.000       26593.000       34733.000      -36839.000 
-12435  
-1  22  84          -18.127         12          12.014         64          64.000          41.614         -34.626      152402.000       62131.000       86349.000      -92264.000      -24224.000     -182513.000     -175717.000      -34122.000 
-12435  
-1  12  85          -18.970          4           4.286         64          64.006          36.378         -45.345      -42967.000       27448.000        5491.000       37393.000       45637.000       24434.000       33372.000      -37624.000 
-12435  
-1  22  86          -18.143         12          12.016         64          64.000          42.074         -34.634      156684.000       52778.000       79307.000      -98299.000      -36993.000     -181043.000     -175783.000      -21572.000 
-12435  
-1  12  87          -18.970          4           4.288         64          63.998          36.397         -45.393      -43710.000       25089.000        3100.000       37365.000       43970.000       27657.000       34708.000      -35877.000 
-12435  
-1  22  88          -18.200         12          12.018         64          64.001          41.923         -34.618      158502.000       44412.000       73860.000     -102648.000      -46774.000     -178638.000     -178456.000      -12272.000 
-12435  
-1  12  89          -18.960          4           4.289         64          64.001          37.108         -45.348      -44499.000       25192.000        2759.000       38010.000       43035.000       27596.000       35460.000      -35939.000 
-12435  
-1  22  90          -18.050         12          12.019         64          64.005          41.915         -34.622      155033.000       56612.000       82840.000      -95687.000      -29407.000     -182576.000     -175568.000      -28487.000 
-12435  
-1  12  91          -18.970          4           4.287         64          64.000          36.368         -45.409      -43852.000       24721.000        3481.000       37093.000       43440.000       27500.000       35246.000      -35961.000 
-12435  
-1  22  92          -18.123         12          12.017         64          64.003          41.934         -34.634      152273.000       63376.000       86031.000      -92465.000      -23294.000     -182285.000     -175082.000      -34823.000 
-12435  
-1  12  93          -18.983          4           4.287         64          64.001          36.755         -45.323      -44387.000       25577.000        3711.000       37709.000       44299.000       26973.000       34468.000      -36672.000 
-12435  
-1  22  94          -18.087         12          12.017         64          64.001          41.814         -34.612      155724.000       55624.000       82053.000      -96197.000      -31476.000     -182743.000     -175963.000      -25835.000 
-12435  
-1  12  95          -18.957          4           4.284         64          64.000          36.763         -45.431      -42105.000       27040.000        4964.000       37398.000       44829.000       24949.000       33322.000      -37222.000 
-12435  
-1  22  96          -18.100         12          12.017         64          64.000          41.704         -34.616      154079.000       61123.000       85492.000      -94031.000      -26194.000     -182219.000     -175146.000      -32278.000 
-12435  
-1  12  97          -18.973          4           4.285         64          63.998          36.739         -45.368      -43964.000       25180.000        3396.000       37236.000       43849.000       27258.000       35100.000      -36399.000 
-12435  
-1  22  98          -18.120         12          12.016         64          63.999          41.911         -34.612      159798.000       39484.000       71880.000     -103554.000      -49513.000     -177753.000     -179537.000       -8313.000 
-12435  
-1  12  99          -18.983          4           4.287         64          64.002          36.314         -45.440      -44359.000       23498.000        2146.000       36942.000       42718.000       28380.000       35722.000      -35225.000 
-12435  
