-1  22  1          -38.113         12          12.133         64          64.005          26.402         -50.276       10027.000      -23782.000      -22300.000       13126.000       32046.000        7662.000       -1017.000      -23349.000 
-12435  
-1  12  2          -38.813          4           4.157         64          64.012          26.756         -55.233      -10455.000      -15315.000       -3371.000       10917.000       11616.000      -13989.000       -7958.000       -8910.000 
-12435  
-1  22  3          -38.000         12          12.139         64          64.021          26.141         -50.307        4181.000      -25127.000      -18104.000       18824.000       33086.000        -556.000       -5720.000      -22079.000 
-12435  
-1  12  4          -38.660          4           4.132         64          64.013          26.935         -55.310      -12643.000      -12972.000        -591.000       11068.000        9180.000      -16104.000       -9070.000       -7371.000 
-12435  
-1  22  5          -38.027         12          12.130         64          64.003          26.507         -50.141        5879.000      -25763.000      -19231.000       18299.000       33707.000        1207.000       -4911.000      -22283.000 
-12435  
-1  12  6          -38.873          4           4.148         64          63.982          26.548         -55.503      -11637.000      -13056.000       -1134.000       11095.000        9687.000      -15020.000       -9348.000       -7313.000 
-12435  
-1  22  7          -37.990         12          12.133         64          63.998          26.519         -50.312        2868.000      -25229.000      -17072.000       20209.000       32929.000        -820.000       -7112.000      -21514.000 
-12435  
-1  12  8          -38.757          4           4.139         64          63.995          26.723         -55.346       -9754.000      -15072.000       -3971.000       11146.000       11526.000      -13543.000       -7857.000       -9121.000 
-12435  
-1  22  9          -38.023         12          12.130         64          63.995          26.455         -50.201        7263.000      -24792.000      -20107.000       16724.000       33033.000        3802.000       -3337.000      -23469.000 
-12435  
-1  12  10          -38.963          4           4.156         64          64.008          26.522         -55.370       -8637.000      -15715.000       -5407.000       10579.000       12583.000      -12198.000       -7750.000       -9409.000 
-12435  
-1  22  11          -37.947         12          12.124         64          64.028          26.653         -50.260        4900.000      -24532.000      -19827.000       17855.000       33131.000        1307.000       -4833.000      -22762.000 
-12435  
-1  12  12          -38.803          4           4.123         64          64.022          26.629         -55.442      -10120.000      -14545.000       -2993.000       11080.000       11200.000      -13786.000       -8224.000       -8626.000 
-12435  
-1  22  13          -37.957         12          12.128         64          64.009          27.204         -50.235        3481.000      -25528.000      -18396.000       18598.000       33087.000        -446.000       -5695.000      -22809.000 
-12435  
-1  12  14          -38.890          4           4.132         64          64.000          26.630         -55.407      -12020.000      -14045.000       -2136.000       10799.000        9700.000      -14949.000       -8429.000       -7679.000 
-12435  
-1  22  15          -37.983         12          12.145         64          63.998          26.702         -50.275        3577.000      -24945.000      -16970.000       18849.000       34022.000           5.000       -6080.000      -22254.000 
-12435  
-1  12  16          -38.977          4           4.148         64          63.991          26.649         -55.425      -10817.000      -14105.000       -2636.000       11070.000       10634.000      -14684.000       -8633.000       -7623.000 
-12435  
-1  22  17          -38.000         12          12.122         64          64.001          26.667         -50.210        8710.000      -23486.000      -21070.000       15524.000       33761.000        5316.000       -2465.000      -22947.000 
-12435  
-1  12  18          -38.883          4           4.152         64          64.008          26.713         -55.337      -10715.000      -15274.000       -3153.000       10991.000       11028.000      -13493.000       -8034.000       -8852.000 
-12435  
-1  22  19          -38.077         12          12.146         64          63.991          26.169         -50.300        7463.000      -24983.000      -19823.000       15833.000       33523.000        3811.000       -3677.000      -21820.000 
-12435  
-1  12  20          -38.660          4           4.160         64          64.005          26.769         -55.393      -11242.000      -14331.000       -2631.000       10929.000       10873.000      -13614.000       -8640.000       -8782.000 
-12435  
-1  22  21          -38.020         12          12.129         64          64.014          26.555         -50.210        5371.000      -26115.000      -19502.000       17397.000       33368.000        1855.000       -4664.000      -21923.000 
-12435  
-1  12  22          -39.047          4           4.153         64          64.010          26.344         -55.506      -10303.000      -14649.000       -3416.000       10621.000       10746.000      -13654.000       -8393.000       -8515.000 
-12435  
-1  22  23          -37.950         12          12.113         64          64.001          26.435         -50.276        5811.000      -24188.000      -18966.000       17590.000       33372.000        2083.000       -3635.000      -23422.000 
-12435  
-1  12  24          -38.787          4           4.139         64          63.993          26.789         -55.334      -11247.000      -14031.000       -2498.000       11234.000       10331.000      -14711.000       -8834.000       -8302.000 
-12435  
-1  22  25          -37.930         12          12.152         64          63.998          26.335         -50.374        1294.000      -24579.000      -16451.000       19801.000       33172.000       -3560.000       -7915.000      -21375.000 
-12435  
-1  12  26          -38.560          4           4.154         64          63.980          26.847         -55.325      -10929.000      -14276.000       -2925.000       11232.000       10843.000      -14099.000       -8511.000       -9003.000 
-12435  
-1  22  27          -38.010         12          12.122         64          63.997          26.517         -50.254        4184.000      -25839.000      -17527.000       18835.000       33570.000         451.000       -6066.000      -21709.000 
-12435  
-1  12  28          -38.827          4           4.140         64          64.011          26.529         -55.381       -9733.000      -14944.000       -3805.000       10642.000       11973.000      -13699.000       -7941.000       -8726.000 
-12435  
-1  22  29          -38.410         12          12.134         64          64.002          26.484         -50.263        6701.000      -25612.000      -18985.000       16450.000       32912.000        3290.000       -4490.000      -23037.000 
-12435  
-1  12  30          -39.033          4           4.169         64          64.010          26.945         -55.289      -10591.000      -14729.000       -2860.000       11286.000       10835.000      -14520.000       -8625.000       -8270.000 
-12435  
-1  22  31          -37.990         12          12.152         64          63.988          26.429         -50.256        4205.000      -25986.000      -18637.000       17859.000       33019.000         807.000       -5025.000      -22484.000 
-12435  
-1  12  32          -38.810          4           4.157         64          63.990          26.572         -55.263      -11007.000      -14892.000       -2617.000       11150.000       10713.000      -14198.000       -8366.000       -8984.000 
-12435  
-1  22  33          -38.000         12          12.130         64          64.006          26.908         -50.300        5960.000      -24716.000      -19917.000       17002.000       32720.000        2707.000       -4240.000      -22869.000 
-12435  
-1  12  34          -39.200          4           4.158         64          63.999          26.678         -55.298      -12082.000      -14064.000       -1728.000       11331.000        9787.000      -14995.000       -9344.000       -7120.000 
-12435  
-1  22  35          -38.000         12          12.134         64          63.998          26.679         -50.266        5643.000      -24986.000      -18992.000       17114.000       33635.000        2427.000       -4605.000      -22493.000 
-12435  
-1  12  36          -39.150          4           4.140         64          64.007          26.583         -55.311      -10787.000      -15115.000       -2545.000       10991.000       10755.000      -13966.000       -8649.000       -8558.000 
-12435  
-1  22  37          -38.030         12          12.130         64          63.993          26.379         -50.157        9402.000      -24375.000      -21612.000       15693.000       33072.000        5727.000       -2027.000      -22877.000 
-12435  
-1  12  38          -38.617          4           4.149         64          64.004          26.809         -55.265      -10582.000      -14518.000       -3642.000       10883.000       11737.000      -14196.000       -8395.000       -8754.000 
-12435  
-1  22  39          -37.637         12          12.132         64          64.005          26.511         -50.296        3326.000      -25048.000      -18634.000       18067.000       33294.000        1054.000       -5118.000      -22498.000 
-12435  
-1  12  40          -38.723          4           4.148         64          63.987          26.656         -55.436      -11125.000      -13962.000       -2879.000       11148.000       10770.000      -13977.000       -8755.000       -8074.000 
-12435  
-1  22  41          -38.003         12          12.126         64          63.986          26.409         -50.329        6191.000      -24661.000      -19555.000       17392.000       32798.000        3384.000       -4569.000      -22183.000 
-12435  
-1  12  42          -38.877          4           4.147         64          64.017          26.851         -55.411      -10481.000      -14483.000       -3065.000       10999.000       10683.000      -14224.000       -8352.000       -8571.000 
-12435  
-1  22  43          -37.997         12          12.136         64          63.994          26.227         -50.332        6691.000      -23847.000      -20496.000       16977.000       32820.000        3052.000       -3887.000      -22500.000 
-12435  
-1  12  44          -39.060          4           4.147         64          64.000          26.708         -55.340      -10089.000      -14544.000       -2666.000       10578.000       11166.000      -15158.000       -8353.000       -8253.000 
-12435  
-1  22  45          -38.013         12          12.132         64          64.003          26.991         -50.082        4862.000      -25338.000      -19001.000       18242.000       34088.000         706.000       -5799.000      -23406.000 
-12435  
-1  12  46          -38.793          4           4.156         64          63.996          26.694         -55.196      -10990.000      -14593.000       -2681.000       11375.000       11162.000      -14856.000       -8523.000       -8227.000 
-12435  
-1  22  47          -37.977         12          12.143         64          64.022          26.679         -50.277        4293.000      -25319.000      -18779.000       19081.000       32830.000          41.000       -5021.000      -22075.000 
-12435  
-1  12  48          -38.637          4           4.145         64          64.002          26.839         -55.250       -9870.000      -14713.000       -3352.000       10917.000       12275.000      -14315.000       -8106.000       -8857.000 
-12435  
-1  22  49          -37.917         12          12.145         64          64.021          26.743         -50.219        5034.000      -25267.000      -19454.000       17832.000       33480.000        2742.000       -4073.000      -22396.000 
-12435  
-1  12  50          -38.663          4           4.139         64          63.992          26.728         -55.359      -10569.000      -14360.000       -3382.000       10981.000       11448.000      -14000.000       -8420.000       -8534.000 
-12435  
-1  22  51          -37.980         12          12.134         64          63.993          26.590         -50.195        4673.000      -24852.000      -18099.000       18163.000       34349.000        -438.000       -5227.000      -22781.000 
-12435  
-1  12  52          -38.660          4           4.137         64          64.008          26.910         -55.272      -11284.000      -14187.000       -3114.000       11290.000       10461.000      -15047.000       -8349.000       -8240.000 
-12435  
-1  22  53          -38.250         12          12.129         64          63.989          26.407         -50.332        8339.000      -24857.000      -20391.000       15863.000       32267.000        4114.000       -2725.000      -22559.000 
-12435  
-1  12  54          -38.743          4           4.134         64          64.008          27.023         -55.367      -11030.000      -14198.000       -2738.000       11255.000       10750.000      -14279.000       -8602.000       -8249.000 
-12435  
-1  22  55          -38.003         12          12.131         64          64.009          26.485         -50.258        6854.000      -24919.000      -20245.000       16632.000       32758.000        3964.000       -3495.000      -22906.000 
-12435  
-1  12  56          -38.550          4           4.165         64          64.016          26.814         -55.190      -11556.000      -14261.000       -2666.000       11705.000       10692.000      -14990.000       -8402.000       -8164.000 
-12435  
-1  22  57          -37.980         12          12.139         64          63.984          26.458         -50.279        2244.000      -25587.000      -17339.000       19319.000       32937.000       -1130.000       -7039.000      -22278.000 
-12435  
-1  12  58          -39.010          4           4.149         64          63.993          26.471         -55.491       -9930.000      -14613.000       -2576.000       11022.000       10443.000      -13981.000       -8289.000       -8920.000 
-12435  
-1  22  59          -38.100         12          12.134         64          64.003          26.520         -50.238        5486.000      -25533.000      -18619.000       17557.000       32801.000        1634.000       -4782.000      -23562.000 
-12435  
-1  12  60          -38.940          4           4.150         64          63.990          26.575         -55.375      -10011.000      -14532.000       -2914.000       10825.000       11145.000      -14595.000       -8333.000       -8580.000 
-12435  
-1  22  61          -37.930         12          12.140         64          64.006          26.567         -50.272        4917.000      -25039.000      -19487.000       18102.000       32968.000        1375.000       -4211.000      -22482.000 
-12435  
-1  12  62          -38.760          4           4.140         64          63.991          26.800         -55.411      -10540.000      -14272.000       -3263.000       11116.000       11072.000      -14021.000       -8479.000       -8340.000 
-12435  
-1  22  63          -37.960         12          12.150         64          63.993          26.900         -50.139        7049.000      -25322.000      -21371.000       16537.000       33083.000        4473.000       -2539.000      -22823.000 
-12435  
-1  12  64          -39.047          4           4.142         64          64.002          26.339         -55.518       -9999.000      -14430.000       -2672.000       11299.000       10548.000      -14215.000       -8212.000       -7982.000 
-12435  
-1  22  65          -38.127         12          12.136         64          63.984          26.345         -50.232        6364.000      -25369.000      -19139.000       17255.000       33046.000        1854.000       -4203.000      -23160.000 
-12435  
-1  12  66          -39.093          4           4.170         64          64.003          26.564         -55.289      -10952.000      -14746.000       -2667.000       11191.000       10819.000      -14439.000       -8751.000       -7981.000 
-12435  
-1  22  67          -37.997         12          12.144         64          63.998          26.510         -50.267        8017.000      -24043.000      -20636.000       14640.000       33417.000        5844.000       -2283.000      -23139.000 
-12435  
-1  12  68          -38.457          4           4.148         64          64.012          26.686         -55.330      -10982.000      -14489.000       -3043.000       11286.000       11209.000      -13685.000       -8200.000       -8918.000 
-12435  
-1  22  69          -38.000         12          12.136         64          64.001          26.543         -50.121        3340.000      -26127.000      -18653.000       18215.000       33703.000        -672.000       -6127.000      -22973.000 
-12435  
-1  12  70          -38.707          4           4.134         64          64.007          26.587         -55.308      -10131.000      -14594.000       -3311.000       11302.000       11607.000      -14079.000       -8313.000       -8670.000 
-12435  
-1  22  71          -37.990         12          12.140         64          63.999          26.508         -50.266        5290.000      -25854.000      -19192.000       17771.000       33312.000        2041.000       -4126.000      -21510.000 
-12435  
-1  12  72          -39.063          4           4.166         64          64.004          26.819         -55.318       -9680.000      -15325.000       -4172.000       11204.000       11679.000      -13376.000       -8266.000       -8615.000 
-12435  
-1  22  73          -37.990         12          12.135         64          64.003          26.853         -50.158        4186.000      -25366.000      -19067.000       19121.000       33137.000         608.000       -5762.000      -22965.000 
-12435  
-1  12  74          -39.273          4           4.127         64          63.980          26.640         -55.471      -11059.000      -14076.000       -2264.000       10723.000        9877.000      -14406.000       -9366.000       -7990.000 
-12435  
-1  22  75          -37.933         12          12.113         64          64.018          26.592         -50.141        6830.000      -24928.000      -20990.000       15819.000       33325.000        4756.000       -2689.000      -23700.000 
-12435  
-1  12  76          -38.830          4           4.153         64          64.004          26.780         -55.351      -11176.000      -13806.000       -1777.000       11669.000       10030.000      -14816.000       -9073.000       -8066.000 
-12435  
-1  22  77          -37.987         12          12.148         64          63.993          26.516         -50.178        5627.000      -24685.000      -19771.000       17539.000       33318.000        3087.000       -4538.000      -23568.000 
-12435  
-1  12  78          -38.543          4           4.140         64          64.007          26.445         -55.370      -10695.000      -14166.000       -2855.000       11022.000       10908.000      -14293.000       -8344.000       -8987.000 
-12435  
-1  22  79          -38.020         12          12.124         64          63.978          26.615         -50.142        6871.000      -24590.000      -20087.000       16220.000       34319.000        2905.000       -3768.000      -23270.000 
-12435  
-1  12  80          -38.827          4           4.159         64          64.001          26.750         -55.246      -10387.000      -14982.000       -3622.000       11153.000       11395.000      -14186.000       -8227.000       -8738.000 
-12435  
-1  22  81          -38.070         12          12.144         64          63.999          26.458         -50.290        5772.000      -25109.000      -18574.000       17399.000       32915.000        3072.000       -5067.000      -22982.000 
-12435  
-1  12  82          -38.877          4           4.159         64          64.007          26.736         -55.265      -11048.000      -15013.000       -3484.000       10902.000       11516.000      -13184.000       -8862.000       -8800.000 
-12435  
-1  22  83          -37.987         12          12.143         64          64.011          26.644         -50.196        4925.000      -25183.000      -18212.000       19210.000       33386.000        -211.000       -4706.000      -22957.000 
-12435  
-1  12  84          -39.007          4           4.150         64          64.004          26.538         -55.295      -10266.000      -15003.000       -3868.000       11414.000       11171.000      -13601.000       -8641.000       -8613.000 
-12435  
-1  22  85          -38.053         12          12.131         64          64.015          26.820         -50.179        2215.000      -26202.000      -16628.000       20277.000       33064.000       -2190.000       -8052.000      -22190.000 
-12435  
-1  12  86          -38.777          4           4.152         64          64.008          26.670         -55.229      -10282.000      -14906.000       -2698.000       11298.000       11571.000      -14146.000       -8409.000       -9011.000 
-12435  
-1  22  87          -37.987         12          12.143         64          64.003          26.706         -50.262        5337.000      -24596.000      -20167.000       17978.000       32828.000        2914.000       -4837.000      -22449.000 
-12435  
-1  12  88          -38.930          4           4.148         64          64.008          26.779         -55.336      -11566.000      -14036.000       -2045.000       10891.000       10346.000      -15432.000       -8512.000       -7366.000 
-12435  
-1  22  89          -37.997         12          12.141         64          64.008          26.642         -50.184        8093.000      -24317.000      -20970.000       15484.000       33466.000        6113.000       -2395.000      -23058.000 
-12435  
-1  12  90          -38.727          4           4.129         64          63.987          26.660         -55.345      -11330.000      -13928.000       -2466.000       11150.000       10346.000      -14587.000       -8920.000       -8449.000 
-12435  
-1  22  91          -38.000         12          12.137         64          63.997          26.353         -50.246        5198.000      -25229.000      -18862.000       18099.000       33315.000        1121.000       -4760.000      -22531.000 
-12435  
-1  12  92          -38.950          4           4.159         64          64.002          26.983         -55.217      -10166.000      -14907.000       -3485.000       11482.000       11443.000      -14383.000       -8522.000       -8438.000 
-12435  
-1  22  93          -38.033         12          12.124         64          64.004          26.314         -50.304        6824.000      -24935.000      -20414.000       16791.000       32245.000        3403.000       -3851.000      -22708.000 
-12435  
-1  12  94          -38.660          4           4.146         64          64.000          26.660         -55.364      -10153.000      -14580.000       -3570.000       11047.000       11732.000      -13518.000       -8355.000       -8893.000 
-12435  
-1  22  95          -37.937         12          12.139         64          64.015          26.413         -50.244        2789.000      -26220.000      -17620.000       19377.000       32910.000        -755.000       -5601.000      -22206.000 
-12435  
-1  12  96          -38.770          4           4.149         64          63.986          26.362         -55.372      -10456.000      -14452.000       -3710.000       11150.000       11112.000      -13669.000       -8628.000       -8767.000 
-12435  
-1  22  97          -38.013         12          12.121         64          64.000          26.628         -50.112        4213.000      -26035.000      -18855.000       18550.000       33797.000         268.000       -5973.000      -22550.000 
-12435  
-1  12  98          -38.850          4           4.143         64          64.004          26.733         -55.242      -11471.000      -14115.000       -2290.000       11162.000       10341.000      -15174.000       -8963.000       -8226.000 
-12435  
-1  22  99          -38.030         12          12.149         64          63.996          26.433         -50.250        5002.000      -25439.000      -19459.000       17717.000       32872.000        1181.000       -5237.000      -22615.000 
-12435  
