-1  22  1           40.340         12          11.758         64          64.003          17.274         -59.644       -3080.000        2560.000        5904.000       -5548.000       -1012.000       12581.000       -5455.000       -8514.000 
-12435  
-12435  
-1  22  3           38.267         12          11.704         64          63.989          17.126         -59.687       -2027.000        2121.000        6920.000       -5394.000       -1862.000       11095.000       -5981.000       -9587.000 
-12435  
-12435  
-1  22  5           42.037         12          11.691         64          63.997          16.777         -60.069       -3104.000        2112.000        6468.000       -5549.000       -1090.000       11258.000       -4228.000       -8871.000 
-12435  
-12435  
-1  22  7           38.260         12          11.696         64          64.039          17.049         -59.742       -1429.000        2301.000        4734.000       -7130.000         859.000       12114.000       -7282.000       -7381.000 
-12435  
-12435  
-1  22  9           38.887         12          11.744         64          64.018          16.514         -60.221       -1793.000        2207.000        5622.000       -6666.000        -226.000       11377.000       -5489.000       -7534.000 
-12435  
-12435  
-1  22  11           42.503         12          11.728         64          64.028          16.663         -60.105       -2686.000        2794.000        6082.000       -5838.000       -1874.000       10700.000       -4680.000       -9092.000 
-12435  
-12435  
-1  22  13           37.163         12          11.728         64          63.922          16.894         -59.842       -2101.000        3060.000        6538.000       -5209.000       -1424.000       11861.000       -5737.000       -8286.000 
-12435  
-12435  
-1  22  15           41.573         12          11.669         64          63.981          17.561         -59.399       -3151.000        3052.000        5739.000       -6179.000          24.000       12150.000       -6912.000       -8799.000 
-12435  
-12435  
-1  22  17           40.030         12          11.696         64          64.004          17.413         -59.826       -2399.000        2859.000        6548.000       -6223.000        -954.000       11346.000       -5546.000       -8558.000 
-12435  
-12435  
-1  22  19           37.780         12          11.709         64          64.003          16.740         -59.997        -748.000        2427.000        5096.000       -6181.000        1237.000       11506.000       -6756.000       -8138.000 
-12435  
-12435  
-1  22  21           39.017         12          11.719         64          63.973          16.937         -59.897       -1769.000        2907.000        6278.000       -5552.000        -157.000       11676.000       -5403.000       -8742.000 
-12435  
-12435  
-1  22  23           39.543         12          11.742         64          63.981          16.667         -60.078       -2687.000        2238.000        6115.000       -5961.000       -1904.000       11454.000       -5215.000       -7966.000 
-12435  
-12435  
-1  22  25           41.160         12          11.693         64          64.004          16.529         -60.192       -2011.000        2249.000        6031.000       -6038.000        -232.000       10789.000       -4951.000       -8925.000 
-12435  
-12435  
-1  22  27           39.237         12          11.731         64          64.000          16.966         -60.018       -2609.000        1295.000        6643.000       -4952.000       -3010.000       11503.000       -4010.000       -8962.000 
-12435  
-12435  
-1  22  29           39.980         12          11.722         64          64.004          16.796         -60.054       -2303.000        2905.000        5791.000       -5767.000       -1752.000       11459.000       -5227.000       -8372.000 
-12435  
-12435  
-1  22  31           39.637         12          11.719         64          64.014          16.914         -59.837       -2347.000        2312.000        6540.000       -6708.000        -927.000       11341.000       -5561.000       -8326.000 
-12435  
-12435  
-1  22  33           38.703         12          11.693         64          63.998          17.259         -59.978       -1756.000        2773.000        5030.000       -5514.000        1055.000       11731.000       -7044.000       -7939.000 
-12435  
-12435  
-1  22  35           39.233         12          11.696         64          63.987          17.406         -59.772       -2216.000        3079.000        7349.000       -5122.000       -1465.000       11030.000       -5012.000       -9473.000 
-12435  
-12435  
-1  22  37           39.130         12          11.680         64          64.058          16.880         -59.936       -2223.000        2137.000        6921.000       -5955.000       -1052.000       11397.000       -4826.000       -8587.000 
-12435  
-12435  
-1  22  39           39.890         12          11.698         64          64.011          17.144         -59.722       -2266.000        3145.000        6261.000       -6167.000        -602.000       11905.000       -5564.000       -8473.000 
-12435  
-12435  
-1  22  41           38.683         12          11.683         64          63.976          16.929         -59.879       -1937.000        2298.000        6119.000       -6516.000         189.000       11499.000       -6270.000       -8040.000 
-12435  
-12435  
-1  22  43           37.097         12          11.674         64          64.006          16.632         -60.104       -1696.000        2677.000        6209.000       -5273.000       -1301.000       11897.000       -4939.000       -8045.000 
-12435  
-12435  
-1  22  45           38.740         12          11.709         64          63.981          16.598         -59.987       -1724.000        2978.000        6180.000       -6478.000        -449.000       11239.000       -5888.000       -8000.000 
-12435  
-12435  
-1  22  47           37.520         12          11.740         64          63.991          16.917         -59.702       -1808.000        2094.000        6766.000       -5742.000       -1821.000       12558.000       -4304.000       -8528.000 
-12435  
-12435  
-1  22  49           39.130         12          11.705         64          63.989          16.729         -60.299       -2143.000        2434.000        6531.000       -5290.000       -1586.000       10687.000       -4909.000       -8556.000 
-12435  
-12435  
-1  22  51           40.047         12          11.726         64          63.965          17.208         -59.775       -2455.000        3466.000        6621.000       -5764.000       -1036.000       11663.000       -5223.000       -8576.000 
-12435  
-12435  
-1  22  53           39.150         12          11.738         64          64.020          17.274         -59.536       -1956.000        3109.000        5646.000       -6474.000          13.000       12802.000       -5863.000       -8146.000 
-12435  
-12435  
-1  22  55           38.823         12          11.697         64          64.004          17.008         -59.787       -2451.000        2517.000        7765.000       -5121.000       -1500.000       11257.000       -4590.000       -9122.000 
-12435  
-12435  
-1  22  57           37.040         12          11.690         64          64.010          17.212         -59.681       -1943.000        1644.000        7161.000       -6093.000       -1517.000       11673.000       -5955.000       -8453.000 
-12435  
-12435  
-1  22  59           41.890         12          11.739         64          63.989          17.085         -59.675       -3125.000        2184.000        6475.000       -5412.000       -1246.000       12284.000       -3989.000       -9311.000 
-12435  
-12435  
-1  22  61           38.180         12          11.723         64          63.981          16.895         -59.931       -1471.000        3163.000        5499.000       -4802.000        -223.000       12201.000       -5360.000       -8843.000 
-12435  
-12435  
-1  22  63           39.237         12          11.686         64          63.987          16.820         -59.857       -2382.000        2514.000        5553.000       -5353.000         -97.000       12085.000       -6245.000       -8383.000 
-12435  
-12435  
-1  22  65           39.687         12          11.704         64          64.030          17.058         -59.772       -2436.000        3232.000        5789.000       -5445.000        -352.000       11633.000       -6708.000       -8562.000 
-12435  
-12435  
-1  22  67           40.247         12          11.688         64          63.975          17.083         -59.812       -2511.000        2724.000        5001.000       -6186.000        -709.000       11885.000       -6810.000       -8069.000 
-12435  
-12435  
-1  22  69           37.330         12          11.713         64          63.994          16.780         -59.904       -1974.000        2488.000        6702.000       -5063.000        -565.000       11620.000       -5910.000       -8508.000 
-12435  
-12435  
-1  22  71           40.330         12          11.679         64          64.014          16.803         -60.208       -2496.000        2705.000        5802.000       -5462.000        -550.000       11219.000       -5522.000       -8229.000 
-12435  
-12435  
-1  22  73           38.993         12          11.729         64          64.003          16.734         -59.793       -2176.000        2058.000        7136.000       -6204.000       -2144.000       11141.000       -4967.000       -8940.000 
-12435  
-12435  
-1  22  75           38.017         12          11.709         64          64.008          17.062         -59.728       -2448.000        3116.000        6287.000       -5545.000        -699.000       12077.000       -6361.000       -7994.000 
-12435  
-12435  
-1  22  77           36.693         12          11.734         64          64.005          17.291         -59.564       -1443.000        1811.000        7053.000       -5348.000       -1156.000       12098.000       -5682.000       -9272.000 
-12435  
-12435  
-1  22  79           38.837         12          11.718         64          64.004          16.732         -59.940       -2103.000        2691.000        5701.000       -5141.000       -1460.000       12131.000       -5117.000       -8634.000 
-12435  
-12435  
-1  22  81           38.687         12          11.713         64          63.988          16.744         -59.987       -1875.000        3401.000        6237.000       -5379.000        -135.000       11193.000       -6163.000       -8426.000 
-12435  
-12435  
-1  22  83           39.013         12          11.721         64          64.025          16.353         -60.409       -1455.000        2367.000        5465.000       -5703.000        -757.000       11296.000       -4802.000       -8153.000 
-12435  
-12435  
-1  22  85           36.987         12          11.745         64          64.026          17.249         -59.643       -2186.000        2149.000        7509.000       -5304.000       -2467.000       11907.000       -4968.000       -8765.000 
-12435  
-12435  
-1  22  87           40.217         12          11.731         64          63.999          17.256         -59.564       -2438.000        3186.000        6941.000       -6133.000       -2177.000       11889.000       -4524.000       -9012.000 
-12435  
-12435  
-1  22  89           38.867         12          11.709         64          64.002          17.186         -59.591       -2282.000        2346.000        6152.000       -6524.000        -844.000       12320.000       -5940.000       -8282.000 
-12435  
-12435  
-1  22  91           40.740         12          11.740         64          64.020          16.786         -60.028       -2646.000        2616.000        6117.000       -5358.000        -946.000       11406.000       -5139.000       -8764.000 
-12435  
-12435  
-1  22  93           37.103         12          11.703         64          63.963          17.260         -59.763       -1773.000        3150.000        5875.000       -5569.000           1.000       11973.000       -7006.000       -7932.000 
-12435  
-12435  
-1  22  95           36.163         12          11.740         64          63.963          17.487         -59.631       -1694.000        2840.000        6777.000       -6526.000         -22.000       12590.000       -5666.000       -7360.000 
-12435  
-12435  
-1  22  97           37.847         12          11.687         64          64.008          16.871         -60.065       -1893.000        2603.000        6153.000       -5641.000         324.000       11255.000       -6557.000       -7858.000 
-12435  
-12435  
-1  22  99           42.213         12          11.744         64          64.017          16.888         -60.071       -3119.000        2432.000        6055.000       -5494.000       -2395.000       11176.000       -4360.000       -8887.000 
-12435  
