-1  22  1          -27.980         12          12.027         64          64.005          38.268         -38.282      -98428.000      -14764.000        1125.000       92994.000      126198.000      -14716.000       -9419.000     -110365.000 
-12435  
-1  12  2          -31.977          4           4.348         64          64.008          30.419         -51.530       16755.000      -15074.000      -10129.000       -5677.000        2570.000       25381.000       29957.000        5698.000 
-12435  
-1  22  3          -27.970         12          12.025         64          64.012          38.450         -38.269      -99688.000        1611.000       15590.000       91955.000      122668.000      -34719.000      -26736.000     -107229.000 
-12435  
-1  12  4          -31.763          4           4.351         64          64.009          30.472         -51.582       14452.000      -16870.000      -10899.000       -3772.000        5498.000       24921.000       30206.000        2592.000 
-12435  
-1  22  5          -27.980         12          12.030         64          64.001          38.447         -38.242      -98829.000       17488.000       31085.000       86795.000      115593.000      -55018.000      -44000.000     -102515.000 
-12435  
-1  12  6          -31.953          4           4.347         64          63.996          30.527         -51.554       14542.000      -17174.000      -10959.000       -3250.000        6203.000       24851.000       30261.000        1550.000 
-12435  
-1  22  7          -27.973         12          12.033         64          63.995          38.502         -38.270      -99729.000       -7664.000        7925.000       91721.000      125710.000      -22720.000      -16527.000     -109673.000 
-12435  
-1  12  8          -32.170          4           4.349         64          63.996          30.675         -51.628       16806.000      -15282.000      -10323.000       -4809.000        3794.000       24969.000       29460.000        4703.000 
-12435  
-1  22  9          -27.980         12          12.028         64          63.997          38.330         -38.275      -99407.000       -6491.000        8902.000       92195.000      124945.000      -25389.000      -18423.000     -109309.000 
-12435  
-1  12  10          -32.117          4           4.341         64          63.993          30.573         -51.573       17207.000      -14842.000      -10247.000       -5212.000        2590.000       25501.000       29427.000        5447.000 
-12435  
-1  22  11          -27.990         12          12.029         64          64.003          38.688         -38.265      -98527.000      -13829.000        3165.000       92369.000      127065.000      -16078.000      -11382.000     -110366.000 
-12435  
-1  12  12          -32.050          4           4.356         64          64.008          30.562         -51.568       15835.000      -15863.000      -10652.000       -4387.000        5430.000       24891.000       30078.000        3906.000 
-12435  
-1  22  13          -27.960         12          12.028         64          64.008          38.746         -38.264      -99664.000        1636.000       16292.000       91586.000      122701.000      -33817.000      -26082.000     -108140.000 
-12435  
-1  12  14          -32.020          4           4.353         64          64.016          30.191         -51.661       15453.000      -16327.000      -10848.000       -4150.000        5020.000       24679.000       29567.000        2927.000 
-12435  
-1  22  15          -27.950         12          12.031         64          64.004          38.465         -38.252      -99971.000       -2082.000       11821.000       92878.000      124163.000      -28474.000      -21679.000     -108759.000 
-12435  
-1  12  16          -31.933          4           4.353         64          64.004          30.605         -51.483       15395.000      -15958.000      -10942.000       -4347.000        5107.000       25631.000       30388.000        3308.000 
-12435  
-1  22  17          -27.980         12          12.027         64          63.996          38.308         -38.277     -100020.000       -4194.000       11705.000       90881.000      124618.000      -28744.000      -20947.000     -108672.000 
-12435  
-1  12  18          -32.060          4           4.348         64          63.994          30.421         -51.591       15671.000      -15323.000      -10351.000       -4754.000        4671.000       25621.000       29848.000        3596.000 
-12435  
-1  22  19          -27.970         12          12.029         64          63.998          38.402         -38.259     -100336.000      -12117.000        3527.000       92480.000      126327.000      -16327.000      -11463.000     -109899.000 
-12435  
-1  12  20          -31.867          4           4.344         64          64.001          30.483         -51.595       16369.000      -15131.000      -10411.000       -5195.000        2890.000       25254.000       29670.000        5630.000 
-12435  
-1  22  21          -27.983         12          12.025         64          64.002          38.352         -38.238     -100250.000       -2605.000       13249.000       91679.000      124998.000      -29782.000      -23116.000     -108470.000 
-12435  
-1  12  22          -32.173          4           4.354         64          64.007          30.386         -51.502       16494.000      -15266.000       -9656.000       -5315.000        3671.000       25322.000       30565.000        4701.000 
-12435  
-1  22  23          -27.973         12          12.027         64          64.004          38.315         -38.232     -100219.000       -3676.000       12153.000       92233.000      124907.000      -28359.000      -20871.000     -109348.000 
-12435  
-1  12  24          -32.113          4           4.361         64          63.997          30.435         -51.553       15678.000      -16261.000      -10226.000       -4291.000        4638.000       24976.000       30398.000        3042.000 
-12435  
-1  22  25          -27.967         12          12.025         64          64.004          38.192         -38.259      -98540.000       14178.000       27695.000       88274.000      117489.000      -49506.000      -40007.000     -104389.000 
-12435  
-1  12  26          -32.080          4           4.352         64          63.989          30.458         -51.603       15666.000      -16163.000      -10571.000       -3853.000        4837.000       25114.000       29837.000        2955.000 
-12435  
-1  22  27          -27.973         12          12.031         64          64.002          38.459         -38.237     -100364.000        -614.000       14672.000       90967.000      123935.000      -32053.000      -24371.000     -109149.000 
-12435  
-1  12  28          -32.047          4           4.351         64          63.989          30.423         -51.485       15985.000      -15910.000      -10776.000       -4496.000        4880.000       25581.000       30170.000        3618.000 
-12435  
-1  22  29          -27.977         12          12.025         64          63.997          38.290         -38.256     -100014.000       -4427.000       10836.000       92006.000      124709.000      -27431.000      -20598.000     -109162.000 
-12435  
-1  12  30          -32.000          4           4.345         64          64.015          30.258         -51.568       15984.000      -15968.000      -10120.000       -4120.000        4106.000       25574.000       29790.000        3981.000 
-12435  
-1  22  31          -27.967         12          12.026         64          64.001          38.235         -38.278      -99482.000       -2052.000       12897.000       92332.000      123592.000      -30116.000      -22411.000     -108321.000 
-12435  
-1  12  32          -32.273          4           4.346         64          64.004          30.691         -51.503       16426.000      -15271.000      -10765.000       -4800.000        5031.000       25126.000       30409.000        3698.000 
-12435  
-1  22  33          -27.983         12          12.032         64          64.003          38.347         -38.251     -100079.000       -2410.000       12740.000       91665.000      123970.000      -30946.000      -23722.000     -108757.000 
-12435  
-1  12  34          -31.937          4           4.348         64          63.995          30.299         -51.571       15929.000      -15508.000      -10858.000       -4455.000        3900.000       25221.000       30010.000        4293.000 
-12435  
-1  22  35          -27.980         12          12.028         64          64.000          38.485         -38.255      -99430.000        2416.000       16680.000       91811.000      123250.000      -36420.000      -28167.000     -106522.000 
-12435  
-1  12  36          -32.060          4           4.345         64          64.002          30.249         -51.572       16123.000      -15435.000      -10429.000       -5104.000        3437.000       25247.000       30056.000        4051.000 
-12435  
-1  22  37          -27.980         12          12.030         64          64.003          38.343         -38.244      -99725.000         -41.000       14972.000       92310.000      123126.000      -32722.000      -25821.000     -108579.000 
-12435  
-1  12  38          -32.007          4           4.350         64          63.996          30.337         -51.663       15202.000      -16025.000      -10648.000       -3873.000        4449.000       24602.000       30110.000        2879.000 
-12435  
-1  22  39          -27.950         12          12.029         64          64.006          38.413         -38.246      -99812.000        2651.000       16670.000       91592.000      123703.000      -34813.000      -26648.000     -107231.000 
-12435  
-1  12  40          -32.003          4           4.356         64          64.003          30.536         -51.480       16356.000      -15759.000      -10539.000       -4739.000        4343.000       25802.000       29924.000        4457.000 
-12435  
-1  22  41          -27.970         12          12.028         64          64.002          38.516         -38.244     -100395.000       -2763.000       12130.000       91751.000      124561.000      -29179.000      -21679.000     -109048.000 
-12435  
-1  12  42          -31.887          4           4.343         64          64.012          30.345         -51.571       15505.000      -16003.000      -10157.000       -4778.000        3645.000       25426.000       30081.000        3889.000 
-12435  
-1  22  43          -27.987         12          12.029         64          64.001          38.432         -38.250      -99632.000       -1306.000       13651.000       91911.000      123620.000      -31295.000      -25442.000     -108825.000 
-12435  
-1  12  44          -32.393          4           4.346         64          64.002          30.625         -51.534       16720.000      -15220.000      -10167.000       -4671.000        4791.000       25430.000       30035.000        3600.000 
-12435  
-1  22  45          -27.960         12          12.028         64          64.000          38.224         -38.221     -100034.000       -6585.000        8329.000       92694.000      125421.000      -23738.000      -17273.000     -111008.000 
-12435  
-1  12  46          -32.057          4           4.342         64          64.000          30.300         -51.500       16373.000      -15419.000      -10296.000       -5004.000        3926.000       25333.000       30366.000        4726.000 
-12435  
-1  22  47          -27.963         12          12.030         64          64.002          38.247         -38.271     -100165.000         785.000       14822.000       90483.000      123270.000      -32303.000      -25210.000     -108503.000 
-12435  
-1  12  48          -32.027          4           4.339         64          64.002          30.448         -51.594       16304.000      -15136.000      -10241.000       -5368.000        3484.000       25105.000       29922.000        4933.000 
-12435  
-1  22  49          -27.973         12          12.029         64          64.005          38.484         -38.258      -99988.000         665.000       15437.000       90799.000      123627.000      -33322.000      -25788.000     -108126.000 
-12435  
-1  12  50          -32.030          4           4.340         64          63.993          30.459         -51.547       15887.000      -15853.000      -10236.000       -4561.000        4949.000       25670.000       29779.000        3877.000 
-12435  
-1  22  51          -27.980         12          12.025         64          64.004          38.336         -38.249     -100493.000        -299.000       14931.000       91413.000      123508.000      -33197.000      -25311.000     -107951.000 
-12435  
-1  12  52          -31.990          4           4.350         64          63.994          30.486         -51.418       16340.000      -15866.000      -10135.000       -4544.000        3967.000       25604.000       30733.000        4838.000 
-12435  
-1  22  53          -27.983         12          12.028         64          64.000          38.267         -38.258      -99539.000       -1241.000       14286.000       91488.000      124465.000      -30764.000      -24602.000     -108174.000 
-12435  
-1  12  54          -32.020          4           4.353         64          64.002          30.480         -51.614       16098.000      -15577.000      -10830.000       -5451.000        4264.000       24559.000       29851.000        4393.000 
-12435  
-1  22  55          -27.987         12          12.025         64          63.999          38.537         -38.238      -99769.000       -8467.000        7377.000       92773.000      126342.000      -21650.000      -17155.000     -109680.000 
-12435  
-1  12  56          -31.993          4           4.345         64          63.999          30.514         -51.587       15770.000      -16057.000       -9994.000       -4805.000        4379.000       25191.000       29922.000        3995.000 
-12435  
-1  22  57          -27.973         12          12.025         64          64.003          38.423         -38.257     -100334.000        6899.000       21630.000       90303.000      120922.000      -41672.000      -31948.000     -105455.000 
-12435  
-1  12  58          -31.923          4           4.350         64          63.998          30.204         -51.553       15549.000      -15682.000      -10234.000       -4662.000        4642.000       25218.000       30351.000        4343.000 
-12435  
-1  22  59          -27.960         12          12.029         64          64.000          38.678         -38.242     -100173.000       -2890.000       11472.000       92273.000      124432.000      -27542.000      -21291.000     -109614.000 
-12435  
-1  12  60          -32.047          4           4.348         64          64.001          30.581         -51.450       16237.000      -15982.000      -10619.000       -4737.000        4301.000       25400.000       30496.000        4065.000 
-12435  
-1  22  61          -27.963         12          12.028         64          64.002          38.310         -38.291      -99496.000       -7089.000        8019.000       92534.000      124511.000      -22788.000      -16584.000     -109524.000 
-12435  
-1  12  62          -32.080          4           4.344         64          63.999          30.526         -51.403       16798.000      -16156.000      -10880.000       -4537.000        4549.000       25835.000       30016.000        4228.000 
-12435  
-1  22  63          -27.970         12          12.027         64          64.003          38.346         -38.263      -99811.000         216.000       14832.000       91674.000      122837.000      -33543.000      -25253.000     -108334.000 
-12435  
-1  12  64          -32.170          4           4.336         64          64.003          30.614         -51.461       16858.000      -16260.000      -10150.000       -5019.000        3785.000       25512.000       30011.000        4040.000 
-12435  
-1  22  65          -27.963         12          12.030         64          64.001          38.356         -38.246     -100222.000       -7019.000        8190.000       92694.000      125206.000      -23336.000      -16673.000     -110033.000 
-12435  
-1  12  66          -31.980          4           4.351         64          63.995          30.407         -51.543       15679.000      -15951.000      -10482.000       -4050.000        5349.000       25483.000       29956.000        3825.000 
-12435  
-1  22  67          -27.970         12          12.030         64          64.000          38.662         -38.211      -99691.000      -11959.000        3696.000       93220.000      127375.000      -17486.000      -11723.000     -110841.000 
-12435  
-1  12  68          -32.047          4           4.347         64          64.010          30.375         -51.596       15448.000      -16620.000      -10340.000       -3965.000        4843.000       24914.000       30004.000        2781.000 
-12435  
-1  22  69          -27.960         12          12.026         64          64.002          38.426         -38.246      -99688.000       -4257.000       10569.000       91975.000      125415.000      -25947.000      -19640.000     -109736.000 
-12435  
-1  12  70          -32.150          4           4.351         64          63.998          30.241         -51.663       16190.000      -15083.000      -10023.000       -4312.000        3886.000       25219.000       29653.000        4159.000 
-12435  
-1  22  71          -27.960         12          12.029         64          63.998          38.282         -38.233      -99488.000       10364.000       24498.000       90020.000      119886.000      -45279.000      -35322.000     -105447.000 
-12435  
-1  12  72          -31.920          4           4.350         64          64.004          30.186         -51.680       15355.000      -15596.000      -10518.000       -4850.000        4352.000       24600.000       29907.000        4023.000 
-12435  
-1  22  73          -27.963         12          12.029         64          64.002          38.180         -38.246     -100132.000       -6546.000        8706.000       91758.000      125526.000      -23750.000      -17199.000     -110343.000 
-12435  
-1  12  74          -32.083          4           4.351         64          63.989          30.445         -51.596       15622.000      -16033.000      -10368.000       -3950.000        4760.000       24731.000       30337.000        3328.000 
-12435  
-1  22  75          -27.973         12          12.028         64          64.003          38.349         -38.279      -99018.000       -7048.000        8626.000       92540.000      125701.000      -23482.000      -17297.000     -108886.000 
-12435  
-1  12  76          -32.183          4           4.345         64          63.994          30.510         -51.534       16569.000      -15598.000      -10472.000       -4634.000        3760.000       24962.000       30309.000        4082.000 
-12435  
-1  22  77          -27.973         12          12.032         64          64.000          38.438         -38.263     -100055.000        -448.000       13877.000       91286.000      123603.000      -31874.000      -24773.000     -108281.000 
-12435  
-1  12  78          -31.930          4           4.347         64          64.010          30.389         -51.505       15663.000      -16319.000      -11106.000       -4181.000        4353.000       24709.000       30676.000        3652.000 
-12435  
-1  22  79          -27.970         12          12.028         64          63.998          38.440         -38.255      -99134.000       -8291.000        6745.000       92693.000      125596.000      -22163.000      -15805.000     -110528.000 
-12435  
-1  12  80          -31.950          4           4.359         64          63.992          30.427         -51.591       15781.000      -15472.000      -10901.000       -5314.000        4614.000       25083.000       29804.000        4235.000 
-12435  
-1  22  81          -27.973         12          12.030         64          64.000          38.367         -38.227      -99388.000       -7550.000        7736.000       92757.000      126314.000      -24554.000      -16930.000     -110118.000 
-12435  
-1  12  82          -31.987          4           4.348         64          64.001          30.495         -51.559       15367.000      -16172.000      -10508.000       -4513.000        4678.000       24991.000       30386.000        3235.000 
-12435  
-1  22  83          -27.980         12          12.029         64          64.000          38.462         -38.259      -99388.000         808.000       15815.000       91707.000      123554.000      -34293.000      -26583.000     -107365.000 
-12435  
-1  12  84          -31.910          4           4.348         64          64.014          30.440         -51.587       16461.000      -15047.000      -10448.000       -5024.000        3214.000       25657.000       29402.000        5417.000 
-12435  
-1  22  85          -27.980         12          12.029         64          64.001          38.710         -38.215     -100441.000         127.000       15249.000       91275.000      124359.000      -34361.000      -25905.000     -108287.000 
-12435  
-1  12  86          -32.020          4           4.344         64          63.994          30.281         -51.623       16315.000      -15703.000      -10300.000       -4911.000        3908.000       25080.000       29462.000        4553.000 
-12435  
-1  22  87          -27.970         12          12.028         64          64.001          38.389         -38.292      -98399.000        7419.000       21644.000       90501.000      120307.000      -41727.000      -32828.000     -105696.000 
-12435  
-1  12  88          -32.040          4           4.350         64          64.005          30.400         -51.547       15948.000      -16089.000      -10770.000       -4141.000        4496.000       25223.000       30000.000        3481.000 
-12435  
-1  22  89          -27.963         12          12.027         64          64.002          38.559         -38.264      -99490.000        3857.000       18364.000       90577.000      121909.000      -37105.000      -28627.000     -107947.000 
-12435  
-1  12  90          -31.933          4           4.344         64          63.999          30.164         -51.678       15832.000      -15589.000      -10400.000       -4727.000        3993.000       25100.000       29320.000        4341.000 
-12435  
-1  22  91          -27.983         12          12.028         64          64.000          38.395         -38.221     -100406.000       -2907.000       12912.000       91963.000      125298.000      -30240.000      -22873.000     -108520.000 
-12435  
-1  12  92          -32.033          4           4.349         64          63.998          30.564         -51.473       15902.000      -16099.000      -10792.000       -4119.000        5213.000       25568.000       30229.000        3528.000 
-12435  
-1  22  93          -27.967         12          12.026         64          64.001          38.317         -38.254     -100076.000        -374.000       14695.000       91439.000      123716.000      -31452.000      -24103.000     -108655.000 
-12435  
-1  12  94          -31.923          4           4.338         64          63.997          30.723         -51.565       16590.000      -15761.000      -10662.000       -5040.000        3438.000       25016.000       29629.000        5232.000 
-12435  
-1  22  95          -27.977         12          12.029         64          64.001          38.501         -38.254     -100095.000        1707.000       15959.000       91888.000      122864.000      -34335.000      -27223.000     -107396.000 
-12435  
-1  12  96          -32.110          4           4.344         64          64.007          30.971         -51.562       16051.000      -15615.000      -10209.000       -5090.000        4795.000       25394.000       29864.000        3933.000 
-12435  
-1  22  97          -27.970         12          12.027         64          64.000          38.292         -38.267      -99885.000       -6444.000        9801.000       91718.000      124934.000      -24947.000      -17628.000     -109812.000 
-12435  
-1  12  98          -31.973          4           4.351         64          64.005          30.387         -51.589       15796.000      -16439.000      -10271.000       -4291.000        4349.000       24747.000       30053.000        3911.000 
-12435  
-1  22  99          -27.970         12          12.028         64          64.003          38.482         -38.274      -99163.000         185.000       15585.000       91628.000      123687.000      -32545.000      -24947.000     -107738.000 
-12435  
