-1  22  1          -37.960         12          12.070         64          63.985          30.200         -46.488      -33626.000      -28344.000         947.000       43174.000       30189.000      -35329.000      -31826.000      -11286.000 
-12435  
-1  12  2          -36.950          4           4.247         64          64.008          23.602         -58.425       -9536.000       -6429.000       -3111.000       13371.000        6492.000       -4137.000       -8102.000       -2979.000 
-12435  
-1  22  3          -38.090         12          12.074         64          64.006          29.991         -46.569      -29100.000      -31897.000       -4321.000       42294.000       34506.000      -30906.000      -30989.000      -13767.000 
-12435  
-1  12  4          -36.760          4           4.204         64          64.010          23.495         -58.580       -9119.000       -5993.000       -3305.000       13571.000        6522.000       -3573.000       -7943.000       -2448.000 
-12435  
-1  22  5          -38.117         12          12.070         64          64.008          29.976         -46.574      -33225.000      -28728.000         482.000       42195.000       30360.000      -34068.000      -32386.000      -10909.000 
-12435  
-1  12  6          -37.650          4           4.226         64          64.005          23.825         -58.148      -10698.000       -5536.000       -1290.000       13849.000        6003.000       -5161.000       -9013.000       -1404.000 
-12435  
-1  22  7          -38.110         12          12.069         64          64.009          30.186         -46.559      -36866.000      -23169.000        7101.000       41332.000       24675.000      -39466.000      -33628.000       -5705.000 
-12435  
-1  12  8          -37.183          4           4.239         64          63.989          23.595         -58.307      -11429.000       -4659.000        -513.000       13404.000        5727.000       -5355.000       -8496.000       -1008.000 
-12435  
-1  22  9          -38.110         12          12.067         64          64.000          30.287         -46.541      -36622.000      -23354.000        7136.000       41981.000       24938.000      -38851.000      -33902.000       -5629.000 
-12435  
-1  12  10          -36.417          4           4.207         64          64.010          23.584         -58.311      -10565.000       -5776.000       -1813.000       13839.000        6426.000       -4221.000       -7893.000       -2315.000 
-12435  
-1  22  11          -38.183         12          12.063         64          63.996          30.236         -46.527      -31381.000      -30260.000       -1112.000       42724.000       31980.000      -33587.000      -32056.000      -11375.000 
-12435  
-1  12  12          -36.923          4           4.226         64          63.981          23.660         -58.494      -10692.000       -5972.000       -2198.000       13300.000        5768.000       -4115.000       -7726.000       -2397.000 
-12435  
-1  22  13          -38.343         12          12.067         64          64.009          30.015         -46.649      -31208.000      -31276.000       -1642.000       41870.000       30983.000      -32460.000      -31019.000      -12542.000 
-12435  
-1  12  14          -37.223          4           4.197         64          64.019          23.659         -58.343      -10685.000       -5611.000       -1920.000       13278.000        6050.000       -4807.000       -8571.000       -2066.000 
-12435  
-1  22  15          -38.420         12          12.063         64          63.999          30.223         -46.520      -33521.000      -28674.000        1522.000       42231.000       28911.000      -35793.000      -33169.000       -9904.000 
-12435  
-1  12  16          -36.963          4           4.231         64          64.017          23.912         -58.203      -11119.000       -4988.000        -942.000       13865.000        5396.000       -5025.000       -8770.000       -2329.000 
-12435  
-1  22  17          -38.243         12          12.065         64          64.011          30.167         -46.538      -35613.000      -25025.000        4567.000       42983.000       25870.000      -37683.000      -33558.000       -6341.000 
-12435  
-1  12  18          -37.150          4           4.242         64          64.006          23.780         -58.123      -11444.000       -5269.000       -1391.000       13600.000        5975.000       -5526.000       -8529.000       -1600.000 
-12435  
-1  22  19          -38.497         12          12.072         64          63.997          30.278         -46.520      -39309.000      -22022.000        8614.000       41637.000       21609.000      -39428.000      -34279.000       -3496.000 
-12435  
-1  12  20          -37.177          4           4.215         64          63.981          23.827         -58.316      -10218.000       -5911.000       -1681.000       13796.000        6289.000       -4524.000       -8416.000       -1641.000 
-12435  
-1  22  21          -38.117         12          12.074         64          63.997          30.010         -46.541      -31053.000      -30356.000       -2122.000       43100.000       32452.000      -32689.000      -31762.000      -11608.000 
-12435  
-1  12  22          -37.147          4           4.252         64          63.985          23.674         -58.217      -10649.000       -6639.000       -2667.000       13244.000        6583.000       -4673.000       -8091.000       -2473.000 
-12435  
-1  22  23          -38.010         12          12.074         64          63.993          30.165         -46.533      -33114.000      -28783.000         267.000       42345.000       30634.000      -35362.000      -31480.000      -11332.000 
-12435  
-1  12  24          -37.160          4           4.205         64          64.010          23.691         -58.450      -10768.000       -5619.000       -1613.000       13307.000        5655.000       -4945.000       -8025.000       -1949.000 
-12435  
-1  22  25          -38.057         12          12.073         64          64.001          30.225         -46.580      -33858.000      -27530.000        1618.000       42673.000       28968.000      -34999.000      -32443.000      -10276.000 
-12435  
-1  12  26          -37.320          4           4.213         64          64.004          23.482         -58.628       -9684.000       -5423.000       -1223.000       13002.000        6031.000       -4708.000       -8776.000       -2102.000 
-12435  
-1  22  27          -38.167         12          12.072         64          63.999          30.215         -46.561      -35360.000      -26032.000        4612.000       42156.000       26348.000      -37989.000      -32485.000       -7810.000 
-12435  
-1  12  28          -36.873          4           4.216         64          63.991          23.794         -58.249      -10973.000       -4941.000       -1051.000       13547.000        6190.000       -5144.000       -8686.000       -1896.000 
-12435  
-1  22  29          -38.293         12          12.074         64          63.990          30.145         -46.599      -34313.000      -26994.000        3088.000       41401.000       28084.000      -36680.000      -32938.000       -8414.000 
-12435  
-1  12  30          -36.787          4           4.253         64          63.995          23.467         -58.328      -10166.000       -5593.000       -1871.000       13598.000        6413.000       -4497.000       -8547.000       -2700.000 
-12435  
-1  22  31          -38.237         12          12.078         64          64.004          29.989         -46.543      -31422.000      -30908.000       -1390.000       42475.000       31345.000      -33397.000      -31717.000      -12539.000 
-12435  
-1  12  32          -37.097          4           4.209         64          64.046          23.391         -58.590       -9915.000       -5673.000       -1776.000       13039.000        6103.000       -4858.000       -8234.000       -2275.000 
-12435  
-1  22  33          -38.020         12          12.064         64          63.997          30.172         -46.537      -31837.000      -29364.000       -1744.000       42574.000       32241.000      -33499.000      -31997.000      -11970.000 
-12435  
-1  12  34          -37.187          4           4.233         64          64.001          23.709         -58.240      -10659.000       -5412.000       -1947.000       13733.000        5815.000       -5197.000       -8621.000       -1961.000 
-12435  
-1  22  35          -38.260         12          12.069         64          64.004          30.175         -46.514      -32994.000      -30185.000         130.000       42385.000       31084.000      -33742.000      -32155.000      -10998.000 
-12435  
-1  12  36          -37.180          4           4.258         64          64.005          23.728         -58.220      -11108.000       -5503.000       -1136.000       13747.000        5650.000       -5048.000       -8451.000       -1913.000 
-12435  
-1  22  37          -38.097         12          12.081         64          63.996          30.176         -46.502      -32447.000      -29155.000         343.000       43213.000       31196.000      -34032.000      -32565.000      -10698.000 
-12435  
-1  12  38          -37.403          4           4.223         64          64.007          23.653         -58.356      -10673.000       -5236.000       -1146.000       13425.000        5376.000       -5342.000       -8798.000       -2018.000 
-12435  
-1  22  39          -38.183         12          12.067         64          63.996          30.545         -46.596      -35158.000      -26560.000        2461.000       42092.000       27632.000      -36199.000      -32601.000       -8320.000 
-12435  
-1  12  40          -36.923          4           4.226         64          63.987          23.950         -58.237      -10770.000       -5388.000       -1441.000       13739.000        6160.000       -5073.000       -8432.000       -1993.000 
-12435  
-1  22  41          -38.240         12          12.073         64          63.993          30.428         -46.416      -34651.000      -28186.000        3010.000       43132.000       29081.000      -36433.000      -33188.000       -8839.000 
-12435  
-1  12  42          -36.753          4           4.243         64          64.006          23.725         -58.275      -10979.000       -5128.000       -1486.000       13633.000        6280.000       -4729.000       -8375.000       -1902.000 
-12435  
-1  22  43          -38.613         12          12.069         64          63.999          29.976         -46.560      -37523.000      -23820.000        7904.000       41314.000       22942.000      -39590.000      -33524.000       -4564.000 
-12435  
-1  12  44          -37.047          4           4.209         64          64.006          23.868         -58.515       -9934.000       -5531.000       -1463.000       13441.000        6408.000       -3734.000       -8655.000       -1776.000 
-12435  
-1  22  45          -38.153         12          12.063         64          64.001          30.118         -46.609      -35146.000      -25773.000        3763.000       41708.000       27081.000      -36799.000      -33119.000       -8143.000 
-12435  
-1  12  46          -36.663          4           4.229         64          63.997          23.924         -58.257      -11012.000       -5383.000       -1614.000       13556.000        6009.000       -4844.000       -8311.000       -2671.000 
-12435  
-1  22  47          -38.117         12          12.066         64          64.002          30.132         -46.518      -35685.000      -25462.000        6177.000       41622.000       26398.000      -38524.000      -33384.000       -7893.000 
-12435  
-1  12  48          -36.217          4           4.242         64          63.989          23.632         -58.174      -10813.000       -5201.000       -2237.000       13898.000        6743.000       -4529.000       -8289.000       -2159.000 
-12435  
-1  22  49          -38.287         12          12.064         64          63.993          30.083         -46.589      -37242.000      -23209.000        7658.000       42022.000       23427.000      -38630.000      -33502.000       -4686.000 
-12435  
-1  12  50          -37.527          4           4.222         64          64.015          23.954         -58.299      -10285.000       -5657.000       -2062.000       13524.000        5991.000       -4744.000       -8977.000       -1988.000 
-12435  
-1  22  51          -38.060         12          12.086         64          63.996          30.210         -46.460      -34046.000      -27264.000        2593.000       42591.000       29927.000      -36426.000      -33330.000       -9405.000 
-12435  
-1  12  52          -37.100          4           4.227         64          64.002          23.827         -58.275      -11023.000       -5284.000        -740.000       13641.000        5977.000       -5159.000       -8364.000       -1431.000 
-12435  
-1  22  53          -38.050         12          12.071         64          64.014          30.095         -46.558      -33878.000      -27810.000        1336.000       42389.000       30123.000      -34998.000      -32211.000       -9813.000 
-12435  
-1  12  54          -36.890          4           4.212         64          64.002          23.482         -58.367      -10953.000       -4917.000       -1183.000       13826.000        5332.000       -4983.000       -8188.000       -1879.000 
-12435  
-1  22  55          -38.067         12          12.068         64          63.992          29.944         -46.599      -31271.000      -29642.000       -1854.000       42231.000       32166.000      -32638.000      -32023.000      -12306.000 
-12435  
-1  12  56          -37.890          4           4.194         64          64.002          23.602         -58.351      -10568.000       -5271.000       -1232.000       13857.000        5379.000       -4789.000       -8754.000        -893.000 
-12435  
-1  22  57          -38.190         12          12.062         64          64.003          29.990         -46.555      -33541.000      -28255.000        1821.000       42572.000       29493.000      -35249.000      -32431.000       -9331.000 
-12435  
-1  12  58          -36.570          4           4.239         64          63.993          23.661         -58.709      -10242.000       -5343.000       -1756.000       13490.000        5823.000       -4314.000       -7232.000       -1534.000 
-12435  
-1  22  59          -38.020         12          12.068         64          64.004          30.320         -46.491      -35221.000      -26224.000        3425.000       42499.000       27919.000      -37283.000      -33061.000       -9287.000 
-12435  
-1  12  60          -36.777          4           4.257         64          64.011          23.732         -58.356       -9988.000       -5965.000       -2088.000       13687.000        6644.000       -4493.000       -8041.000       -2398.000 
-12435  
-1  22  61          -38.250         12          12.075         64          64.011          30.180         -46.489      -34969.000      -26918.000        4552.000       42452.000       26564.000      -38226.000      -32980.000       -8514.000 
-12435  
-1  12  62          -37.123          4           4.225         64          63.989          23.821         -58.221      -11029.000       -5646.000       -1260.000       13855.000        5789.000       -5110.000       -8168.000       -1712.000 
-12435  
-1  22  63          -38.123         12          12.077         64          64.005          30.067         -46.649      -36110.000      -23591.000        6216.000       40966.000       25205.000      -38445.000      -33330.000       -6230.000 
-12435  
-1  12  64          -37.697          4           4.238         64          63.998          23.803         -58.152      -11640.000       -5074.000       -1283.000       13703.000        4958.000       -5405.000       -8794.000       -1471.000 
-12435  
-1  22  65          -38.207         12          12.076         64          63.998          30.271         -46.560      -31641.000      -30229.000        -598.000       42583.000       31303.000      -33300.000      -32063.000      -11710.000 
-12435  
-1  12  66          -37.317          4           4.213         64          64.003          23.711         -58.200      -10880.000       -5052.000        -806.000       13458.000        5700.000       -5371.000       -9332.000       -2119.000 
-12435  
-1  22  67          -38.080         12          12.072         64          64.002          29.952         -46.545      -30656.000      -30867.000       -3005.000       42458.000       32604.000      -33181.000      -31096.000      -13108.000 
-12435  
-1  12  68          -37.073          4           4.233         64          64.008          23.891         -58.106      -11226.000       -5615.000       -1958.000       13662.000        5869.000       -5430.000       -8478.000       -2282.000 
-12435  
-1  22  69          -38.127         12          12.068         64          64.003          30.275         -46.545      -33685.000      -28077.000         747.000       41957.000       30025.000      -35671.000      -32399.000       -9931.000 
-12435  
-1  12  70          -36.970          4           4.237         64          63.994          23.625         -58.416      -10222.000       -5490.000       -1923.000       13522.000        5975.000       -5389.000       -8088.000       -2026.000 
-12435  
-1  22  71          -38.083         12          12.073         64          63.995          30.098         -46.580      -32263.000      -29299.000        -247.000       42346.000       30986.000      -34138.000      -31672.000      -11386.000 
-12435  
-1  12  72          -37.070          4           4.251         64          63.975          23.531         -58.413       -9904.000       -6089.000       -1990.000       13542.000        6545.000       -4171.000       -8324.000       -1909.000 
-12435  
-1  22  73          -38.177         12          12.076         64          64.017          30.330         -46.537      -34810.000      -26124.000        3485.000       42693.000       26982.000      -37498.000      -33062.000       -7901.000 
-12435  
-1  12  74          -36.973          4           4.216         64          63.996          23.645         -58.335      -10045.000       -5441.000       -1647.000       13728.000        6328.000       -4883.000       -8609.000       -2074.000 
-12435  
-1  22  75          -38.193         12          12.073         64          64.001          30.129         -46.521      -32690.000      -29836.000       -1094.000       42799.000       30671.000      -33674.000      -32299.000      -11636.000 
-12435  
-1  12  76          -37.140          4           4.214         64          64.000          24.108         -58.179      -10849.000       -5050.000        -967.000       14145.000        5806.000       -5018.000       -8726.000       -1313.000 
-12435  
-1  22  77          -38.097         12          12.073         64          63.994          30.118         -46.557      -34722.000      -27102.000        3109.000       42570.000       28289.000      -35751.000      -32596.000       -9171.000 
-12435  
-1  12  78          -36.953          4           4.250         64          64.017          23.666         -58.339      -10400.000       -5490.000       -1266.000       13684.000        6278.000       -5084.000       -8238.000       -1803.000 
-12435  
-1  22  79          -38.073         12          12.058         64          64.002          30.399         -46.600      -31617.000      -30580.000       -1826.000       41883.000       32360.000      -32841.000      -30781.000      -12379.000 
-12435  
-1  12  80          -37.080          4           4.227         64          64.015          23.934         -58.186      -11009.000       -5280.000       -1328.000       13602.000        6097.000       -5432.000       -8628.000       -1802.000 
-12435  
-1  22  81          -38.170         12          12.069         64          64.003          30.306         -46.559      -37701.000      -22279.000        7656.000       41218.000       24128.000      -39421.000      -33968.000       -4313.000 
-12435  
-1  12  82          -37.017          4           4.217         64          64.019          23.881         -58.150      -10465.000       -5987.000       -1874.000       13986.000        6564.000       -4524.000       -8497.000       -1978.000 
-12435  
-1  22  83          -38.110         12          12.078         64          64.001          30.460         -46.483      -35456.000      -25888.000        5302.000       42179.000       27186.000      -38304.000      -33253.000       -7809.000 
-12435  
-1  12  84          -37.273          4           4.233         64          63.988          23.670         -58.205      -11159.000       -5831.000       -2005.000       13840.000        5505.000       -4957.000       -8107.000       -1850.000 
-12435  
-1  22  85          -38.000         12          12.073         64          64.000          30.070         -46.504      -36221.000      -23703.000        5719.000       42539.000       25615.000      -39262.000      -33378.000       -6773.000 
-12435  
-1  12  86          -37.607          4           4.242         64          63.990          23.866         -58.369      -10555.000       -5765.000       -1947.000       13130.000        5955.000       -5241.000       -8563.000       -1798.000 
-12435  
-1  22  87          -38.183         12          12.071         64          64.011          30.404         -46.543      -33720.000      -28350.000        1441.000       41835.000       29397.000      -35333.000      -32979.000      -10820.000 
-12435  
-1  12  88          -37.037          4           4.226         64          64.011          23.562         -58.274      -10703.000       -5202.000        -878.000       13942.000        5653.000       -4828.000       -8637.000       -1974.000 
-12435  
-1  22  89          -38.047         12          12.072         64          64.003          29.994         -46.581      -32654.000      -28722.000         386.000       42140.000       30367.000      -34777.000      -31880.000      -11565.000 
-12435  
-1  12  90          -37.613          4           4.237         64          64.012          23.590         -58.348      -11005.000       -4870.000        -660.000       13397.000        5822.000       -5125.000       -8777.000        -792.000 
-12435  
-1  22  91          -38.260         12          12.070         64          64.002          30.036         -46.635      -32152.000      -29384.000       -1315.000       42090.000       30622.000      -33283.000      -32094.000      -10840.000 
-12435  
-1  12  92          -37.563          4           4.206         64          63.987          23.742         -58.237      -10606.000       -5476.000       -1435.000       13849.000        5513.000       -5534.000       -8649.000       -1565.000 
-12435  
-1  22  93          -38.187         12          12.068         64          63.998          29.934         -46.582      -36935.000      -23884.000        6701.000       41495.000       25180.000      -38431.000      -33230.000       -5447.000 
-12435  
-1  12  94          -37.093          4           4.250         64          63.996          23.648         -58.290      -10710.000       -5513.000        -763.000       13795.000        5566.000       -4849.000       -8550.000       -2292.000 
-12435  
-1  22  95          -38.270         12          12.064         64          64.004          30.435         -46.531      -33517.000      -28564.000         872.000       41633.000       30444.000      -34921.000      -33279.000      -10114.000 
-12435  
-1  12  96          -36.597          4           4.208         64          63.997          23.415         -58.375      -10502.000       -5330.000       -2428.000       13607.000        6353.000       -4281.000       -8172.000       -2114.000 
-12435  
-1  22  97          -38.110         12          12.073         64          64.003          30.361         -46.584      -33036.000      -29742.000         392.000       42445.000       29765.000      -34774.000      -30674.000      -11377.000 
-12435  
-1  12  98          -36.903          4           4.221         64          63.995          23.686         -58.288       -9883.000       -5767.000       -2788.000       14061.000        6206.000       -4521.000       -8293.000       -2200.000 
-12435  
-1  22  99          -38.157         12          12.073         64          64.001          30.364         -46.472      -34845.000      -26598.000        3407.000       42621.000       28030.000      -37011.000      -33830.000       -8712.000 
-12435  
