-1  12  1            1.833          3           2.759         64          64.006          24.782         -58.237       -6195.000      -11018.000       -9430.000       -7727.000       -6164.000       -6279.000       -5266.000       -7810.000 
-12435  
-1  22  2          -45.463         12          12.045         64          63.989          24.141         -53.028        -952.000       17867.000        7967.000      -15107.000      -18650.000       15570.000       18623.000        5081.000 
-12435  
-1  12  3            1.750          3           2.810         64          64.001          25.088         -57.972       -6167.000      -10554.000       -9746.000       -8258.000       -6877.000       -6032.000       -5894.000       -8570.000 
-12435  
-1  22  4          -44.583         12          12.039         64          64.017          23.644         -52.950        -144.000       16954.000        7575.000      -16012.000      -19309.000       15913.000       18833.000        4630.000 
-12435  
-1  12  5            1.810          3           2.820         64          64.017          25.098         -58.093       -7360.000      -10579.000       -9651.000       -6594.000       -6321.000       -5941.000       -6925.000       -8044.000 
-12435  
-1  22  6          -44.010         12          12.005         64          64.007          23.820         -53.090        1244.000       16556.000        5643.000      -16697.000      -18624.000       16598.000       18288.000        3066.000 
-12435  
-1  12  7            1.787          3           2.811         64          64.006          24.926         -58.173       -7453.000      -10278.000      -10334.000       -6946.000       -6774.000       -5533.000       -6171.000       -7126.000 
-12435  
-1  22  8          -44.997         12          12.012         64          64.000          23.531         -53.125        -619.000       16984.000        6714.000      -15585.000      -19552.000       15825.000       17815.000        3588.000 
-12435  
-1  12  9            1.737          3           2.786         64          63.986          24.721         -58.188       -7128.000      -10471.000       -9652.000       -7188.000       -6591.000       -6130.000       -6230.000       -7408.000 
-12435  
-1  22  10          -44.653         12          12.018         64          63.995          23.531         -53.137       -1195.000       17404.000        6922.000      -14818.000      -19670.000       14191.000       18110.000        6907.000 
-12435  
-1  12  11            1.883          3           2.776         64          63.999          25.010         -58.034       -6223.000      -10942.000       -9510.000       -8291.000       -6190.000       -6143.000       -5570.000       -8521.000 
-12435  
-1  22  12          -44.870         12          12.030         64          64.006          23.442         -53.195        -974.000       16763.000        8103.000      -14937.000      -20139.000       13799.000       18025.000        4884.000 
-12435  
-1  12  13            1.943          3           2.782         64          64.025          25.031         -58.128       -6527.000      -10764.000       -9784.000       -7342.000       -6655.000       -5950.000       -5511.000       -8277.000 
-12435  
-1  22  14          -44.703         12          12.033         64          63.991          23.827         -53.036        1603.000       17268.000        5967.000      -15996.000      -18379.000       16737.000       18810.000        2833.000 
-12435  
-1  12  15            1.720          3           2.799         64          64.001          25.146         -58.105       -6996.000      -11052.000       -9658.000       -7037.000       -6592.000       -5989.000       -5961.000       -7778.000 
-12435  
-1  22  16          -45.003         12          12.048         64          64.014          23.708         -52.960        1425.000       17374.000        6579.000      -15934.000      -18570.000       17006.000       18976.000        2120.000 
-12435  
-1  12  17            1.820          3           2.797         64          63.991          24.978         -58.116       -7428.000      -10361.000       -9703.000       -7202.000       -6958.000       -5663.000       -6205.000       -7774.000 
-12435  
-1  22  18          -45.243         12          12.036         64          63.994          23.850         -53.108        2076.000       17399.000        4389.000      -16502.000      -15999.000       17817.000       19263.000        1746.000 
-12435  
-1  12  19            1.937          3           2.795         64          64.009          24.708         -58.267       -6937.000      -10551.000       -9532.000       -7466.000       -6131.000       -5754.000       -5693.000       -7884.000 
-12435  
-1  22  20          -45.307         12          12.018         64          63.986          23.963         -53.079       -2415.000       16896.000        8912.000      -15422.000      -19677.000       14179.000       18131.000        5558.000 
-12435  
-1  12  21            1.430          3           2.810         64          64.002          25.094         -57.966       -6681.000      -11113.000       -9232.000       -7785.000       -6692.000       -6332.000       -6139.000       -8282.000 
-12435  
-1  22  22          -45.237         12          12.030         64          63.995          23.657         -53.057       -1011.000       16806.000        7288.000      -14895.000      -19895.000       14513.000       19450.000        4590.000 
-12435  
-1  12  23            1.833          3           2.792         64          64.029          24.806         -58.193       -6853.000      -10302.000      -10054.000       -7334.000       -6455.000       -5930.000       -6156.000       -7531.000 
-12435  
-1  22  24          -44.927         12          12.026         64          63.998          23.890         -52.940        1181.000       17350.000        5931.000      -16362.000      -18551.000       16150.000       19687.000        2990.000 
-12435  
-1  12  25            1.710          3           2.780         64          63.998          25.109         -58.013       -7071.000      -10769.000       -9680.000       -7603.000       -6864.000       -6334.000       -6045.000       -7646.000 
-12435  
-1  22  26          -45.080         12          12.036         64          64.014          23.419         -53.228        1468.000       17615.000        5279.000      -15329.000      -17902.000       16271.000       18343.000        2611.000 
-12435  
-1  12  27            1.850          3           2.815         64          63.981          24.928         -58.127       -7341.000      -10723.000       -9972.000       -6667.000       -6540.000       -5541.000       -6241.000       -7846.000 
-12435  
-1  22  28          -44.760         12          12.024         64          64.014          23.801         -52.891         754.000       18020.000        6160.000      -16073.000      -19214.000       16190.000       18853.000        4124.000 
-12435  
-1  12  29            1.910          3           2.786         64          63.995          24.647         -58.399       -6627.000      -10141.000       -9454.000       -7556.000       -6174.000       -5532.000       -5730.000       -7897.000 
-12435  
-1  22  30          -45.097         12          12.029         64          64.005          23.774         -53.086        1636.000       17245.000        4637.000      -16968.000      -16920.000       17599.000       18621.000        1283.000 
-12435  
-1  12  31            1.850          3           2.790         64          64.001          25.141         -58.048       -7122.000      -10560.000       -9541.000       -7627.000       -6855.000       -5860.000       -6030.000       -8156.000 
-12435  
-1  22  32          -45.207         12          12.048         64          64.017          23.643         -53.040        -506.000       17987.000        7586.000      -15700.000      -19760.000       13617.000       18677.000        4224.000 
-12435  
-1  12  33            1.707          3           2.782         64          64.008          24.619         -58.225       -7020.000      -10241.000       -9874.000       -6697.000       -6885.000       -5909.000       -6440.000       -7455.000 
-12435  
-1  22  34          -44.740         12          12.041         64          63.986          23.994         -52.883        1058.000       17597.000        6741.000      -16545.000      -18511.000       16779.000       19020.000        3490.000 
-12435  
-1  12  35            1.900          3           2.802         64          64.024          25.340         -57.987       -7325.000      -10802.000       -9899.000       -7094.000       -6690.000       -6321.000       -6200.000       -7803.000 
-12435  
-1  22  36          -45.257         12          12.024         64          64.005          23.725         -53.005         783.000       18051.000        5737.000      -15984.000      -18502.000       16893.000       18296.000        2381.000 
-12435  
-1  12  37            1.900          3           2.776         64          64.010          25.033         -57.896       -7391.000      -11000.000       -9638.000       -8031.000       -6483.000       -6392.000       -5919.000       -7903.000 
-12435  
-1  22  38          -44.663         12          12.014         64          63.988          23.666         -53.038        -451.000       17513.000        7050.000      -15619.000      -19903.000       14366.000       18425.000        5345.000 
-12435  
-1  12  39            1.847          3           2.802         64          64.018          24.865         -58.107       -6801.000      -10479.000       -9815.000       -7602.000       -6646.000       -6173.000       -5990.000       -7784.000 
-12435  
-1  22  40          -45.207         12          12.023         64          64.001          23.566         -53.144         246.000       16836.000        6271.000      -15897.000      -18208.000       16147.000       18926.000        2691.000 
-12435  
-1  12  41            1.880          3           2.808         64          64.007          24.883         -58.136       -7305.000      -10588.000       -9860.000       -7187.000       -6585.000       -5591.000       -5987.000       -7808.000 
-12435  
-1  22  42          -44.620         12          12.044         64          64.005          23.553         -53.109         919.000       17187.000        6132.000      -15791.000      -18232.000       16882.000       18216.000        3653.000 
-12435  
-1  12  43            1.230          3           2.808         64          63.993          24.839         -58.087       -6818.000      -10564.000       -9469.000       -7253.000       -7009.000       -6175.000       -6583.000       -7767.000 
-12435  
-1  22  44          -45.277         12          12.039         64          63.999          23.826         -52.950        -850.000       17704.000        7142.000      -15666.000      -19754.000       14992.000       18947.000        4305.000 
-12435  
-1  12  45            2.040          3           2.793         64          64.012          24.838         -58.086       -7346.000      -10484.000      -10140.000       -7222.000       -6581.000       -5863.000       -5724.000       -7876.000 
-12435  
-1  22  46          -45.157         12          12.020         64          63.996          23.882         -52.926        -975.000       17724.000        7932.000      -15469.000      -19529.000       15242.000       18840.000        5109.000 
-12435  
-1  12  47            1.803          3           2.827         64          64.006          25.144         -57.946       -7602.000      -10708.000       -9947.000       -6981.000       -6474.000       -5849.000       -6861.000       -8006.000 
-12435  
-1  22  48          -45.043         12          12.021         64          63.994          23.614         -53.099        2814.000       17923.000        4940.000      -16237.000      -16198.000       17668.000       18801.000        1966.000 
-12435  
-1  12  49            1.973          3           2.779         64          64.002          24.843         -58.173       -6924.000      -10404.000       -9789.000       -7548.000       -6467.000       -6178.000       -5693.000       -7758.000 
-12435  
-1  22  50          -44.290         12          12.041         64          64.002          23.822         -53.051         631.000       17023.000        6000.000      -15303.000      -19293.000       16194.000       18745.000        4506.000 
-12435  
-1  12  51            1.937          3           2.776         64          63.988          24.536         -58.293       -6766.000      -10378.000       -9481.000       -7188.000       -6388.000       -5909.000       -5815.000       -7993.000 
-12435  
-1  22  52          -45.137         12          12.027         64          63.993          23.713         -53.033        1501.000       17804.000        5704.000      -15844.000      -18013.000       16045.000       19488.000        2880.000 
-12435  
-1  12  53            1.303          3           2.778         64          63.994          24.893         -58.071       -6464.000      -11136.000       -9759.000       -7878.000       -6287.000       -5935.000       -5921.000       -7755.000 
-12435  
-1  22  54          -44.837         12          12.024         64          63.994          23.796         -52.904        1765.000       18185.000        5912.000      -16042.000      -18323.000       16396.000       19415.000        3563.000 
-12435  
-1  12  55            1.917          3           2.805         64          63.999          24.922         -57.972       -6841.000      -10537.000      -10033.000       -8107.000       -6739.000       -6209.000       -5760.000       -7942.000 
-12435  
-1  22  56          -44.970         12          12.035         64          64.009          23.855         -52.955         572.000       17954.000        5616.000      -16088.000      -18535.000       16424.000       18947.000        4004.000 
-12435  
-1  12  57            1.920          3           2.776         64          63.996          24.653         -58.292       -6398.000      -10307.000       -9743.000       -7382.000       -6327.000       -5857.000       -5781.000       -8013.000 
-12435  
-1  22  58          -45.697         12          12.015         64          63.994          23.836         -52.928        -833.000       18158.000        7697.000      -15265.000      -19525.000       14290.000       19531.000        4662.000 
-12435  
-1  12  59            1.180          3           2.793         64          64.018          24.750         -58.161       -6913.000      -10728.000       -9599.000       -7805.000       -6511.000       -5540.000       -6084.000       -7547.000 
-12435  
-1  22  60          -45.197         12          12.057         64          64.001          23.832         -52.760        -979.000       17597.000        7814.000      -14802.000      -20594.000       15496.000       19824.000        5175.000 
-12435  
-1  12  61            1.913          3           2.803         64          64.022          25.132         -58.039       -7398.000      -10554.000       -9759.000       -7202.000       -6925.000       -6201.000       -6056.000       -7770.000 
-12435  
-1  22  62          -44.763         12          12.040         64          63.993          23.702         -52.885        -860.000       17833.000        6958.000      -16067.000      -20474.000       14735.000       18381.000        5302.000 
-12435  
-1  12  63            1.223          3           2.810         64          63.998          25.031         -58.040       -6922.000      -11086.000       -9743.000       -7111.000       -6790.000       -5497.000       -6335.000       -7992.000 
-12435  
-1  22  64          -44.317         12          12.030         64          64.018          23.598         -53.091        -566.000       17136.000        7919.000      -15457.000      -19543.000       15618.000       17408.000        5247.000 
-12435  
-1  12  65            1.947          3           2.807         64          64.007          25.337         -57.894       -7491.000      -10508.000      -10420.000       -7680.000       -6956.000       -5744.000       -5987.000       -7890.000 
-12435  
-1  22  66          -45.050         12          12.027         64          64.000          23.657         -53.041       -1760.000       17051.000        8720.000      -14511.000      -20862.000       13636.000       18383.000        5505.000 
-12435  
-1  12  67            1.873          3           2.791         64          63.995          24.615         -58.140       -7141.000      -10432.000      -10010.000       -7146.000       -6605.000       -5742.000       -6145.000       -7734.000 
-12435  
-1  22  68          -44.723         12          12.036         64          63.997          23.942         -52.992        1003.000       17256.000        5453.000      -15766.000      -18857.000       17338.000       18566.000        3152.000 
-12435  
-1  12  69            1.880          3           2.790         64          64.005          24.824         -58.304       -7222.000      -10517.000       -9589.000       -7157.000       -5869.000       -5938.000       -6101.000       -7381.000 
-12435  
-1  22  70          -44.280         12          12.018         64          64.016          23.580         -53.075         742.000       16547.000        6090.000      -16082.000      -18717.000       16957.000       18432.000        3174.000 
-12435  
-1  12  71            1.653          3           2.793         64          64.018          24.867         -58.151       -6901.000      -10534.000       -9684.000       -7167.000       -6752.000       -5868.000       -6273.000       -7810.000 
-12435  
-1  22  72          -45.310         12          12.038         64          64.009          23.457         -53.155       -1054.000       17629.000        7257.000      -15025.000      -18917.000       15163.000       18078.000        4953.000 
-12435  
-1  12  73            1.813          3           2.798         64          64.003          24.635         -58.228       -6600.000      -10745.000       -9653.000       -7266.000       -6117.000       -6013.000       -5975.000       -7830.000 
-12435  
-1  22  74          -44.850         12          12.033         64          64.029          23.757         -52.958         717.000       17858.000        6521.000      -15388.000      -18528.000       16687.000       18952.000        4535.000 
-12435  
-1  12  75            1.883          3           2.812         64          64.005          25.369         -58.003       -6966.000      -10903.000       -9990.000       -7202.000       -6566.000       -6015.000       -6067.000       -8103.000 
-12435  
-1  22  76          -45.677         12          12.062         64          64.007          23.688         -52.968       -1340.000       17591.000        7654.000      -15041.000      -19721.000       15016.000       19099.000        4638.000 
-12435  
-1  12  77            1.587          3           2.803         64          64.000          24.842         -58.067       -7301.000      -10658.000       -9992.000       -7335.000       -6956.000       -5616.000       -6060.000       -7506.000 
-12435  
-1  22  78          -44.400         12          12.023         64          64.013          23.687         -53.039         873.000       16985.000        6111.000      -15666.000      -17960.000       17448.000       18777.000        4382.000 
-12435  
-1  12  79            1.930          3           2.818         64          63.996          25.023         -58.072       -7041.000      -10590.000       -9835.000       -7302.000       -6619.000       -5928.000       -6015.000       -8124.000 
-12435  
-1  22  80          -44.380         12          12.026         64          64.003          23.585         -53.063        -167.000       17342.000        7156.000      -16038.000      -19570.000       14981.000       17971.000        4733.000 
-12435  
-1  12  81            1.493          3           2.808         64          64.000          24.844         -58.146       -6944.000      -10625.000       -9684.000       -7435.000       -6795.000       -5750.000       -6042.000       -7660.000 
-12435  
-1  22  82          -44.647         12          12.034         64          63.998          23.522         -53.098         642.000       17380.000        7166.000      -16176.000      -18616.000       15957.000       17875.000        3634.000 
-12435  
-1  12  83            1.667          3           2.786         64          64.003          24.718         -58.204       -6726.000      -10803.000       -9422.000       -6844.000       -6525.000       -5637.000       -6212.000       -8229.000 
-12435  
-1  22  84          -45.137         12          12.040         64          63.997          23.600         -52.995         261.000       17282.000        6678.000      -15087.000      -18492.000       17109.000       19141.000        3823.000 
-12435  
-1  12  85            1.927          3           2.768         64          63.994          25.090         -58.194       -6938.000      -10581.000       -9791.000       -7189.000       -6498.000       -5708.000       -5771.000       -7974.000 
-12435  
-1  22  86          -44.823         12          12.018         64          63.992          23.473         -53.077        -900.000       17095.000        7486.000      -15637.000      -19863.000       14542.000       18213.000        5075.000 
-12435  
-1  12  87            1.707          3           2.794         64          64.001          24.886         -58.179       -6892.000      -10418.000       -9781.000       -7644.000       -6735.000       -5458.000       -5895.000       -7806.000 
-12435  
-1  22  88          -44.953         12          12.004         64          64.002          23.595         -53.155        -379.000       17032.000        7527.000      -15545.000      -19042.000       15098.000       18231.000        4221.000 
-12435  
-1  12  89            1.777          3           2.788         64          63.981          24.978         -58.005       -7245.000      -11019.000       -9789.000       -7195.000       -6750.000       -5835.000       -6028.000       -7948.000 
-12435  
-1  22  90          -45.340         12          12.032         64          64.007          23.740         -53.219       -1215.000       18145.000        7858.000      -14040.000      -19915.000       13546.000       17601.000        5256.000 
-12435  
-1  12  91            1.850          3           2.783         64          64.014          24.757         -58.128       -6514.000      -10644.000       -9615.000       -7502.000       -6561.000       -6272.000       -5901.000       -8061.000 
-12435  
-1  22  92          -45.033         12          12.020         64          64.015          23.861         -52.912          91.000       17468.000        6201.000      -15883.000      -19623.000       16589.000       18756.000        3059.000 
-12435  
-1  12  93            1.980          3           2.816         64          64.015          24.838         -58.175       -7071.000      -10307.000      -10383.000       -6961.000       -6426.000       -5666.000       -6023.000       -7698.000 
-12435  
-1  22  94          -45.157         12          12.024         64          64.000          24.173         -52.986        -251.000       17966.000        7709.000      -15089.000      -19573.000       14806.000       18891.000        4571.000 
-12435  
-1  12  95            1.867          3           2.796         64          64.015          24.838         -58.122       -6987.000      -10489.000       -9791.000       -6973.000       -6851.000       -5976.000       -6168.000       -7958.000 
-12435  
-1  22  96          -44.807         12          12.023         64          63.993          23.744         -52.991         265.000       17112.000        6123.000      -15400.000      -19268.000       16524.000       18969.000        4075.000 
-12435  
-1  12  97            1.747          3           2.801         64          64.008          25.075         -58.053       -6860.000      -10661.000      -10173.000       -7473.000       -6538.000       -5754.000       -6183.000       -7809.000 
-12435  
-1  22  98          -44.993         12          12.003         64          64.030          23.522         -53.110       -1540.000       17054.000        7940.000      -15914.000      -19977.000       14300.000       17639.000        4587.000 
-12435  
-1  12  99            1.933          3           2.794         64          64.019          24.796         -58.162       -7088.000      -10501.000       -9584.000       -7479.000       -6446.000       -5910.000       -5878.000       -7968.000 
-12435  
