-1  12  1          -59.347          4           4.079         64          63.985          18.547         -63.422         586.000       -4781.000         173.000        4401.000         838.000       -7243.000       -5601.000        4086.000 
-12435  
-1  22  2          -52.160         12          11.976         64          64.009          15.881         -60.615        7857.000        6696.000       -1662.000       -8754.000        1350.000        7461.000          75.000       -5570.000 
-12435  
-1  12  3          -55.480          4           4.082         64          64.003          18.261         -63.768         484.000       -4316.000        -234.000        4219.000        2543.000       -6461.000       -5963.000        3511.000 
-12435  
-1  22  4          -48.000         12          11.963         64          64.054          15.843         -60.963        7721.000        5611.000       -2853.000       -8831.000         376.000        7372.000         -79.000       -4652.000 
-12435  
-1  12  5          -58.797          4           4.099         64          64.049          18.395         -64.028         142.000       -3972.000         669.000        4196.000         706.000       -6704.000       -4662.000        4904.000 
-12435  
-1  22  6          -50.600         12          11.983         64          63.962          15.679         -61.102        7962.000        4772.000       -2563.000       -8105.000        1885.000        7336.000         -68.000       -5439.000 
-12435  
-1  12  7          -53.210          4           4.118         64          64.034          18.240         -63.922        -619.000       -3570.000         839.000        4537.000         -89.000       -6859.000       -4798.000        4868.000 
-12435  
-1  22  8          -52.187         12          11.979         64          64.055          15.779         -61.065        8509.000        3895.000       -4274.000       -7416.000        3556.000        6759.000       -1563.000       -5084.000 
-12435  
-1  12  9          -58.040          4           4.128         64          64.000          18.244         -63.843        -484.000       -4832.000         972.000        4227.000         295.000       -6755.000       -4425.000        4778.000 
-12435  
-1  22  10          -49.407         12          11.988         64          63.992          16.234         -60.527        7294.000        6467.000       -1996.000       -9281.000        1529.000        8373.000         493.000       -4715.000 
-12435  
-1  12  11          -57.780          4           4.082         64          64.016          18.161         -63.823         317.000       -4499.000         263.000        4260.000        1096.000       -6744.000       -5465.000        4004.000 
-12435  
-1  22  12          -50.697         12          11.985         64          64.026          15.899         -60.773        7133.000        6794.000       -2052.000       -8984.000         613.000        7387.000         831.000       -5202.000 
-12435  
-1  12  13          -59.087          4           4.133         64          64.051          18.176         -63.658         708.000       -4727.000         685.000        4505.000        1130.000       -7341.000       -4645.000        3980.000 
-12435  
-1  22  14          -49.277         12          12.000         64          63.979          15.770         -60.891        8494.000        4638.000       -3817.000       -8260.000        2482.000        7294.000        -559.000       -4629.000 
-12435  
-1  12  15          -57.183          4           4.191         64          64.017          18.620         -63.624          66.000       -4468.000         908.000        4299.000         734.000       -7132.000       -5173.000        4454.000 
-12435  
-1  22  16          -51.217         12          11.978         64          63.952          15.543         -61.098        7559.000        5358.000       -2973.000       -8497.000        1707.000        7090.000       -1009.000       -4950.000 
-12435  
-1  12  17          -55.973          4           4.099         64          64.009          18.296         -63.577        -760.000       -4342.000         838.000        4283.000         271.000       -7014.000       -4889.000        5208.000 
-12435  
-1  22  18          -52.430         12          12.006         64          64.029          16.397         -60.641        8815.000        5620.000       -3432.000       -7971.000        2448.000        7293.000       -1133.000       -5271.000 
-12435  
-1  12  19          -58.017          4           4.148         64          63.968          18.560         -63.419         -92.000       -4615.000        1139.000        4459.000         -12.000       -7557.000       -4618.000        4796.000 
-12435  
-1  22  20          -52.180         12          11.958         64          64.003          15.984         -60.725        7459.000        6580.000       -2257.000       -8373.000        1804.000        7352.000        1422.000       -5846.000 
-12435  
-1  12  21          -54.100          4           4.124         64          63.980          18.851         -63.626         -71.000       -4063.000        1242.000        4557.000         653.000       -7420.000       -4834.000        4421.000 
-12435  
-1  22  22          -49.520         12          11.971         64          64.035          16.018         -60.683        8197.000        5513.000       -3260.000       -8712.000        1721.000        7714.000        -483.000       -4838.000 
-12435  
-1  12  23          -60.430          4           4.073         64          63.994          18.171         -63.782         561.000       -4469.000         545.000        4177.000         806.000       -7021.000       -4954.000        4456.000 
-12435  
-1  22  24          -50.213         12          11.974         64          64.000          16.049         -60.471        8266.000        5366.000       -3754.000       -8659.000        2522.000        7944.000         -16.000       -5296.000 
-12435  
-1  12  25          -56.213          4           4.155         64          64.008          18.653         -63.543        -282.000       -4389.000         593.000        4337.000         310.000       -7505.000       -4906.000        4567.000 
-12435  
-1  22  26          -51.797         12          12.019         64          64.027          15.839         -60.916        7793.000        5206.000       -2631.000       -8699.000        1716.000        7152.000        -817.000       -5557.000 
-12435  
-1  12  27          -55.910          4           4.106         64          63.990          18.569         -63.407        -236.000       -4312.000         171.000        4643.000         632.000       -7530.000       -5017.000        4668.000 
-12435  
-1  22  28          -48.203         12          11.963         64          64.016          15.908         -60.667        8950.000        4730.000       -3801.000       -8082.000        1765.000        7894.000          50.000       -4854.000 
-12435  
-1  12  29          -58.317          4           4.169         64          64.000          18.423         -63.459         295.000       -4842.000         436.000        4588.000        1096.000       -7158.000       -5112.000        4386.000 
-12435  
-1  22  30          -53.513         12          12.015         64          63.999          16.559         -60.406        7810.000        6511.000       -3214.000       -8481.000        1095.000        7849.000        -717.000       -6250.000 
-12435  
-1  12  31          -57.940          4           4.058         64          64.002          18.035         -63.928         228.000       -4545.000          68.000        4617.000          34.000       -7055.000       -4723.000        3727.000 
-12435  
-1  22  32          -50.067         12          11.956         64          64.050          15.906         -61.041        7707.000        5660.000       -2488.000       -8437.000        1595.000        7320.000         277.000       -4883.000 
-12435  
-1  12  33          -59.043          4           4.121         64          64.030          18.356         -63.619         142.000       -4691.000        1058.000        4483.000         315.000       -6868.000       -5074.000        4601.000 
-12435  
-1  22  34          -49.503         12          11.946         64          64.018          15.776         -60.907        7513.000        5743.000       -3182.000       -8599.000         771.000        7440.000         652.000       -5172.000 
-12435  
-1  12  35          -51.610          4           4.108         64          63.992          18.308         -63.718        -899.000       -3684.000         844.000        4281.000         642.000       -7105.000       -5240.000        4752.000 
-12435  
-1  22  36          -48.760         12          11.923         64          63.979          15.357         -61.183        8105.000        5058.000       -2880.000       -8457.000        1156.000        6820.000          80.000       -4680.000 
-12435  
-1  12  37          -60.680          4           4.155         64          63.990          18.569         -63.507         432.000       -4641.000         214.000        4619.000         569.000       -7401.000       -4495.000        4756.000 
-12435  
-1  22  38          -50.920         12          11.985         64          64.021          16.023         -60.842        7725.000        6269.000       -2608.000       -7726.000        1526.000        8048.000         732.000       -5234.000 
-12435  
-1  12  39          -56.593          4           4.109         64          63.990          18.016         -63.929        -112.000       -4369.000         890.000        4244.000         461.000       -6754.000       -5155.000        4201.000 
-12435  
-1  22  40          -50.870         12          11.949         64          63.992          15.885         -60.859        7239.000        6122.000       -1541.000       -9014.000        1528.000        7575.000         187.000       -5118.000 
-12435  
-1  12  41          -55.153          4           4.103         64          64.030          18.016         -63.689         -69.000       -4747.000         505.000        4417.000        1022.000       -7194.000       -5235.000        3568.000 
-12435  
-1  22  42          -50.900         12          11.946         64          64.000          15.786         -61.160        7951.000        4880.000       -3433.000       -7581.000        2567.000        7231.000         106.000       -5191.000 
-12435  
-1  12  43          -60.330          4           4.120         64          64.021          18.541         -63.540         465.000       -4781.000         698.000        4458.000         536.000       -6944.000       -5240.000        4533.000 
-12435  
-1  22  44          -50.890         12          11.962         64          64.009          16.061         -60.724        8194.000        5707.000       -3450.000       -7892.000        1277.000        7973.000        -613.000       -5310.000 
-12435  
-1  12  45          -57.393          4           4.152         64          64.011          18.476         -63.813         170.000       -4568.000         864.000        4219.000        1347.000       -6773.000       -5053.000        4332.000 
-12435  
-1  22  46          -52.990         12          11.979         64          63.997          15.745         -60.859        7728.000        5715.000       -3552.000       -7906.000        2647.000        7375.000        -475.000       -5511.000 
-12435  
-1  12  47          -61.163          4           4.180         64          63.990          18.696         -63.347         366.000       -5021.000         293.000        3781.000         482.000       -7844.000       -4905.000        4559.000 
-12435  
-1  22  48          -52.140         12          11.988         64          63.981          16.079         -60.847        7569.000        5901.000       -3052.000       -8363.000        2146.000        7350.000          66.000       -5496.000 
-12435  
-1  12  49          -57.213          4           4.170         64          64.007          18.480         -63.418         141.000       -4839.000         697.000        4455.000         684.000       -7286.000       -5490.000        4062.000 
-12435  
-1  22  50          -48.680         12          11.925         64          64.014          15.706         -60.996        7695.000        4984.000       -3695.000       -8678.000        1489.000        7371.000        -349.000       -4662.000 
-12435  
-1  12  51          -57.303          4           4.163         64          64.010          18.947         -63.169          47.000       -4964.000         601.000        5200.000         547.000       -6894.000       -5737.000        4433.000 
-12435  
-1  22  52          -48.223         12          11.984         64          63.961          15.801         -61.237        7256.000        5371.000       -3088.000       -8147.000        1088.000        7745.000         442.000       -4370.000 
-12435  
-1  12  53          -57.597          4           4.187         64          64.033          17.977         -63.786        -368.000       -4664.000         456.000        3919.000         518.000       -7361.000       -4436.000        4547.000 
-12435  
-1  22  54          -47.023         12          11.953         64          64.026          15.982         -60.855        7215.000        5853.000       -2605.000       -8831.000         243.000        8369.000         102.000       -4301.000 
-12435  
-1  12  55          -53.517          4           4.192         64          63.996          18.656         -63.467        -971.000       -4201.000         997.000        4702.000         269.000       -7318.000       -4749.000        4946.000 
-12435  
-1  22  56          -48.320         12          11.934         64          63.986          15.635         -61.080        8473.000        3515.000       -4388.000       -8012.000        2963.000        7025.000        -566.000       -4533.000 
-12435  
-1  12  57          -56.747          4           4.179         64          64.009          18.705         -63.641        -130.000       -4721.000         288.000        4085.000         938.000       -6959.000       -5567.000        4167.000 
-12435  
-1  22  58          -48.443         12          11.967         64          63.991          15.767         -61.002        8591.000        5896.000       -3348.000       -8266.000        1626.000        6683.000         506.000       -3924.000 
-12435  
-1  12  59          -53.857          4           4.096         64          63.974          18.010         -64.136        -403.000       -4302.000        1368.000        4137.000         697.000       -6707.000       -4980.000        3752.000 
-12435  
-1  22  60          -50.383         12          11.904         64          64.024          16.268         -60.669        7426.000        6574.000       -2437.000       -8861.000        1268.000        7929.000           9.000       -4874.000 
-12435  
-1  12  61          -58.493          4           4.142         64          63.987          18.335         -63.583           6.000       -5131.000         899.000        3750.000        1328.000       -6771.000       -5334.000        4618.000 
-12435  
-1  22  62          -51.243         12          11.973         64          64.000          15.692         -60.806        8317.000        5418.000       -2663.000       -8750.000        1893.000        6901.000        -257.000       -5402.000 
-12435  
-1  12  63          -55.913          4           4.129         64          64.024          18.239         -63.689         -80.000       -4063.000         528.000        4471.000         415.000       -7114.000       -5232.000        4505.000 
-12435  
-1  22  64          -49.900         12          12.012         64          63.973          15.785         -60.860        7101.000        5479.000       -2414.000       -9219.000        1296.000        7439.000        1008.000       -5491.000 
-12435  
-1  12  65          -57.607          4           4.157         64          64.013          18.626         -63.397        -226.000       -5300.000         843.000        4614.000         388.000       -7130.000       -4993.000        4310.000 
-12435  
-1  22  66          -51.863         12          11.968         64          64.001          15.919         -60.693        8249.000        5642.000       -3391.000       -8088.000        1706.000        7617.000        -614.000       -5611.000 
-12435  
-1  12  67          -55.327          4           4.071         64          64.030          18.623         -63.690         -72.000       -4189.000         637.000        4318.000        1276.000       -7131.000       -5122.000        4460.000 
-12435  
-1  22  68          -52.600         12          11.987         64          64.054          16.236         -60.670        8135.000        5512.000       -2810.000       -8691.000        2486.000        7179.000        -493.000       -5753.000 
-12435  
-1  12  69          -55.893          4           4.121         64          64.045          18.667         -63.290          50.000       -4182.000         833.000        4709.000         545.000       -7556.000       -5269.000        4770.000 
-12435  
-1  22  70          -48.013         12          12.012         64          64.002          16.088         -60.725        8006.000        5242.000       -3149.000       -8803.000        1569.000        8075.000         -84.000       -4575.000 
-12435  
-1  12  71          -56.320          4           4.177         64          63.999          18.526         -63.438        -161.000       -4821.000        1071.000        4506.000        1564.000       -7159.000       -4785.000        4686.000 
-12435  
-1  22  72          -49.187         12          11.978         64          64.072          16.478         -60.323        8402.000        5584.000       -3454.000       -8625.000        1763.000        8769.000        -737.000       -4993.000 
-12435  
-1  12  73          -57.930          4           4.119         64          64.019          18.510         -63.510         597.000       -4384.000         517.000        4627.000        1267.000       -7343.000       -5111.000        4247.000 
-12435  
-1  22  74          -53.220         12          11.958         64          63.997          16.056         -60.874        7751.000        6108.000       -2268.000       -7856.000        2312.000        7468.000          74.000       -5764.000 
-12435  
-1  12  75          -56.993          4           4.135         64          63.980          18.685         -63.415         -53.000       -4632.000         298.000        4316.000         682.000       -7245.000       -5631.000        4381.000 
-12435  
-1  22  76          -51.280         12          11.997         64          64.006          16.060         -60.715        7886.000        5495.000       -1855.000       -9121.000        2398.000        7331.000         105.000       -5449.000 
-12435  
-1  12  77          -60.640          4           4.121         64          64.012          18.383         -63.645         565.000       -4622.000         233.000        4453.000         408.000       -7250.000       -4853.000        4334.000 
-12435  
-1  22  78          -53.100         12          11.936         64          63.964          15.599         -61.002        7765.000        6540.000       -2970.000       -7837.000        1863.000        7035.000        -773.000       -4922.000 
-12435  
-1  12  79          -57.187          4           4.154         64          63.978          18.329         -63.609        -202.000       -4461.000        1185.000        4690.000         772.000       -6742.000       -4849.000        4984.000 
-12435  
-1  22  80          -51.083         12          11.997         64          64.027          15.952         -60.721        6854.000        6767.000       -2031.000       -8857.000         830.000        8008.000         411.000       -5244.000 
-12435  
-1  12  81          -52.513          4           4.092         64          63.996          18.558         -63.534        -197.000       -3951.000         646.000        4958.000         478.000       -7764.000       -4687.000        4128.000 
-12435  
-1  22  82          -50.477         12          11.941         64          64.060          15.614         -60.892        7852.000        6695.000       -1587.000       -7942.000        1643.000        7701.000        1057.000       -4722.000 
-12435  
-1  12  83          -55.607          4           4.121         64          63.979          18.728         -63.497        -387.000       -4298.000         190.000        4372.000        1229.000       -6928.000       -5505.000        4874.000 
-12435  
-1  22  84          -49.873         12          11.943         64          64.039          15.478         -61.145        6929.000        6142.000       -3391.000       -8009.000        1009.000        7726.000         396.000       -4547.000 
-12435  
-1  12  85          -59.800          4           4.181         64          63.982          18.554         -63.565          54.000       -5156.000         128.000        4240.000         223.000       -7301.000       -4677.000        4400.000 
-12435  
-1  22  86          -52.007         12          11.981         64          64.000          16.156         -60.675        7974.000        5646.000       -3382.000       -8132.000        1862.000        7690.000         -78.000       -5924.000 
-12435  
-1  12  87          -56.090          4           4.248         64          63.989          18.449         -63.565        -376.000       -4675.000         720.000        4279.000        1022.000       -7039.000       -5158.000        4597.000 
-12435  
-1  22  88          -51.017         12          11.964         64          63.985          16.208         -60.708        7357.000        6363.000       -2584.000       -9100.000        1985.000        7490.000         257.000       -4942.000 
-12435  
-1  12  89          -58.983          4           4.200         64          64.000          18.543         -63.483          97.000       -5423.000         596.000        4134.000        1364.000       -7171.000       -4609.000        4518.000 
-12435  
-1  22  90          -52.080         12          11.960         64          63.998          16.093         -60.585        7374.000        6744.000       -2986.000       -9581.000        1848.000        6641.000         453.000       -5301.000 
-12435  
-1  12  91          -57.103          4           4.149         64          64.012          18.272         -63.757        -216.000       -4656.000         924.000        4398.000         425.000       -7089.000       -4612.000        4416.000 
-12435  
-1  22  92          -50.813         12          11.971         64          63.967          16.464         -60.352        8261.000        6343.000       -3263.000       -9187.000        1285.000        7411.000         317.000       -5602.000 
-12435  
-1  12  93          -56.613          4           4.215         64          64.014          19.014         -63.305        -578.000       -5259.000         212.000        3943.000         874.000       -7512.000       -5238.000        4419.000 
-12435  
-1  22  94          -51.280         12          12.000         64          63.973          16.400         -60.666        8351.000        5948.000       -3098.000       -8005.000        2166.000        7824.000        -313.000       -5147.000 
-12435  
-1  12  95          -58.830          4           4.180         64          63.994          18.789         -63.133         167.000       -4969.000        1259.000        4607.000         449.000       -7345.000       -5381.000        4805.000 
-12435  
-1  22  96          -51.173         12          12.012         64          63.988          16.229         -60.591        9506.000        4595.000       -4265.000       -7638.000        2676.000        7106.000        -793.000       -5452.000 
-12435  
-1  12  97          -57.203          4           4.100         64          64.015          18.207         -63.810         -87.000       -4363.000         624.000        4004.000         536.000       -7034.000       -5188.000        4402.000 
-12435  
-1  22  98          -50.583         12          11.946         64          63.946          15.928         -60.883        8431.000        4673.000       -3766.000       -7885.000        3015.000        7291.000        -179.000       -5149.000 
-12435  
-1  12  99          -56.747          4           4.135         64          64.004          18.412         -63.398        -191.000       -4355.000         861.000        4736.000         753.000       -7262.000       -4808.000        5102.000 
-12435  
