-1  12  1           25.073          4           4.295         64          64.003          37.837         -44.013       63124.000       18287.000       -3330.000       61327.000      -32968.000       19534.000      -22479.000      -49866.000 
-12435  
-1  22  2           24.093         12          11.931         64          64.003          42.926         -33.512     -111572.000      153505.000     -169453.000     -110256.000       -2890.000     -152742.000      199246.000      -30593.000 
-12435  
-1  12  3           25.053          4           4.294         64          64.001          37.603         -44.022       63513.000       16220.000       -1640.000       61204.000      -31825.000       20680.000      -24597.000      -49337.000 
-12435  
-1  22  4           24.107         12          11.932         64          64.005          43.345         -33.488     -113629.000      155041.000     -168759.000     -111237.000       -1929.000     -152837.000      198881.000      -30255.000 
-12435  
-1  12  5           25.063          4           4.292         64          63.999          37.913         -43.998       64083.000       15662.000        -870.000       61369.000      -32282.000       20886.000      -24790.000      -48829.000 
-12435  
-1  22  6           24.083         12          11.934         64          64.004          42.785         -33.520     -123607.000      144333.000     -160345.000     -122898.000        9376.000     -152304.000      200399.000      -15587.000 
-12435  
-1  12  7           25.030          4           4.295         64          64.003          37.907         -44.020       63528.000       15803.000       -1151.000       61473.000      -32022.000       20567.000      -25064.000      -48879.000 
-12435  
-1  22  8           24.083         12          11.931         64          63.999          43.158         -33.500     -120078.000      149456.000     -164134.000     -117868.000        3389.000     -152375.000      199827.000      -22666.000 
-12435  
-1  12  9           25.020          4           4.291         64          64.005          37.925         -44.019       64124.000       15729.000        -641.000       61300.000      -31810.000       20581.000      -25449.000      -48298.000 
-12435  
-1  22  10           24.087         12          11.933         64          64.001          42.866         -33.503      -95844.000      164462.000     -179411.000      -92977.000      -17543.000     -151978.000      195124.000      -51178.000 
-12435  
-1  12  11           25.063          4           4.291         64          64.006          38.010         -43.980       63861.000       17045.000       -1600.000       61148.000      -32597.000       19909.000      -24505.000      -49764.000 
-12435  
-1  22  12           24.087         12          11.932         64          64.002          43.097         -33.503     -127163.000      142227.000     -158101.000     -126186.000       13106.000     -152149.000      200984.000      -11706.000 
-12435  
-1  12  13           25.037          4           4.293         64          64.005          37.934         -43.955       63706.000       17804.000       -2919.000       61378.000      -33142.000       20017.000      -23861.000      -50020.000 
-12435  
-1  22  14           24.077         12          11.930         64          64.002          43.008         -33.513     -121207.000      146175.000     -162164.000     -119520.000        6999.000     -153100.000      200790.000      -19602.000 
-12435  
-1  12  15           25.073          4           4.290         64          64.002          37.936         -44.031       64591.000       14006.000         255.000       60865.000      -32058.000       21100.000      -25863.000      -47801.000 
-12435  
-1  22  16           24.087         12          11.931         64          64.001          43.206         -33.498     -121435.000      147515.000     -163685.000     -119448.000        6263.000     -152391.000      200213.000      -19913.000 
-12435  
-1  12  17           25.053          4           4.288         64          64.000          37.868         -43.972       63958.000       15845.000       -1206.000       61427.000      -32329.000       21087.000      -25003.000      -49384.000 
-12435  
-1  22  18           24.097         12          11.934         64          63.999          42.958         -33.501     -123306.000      145745.000     -160887.000     -122012.000        9602.000     -152349.000      201068.000      -16878.000 
-12435  
-1  12  19           25.063          4           4.290         64          64.002          37.768         -43.962       63695.000       17834.000       -2780.000       61366.000      -33299.000       19460.000      -23602.000      -50054.000 
-12435  
-1  22  20           24.080         12          11.933         64          64.004          43.087         -33.488     -125140.000      144912.000     -159966.000     -123784.000        9545.000     -152620.000      201103.000      -15645.000 
-12435  
-1  12  21           25.083          4           4.289         64          64.001          37.870         -44.014       63463.000       17800.000       -2658.000       61141.000      -32823.000       19484.000      -23086.000      -49697.000 
-12435  
-1  22  22           24.087         12          11.932         64          64.001          42.989         -33.493     -108533.000      157383.000     -173166.000     -105841.000       -5520.000     -151532.000      198366.000      -37490.000 
-12435  
-1  12  23           25.033          4           4.294         64          64.004          37.705         -44.038       63583.000       16539.000       -2208.000       60942.000      -32565.000       20372.000      -24259.000      -48784.000 
-12435  
-1  22  24           24.097         12          11.929         64          64.003          42.959         -33.520     -123813.000      145026.000     -160542.000     -123115.000        9134.000     -151383.000      200174.000      -15463.000 
-12435  
-1  12  25           25.063          4           4.295         64          63.996          37.793         -43.981       64227.000       14527.000         305.000       61068.000      -32217.000       21217.000      -26264.000      -48997.000 
-12435  
-1  22  26           24.097         12          11.933         64          64.002          43.044         -33.484      -96115.000      165713.000     -180268.000      -91769.000      -17648.000     -151664.000      195192.000      -52351.000 
-12435  
-1  12  27           25.080          4           4.294         64          64.003          38.089         -44.012       63471.000       15464.000        -641.000       60873.000      -32055.000       21008.000      -25254.000      -49728.000 
-12435  
-1  22  28           24.087         12          11.933         64          64.002          42.877         -33.507     -111922.000      154218.000     -169749.000     -109496.000       -2531.000     -152613.000      198995.000      -32052.000 
-12435  
-1  12  29           25.090          4           4.286         64          64.004          37.948         -43.979       63715.000       16598.000       -1302.000       61354.000      -32413.000       20651.000      -24106.000      -49918.000 
-12435  
-1  22  30           24.090         12          11.931         64          63.999          42.966         -33.501     -109329.000      156718.000     -172070.000     -105286.000       -6364.000     -152641.000      198409.000      -35972.000 
-12435  
-1  12  31           25.107          4           4.291         64          64.002          37.896         -44.015       62494.000       20336.000       -6319.000       60697.000      -33878.000       17395.000      -20899.000      -51146.000 
-12435  
-1  22  32           24.067         12          11.933         64          64.004          42.914         -33.515     -114241.000      152401.000     -168366.000     -112808.000        -922.000     -151809.000      198690.000      -29743.000 
-12435  
-1  12  33           25.087          4           4.298         64          64.005          38.043         -44.024       63251.000       18208.000       -3564.000       60612.000      -33320.000       19249.000      -22729.000      -50052.000 
-12435  
-1  22  34           24.087         12          11.931         64          64.002          43.196         -33.500     -122326.000      146531.000     -161851.000     -121259.000        7973.000     -151968.000      200989.000      -18686.000 
-12435  
-1  12  35           25.010          4           4.297         64          64.002          37.944         -44.007       63624.000       17074.000       -1872.000       61557.000      -32474.000       20759.000      -24000.000      -48748.000 
-12435  
-1  22  36           24.093         12          11.931         64          64.002          42.832         -33.491     -118006.000      150240.000     -164802.000     -115743.000        3409.000     -153671.000      200678.000      -24209.000 
-12435  
-1  12  37           25.033          4           4.294         64          64.005          37.849         -44.045       63686.000       15301.000        -141.000       61166.000      -31730.000       21100.000      -25286.000      -48349.000 
-12435  
-1  22  38           24.087         12          11.935         64          64.002          43.028         -33.501     -129199.000      140839.000     -155554.000     -128852.000       15190.000     -152477.000      200851.000       -8785.000 
-12435  
-1  12  39           25.017          4           4.296         64          64.002          38.129         -43.985       64080.000       15866.000       -1126.000       61489.000      -32216.000       20909.000      -25327.000      -48750.000 
-12435  
-1  22  40           24.113         12          11.932         64          63.999          42.960         -33.508     -126229.000      143454.000     -158010.000     -124692.000       11868.000     -152227.000      201263.000      -12150.000 
-12435  
-1  12  41           25.060          4           4.294         64          64.006          37.898         -44.002       63644.000       14860.000        -133.000       61366.000      -32378.000       21338.000      -25340.000      -48988.000 
-12435  
-1  22  42           24.080         12          11.933         64          64.001          42.819         -33.498     -102370.000      161519.000     -177291.000      -98954.000      -12609.000     -151981.000      195691.000      -44342.000 
-12435  
-1  12  43           25.043          4           4.295         64          64.004          37.878         -44.009       62324.000       20152.000       -4775.000       60962.000      -33590.000       18577.000      -21801.000      -50852.000 
-12435  
-1  22  44           24.100         12          11.932         64          64.005          42.840         -33.504      -93362.000      166554.000     -180507.000      -90743.000      -20215.000     -150954.000      194290.000      -54028.000 
-12435  
-1  12  45           25.080          4           4.292         64          64.001          38.003         -44.026       63144.000       16268.000       -1511.000       60908.000      -32432.000       20112.000      -24559.000      -49913.000 
-12435  
-1  22  46           24.080         12          11.932         64          64.005          42.990         -33.508     -123753.000      145377.000     -160800.000     -122419.000        8328.000     -152110.000      200493.000      -17041.000 
-12435  
-1  12  47           25.037          4           4.292         64          64.001          37.804         -44.012       64060.000       16121.000       -1342.000       61127.000      -32165.000       20697.000      -24838.000      -48697.000 
-12435  
-1  22  48           24.087         12          11.932         64          64.001          43.082         -33.488     -114304.000      153010.000     -167479.000     -113119.000        -107.000     -153392.000      199893.000      -28861.000 
-12435  
-1  12  49           24.990          4           4.299         64          64.002          37.739         -43.984       63734.000       17052.000       -1902.000       61372.000      -32883.000       20744.000      -24627.000      -48949.000 
-12435  
-1  22  50           24.070         12          11.932         64          64.000          42.954         -33.518     -123200.000      145577.000     -161214.000     -121717.000        7479.000     -152387.000      199766.000      -17870.000 
-12435  
-1  12  51           25.023          4           4.293         64          63.998          38.004         -43.962       63966.000       16142.000       -1346.000       61706.000      -32395.000       21136.000      -24978.000      -49166.000 
-12435  
-1  22  52           24.090         12          11.933         64          64.000          42.898         -33.522     -122342.000      145743.000     -160609.000     -122740.000        9394.000     -152232.000      199781.000      -16839.000 
-12435  
-1  12  53           25.050          4           4.292         64          64.003          38.160         -44.028       63101.000       17284.000       -1856.000       61053.000      -32762.000       19871.000      -23899.000      -49574.000 
-12435  
-1  22  54           24.107         12          11.933         64          64.001          42.802         -33.494     -105652.000      159940.000     -174647.000     -102458.000       -9779.000     -150808.000      198037.000      -40674.000 
-12435  
-1  12  55           25.053          4           4.293         64          64.000          37.830         -43.990       62893.000       18912.000       -3648.000       61497.000      -33338.000       19235.000      -22408.000      -50269.000 
-12435  
-1  22  56           24.067         12          11.931         64          64.001          43.284         -33.505     -118955.000      148566.000     -165638.000     -117173.000        3896.000     -152394.000      199745.000      -23541.000 
-12435  
-1  12  57           25.120          4           4.290         64          64.003          37.699         -44.001       63360.000       19031.000       -4028.000       61082.000      -33339.000       18291.000      -21952.000      -50350.000 
-12435  
-1  22  58           24.093         12          11.933         64          64.004          42.867         -33.497     -112513.000      154171.000     -168557.000     -110857.000       -1019.000     -152730.000      199784.000      -31360.000 
-12435  
-1  12  59           25.010          4           4.293         64          64.001          37.660         -44.010       63841.000       15281.000        -691.000       61120.000      -32201.000       21520.000      -25689.000      -48541.000 
-12435  
-1  22  60           24.093         12          11.932         64          64.003          43.244         -33.492     -106846.000      158138.000     -173426.000     -104716.000       -7029.000     -152692.000      198073.000      -38067.000 
-12435  
-1  12  61           25.033          4           4.293         64          63.999          38.068         -43.990       64598.000       14774.000         330.000       60963.000      -32032.000       21812.000      -26062.000      -48250.000 
-12435  
-1  22  62           24.087         12          11.930         64          63.998          42.854         -33.504     -130484.000      138907.000     -155367.000     -129670.000       15727.000     -151312.000      201624.000       -6861.000 
-12435  
-1  12  63           25.063          4           4.293         64          64.001          37.658         -43.992       64131.000       15205.000        -546.000       61151.000      -32013.000       21493.000      -25290.000      -49012.000 
-12435  
-1  22  64           24.090         12          11.933         64          63.999          42.832         -33.525     -109285.000      156135.000     -170800.000     -106970.000       -4171.000     -151994.000      197847.000      -35321.000 
-12435  
-1  12  65           25.067          4           4.289         64          64.006          37.775         -44.014       64234.000       15255.000         153.000       61078.000      -31552.000       21088.000      -25468.000      -48684.000 
-12435  
-1  22  66           24.080         12          11.933         64          64.001          42.838         -33.514     -122600.000      145960.000     -161508.000     -121590.000        8006.000     -152613.000      199768.000      -17799.000 
-12435  
-1  12  67           25.080          4           4.294         64          64.002          38.028         -43.972       64206.000       16138.000       -1318.000       61129.000      -32584.000       20850.000      -24600.000      -49487.000 
-12435  
-1  22  68           24.080         12          11.933         64          64.001          42.820         -33.506     -111568.000      154723.000     -169689.000     -109300.000       -2263.000     -152335.000      198976.000      -33558.000 
-12435  
-1  12  69           25.073          4           4.298         64          64.002          37.762         -44.015       63564.000       16466.000       -1478.000       61375.000      -31972.000       20645.000      -24019.000      -49387.000 
-12435  
-1  22  70           24.083         12          11.932         64          64.002          42.735         -33.503     -118383.000      149631.000     -164970.000     -117409.000        3446.000     -152652.000      199724.000      -23403.000 
-12435  
-1  12  71           25.020          4           4.292         64          64.002          37.812         -44.002       63347.000       16391.000       -1674.000       61490.000      -32685.000       20961.000      -24420.000      -49142.000 
-12435  
-1  22  72           24.093         12          11.932         64          64.001          42.975         -33.502     -114471.000      152726.000     -167156.000     -113994.000         165.000     -152681.000      199357.000      -27865.000 
-12435  
-1  12  73           25.070          4           4.293         64          64.003          37.852         -43.986       63951.000       16865.000       -1639.000       61015.000      -32595.000       20365.000      -24321.000      -49615.000 
-12435  
-1  22  74           24.080         12          11.931         64          64.003          42.750         -33.498     -111964.000      153588.000     -169897.000     -109931.000       -2269.000     -153002.000      199580.000      -31626.000 
-12435  
-1  12  75           25.017          4           4.297         64          64.000          37.977         -43.969       63384.000       18375.000       -3224.000       61567.000      -33082.000       20545.000      -23050.000      -49755.000 
-12435  
-1  22  76           24.090         12          11.934         64          64.002          43.293         -33.485     -123037.000      146208.000     -162176.000     -122689.000        7521.000     -152407.000      200809.000      -16735.000 
-12435  
-1  12  77           25.063          4           4.294         64          64.002          37.781         -44.013       64221.000       16200.000        -679.000       61085.000      -32355.000       20256.000      -24701.000      -48644.000 
-12435  
-1  22  78           24.090         12          11.932         64          64.000          42.826         -33.512     -119890.000      148504.000     -163000.000     -119335.000        5262.000     -152128.000      199995.000      -21322.000 
-12435  
-1  12  79           25.060          4           4.296         64          64.001          37.674         -44.015       62929.000       17877.000       -3160.000       61468.000      -33088.000       19379.000      -22938.000      -49817.000 
-12435  
-1  22  80           24.087         12          11.935         64          63.999          42.862         -33.490     -122999.000      147532.000     -161682.000     -120458.000        7653.000     -152699.000      200696.000      -19508.000 
-12435  
-1  12  81           25.057          4           4.295         64          64.002          37.767         -43.954       63339.000       19805.000       -4585.000       61414.000      -33265.000       18746.000      -22248.000      -50729.000 
-12435  
-1  22  82           24.083         12          11.934         64          64.005          43.112         -33.501     -113015.000      154386.000     -169557.000     -110325.000       -2991.000     -152331.000      198692.000      -31565.000 
-12435  
-1  12  83           25.043          4           4.295         64          64.004          37.645         -43.981       63703.000       17495.000       -1826.000       61594.000      -32725.000       20095.000      -23807.000      -49425.000 
-12435  
-1  22  84           24.087         12          11.933         64          64.001          42.829         -33.493     -114559.000      152957.000     -168122.000     -113318.000          66.000     -152312.000      199592.000      -28825.000 
-12435  
-1  12  85           25.057          4           4.294         64          64.001          38.200         -43.971       64328.000       14068.000         748.000       61565.000      -32382.000       22015.000      -25868.000      -48418.000 
-12435  
-1  22  86           24.093         12          11.932         64          64.002          42.888         -33.502     -114841.000      152096.000     -167187.000     -114211.000         694.000     -152304.000      199823.000      -27326.000 
-12435  
-1  12  87           25.023          4           4.292         64          64.005          37.646         -44.054       63379.000       14957.000         309.000       61079.000      -31872.000       21360.000      -25621.000      -48300.000 
-12435  
-1  22  88           24.087         12          11.931         64          63.999          43.087         -33.492     -129366.000      140729.000     -156440.000     -129405.000       14626.000     -152239.000      200707.000       -8181.000 
-12435  
-1  12  89           25.120          4           4.289         64          63.999          37.465         -43.988       63038.000       19618.000       -4586.000       61415.000      -32867.000       18059.000      -21664.000      -50972.000 
-12435  
-1  22  90           24.073         12          11.932         64          63.998          43.037         -33.504     -104765.000      158728.000     -174374.000     -102732.000       -9387.000     -152355.000      197449.000      -41234.000 
-12435  
-1  12  91           25.097          4           4.292         64          64.002          38.211         -44.002       64088.000       15816.000       -1091.000       61381.000      -31895.000       20511.000      -24507.000      -49166.000 
-12435  
-1  22  92           24.083         12          11.933         64          64.002          42.935         -33.518     -120457.000      147118.000     -162813.000     -119944.000        5744.000     -151835.000      200360.000      -20021.000 
-12435  
-1  12  93           25.070          4           4.294         64          63.998          37.875         -44.007       63999.000       15023.000         319.000       61356.000      -31723.000       21534.000      -25199.000      -48750.000 
-12435  
-1  22  94           24.093         12          11.929         64          64.001          42.826         -33.496     -113059.000      154296.000     -168433.000     -111286.000       -2066.000     -152234.000      199722.000      -31184.000 
-12435  
-1  12  95           25.073          4           4.293         64          64.005          37.813         -44.023       64098.000       15310.000        -184.000       61336.000      -32017.000       21183.000      -24591.000      -48377.000 
-12435  
-1  22  96           24.120         12          11.931         64          64.002          43.088         -33.513     -125882.000      144107.000     -157886.000     -125066.000       11377.000     -151482.000      201057.000      -12525.000 
-12435  
-1  12  97           25.017          4           4.294         64          64.000          37.715         -44.013       63136.000       16022.000       -1378.000       61622.000      -32687.000       20480.000      -24839.000      -49027.000 
-12435  
-1  22  98           24.077         12          11.931         64          64.001          43.155         -33.516     -112249.000      153456.000     -169469.000     -109501.000       -1981.000     -152742.000      198790.000      -31983.000 
-12435  
-1  12  99           25.100          4           4.293         64          64.005          37.681         -44.046       64270.000       16679.000        -905.000       60449.000      -31839.000       20015.000      -24273.000      -48867.000 
-12435  
