-1  22  1           20.340         11          11.289         64          63.949           9.658         -67.408         896.000         207.000        1108.000        3013.000       -2856.000        4587.000       -3571.000       -2082.000 
-12435  
-1  12  2           48.640          4           4.285         64          63.990          27.236         -54.753      -10648.000        8933.000        3216.000      -16765.000        5452.000       15014.000      -14622.000      -10245.000 
-12435  
-1  22  3           20.767         11          11.175         64          64.005           9.352         -68.003        1591.000         482.000        1845.000        2495.000       -1302.000        4741.000       -3293.000       -1635.000 
-12435  
-1  12  4           47.150          4           4.252         64          64.009          27.289         -54.653      -10342.000        9218.000        1767.000      -16978.000        7343.000       15161.000      -15783.000       -8183.000 
-12435  
-1  22  5           22.010         11          11.209         64          64.041           9.988         -67.468        1077.000        -457.000        1659.000        1997.000       -1342.000        5074.000       -4438.000       -1138.000 
-12435  
-1  12  6           47.980          4           4.256         64          63.999          27.565         -54.723      -10350.000       10228.000        1330.000      -16788.000        8329.000       13959.000      -15685.000       -7765.000 
-12435  
-1  22  7           18.697         11          11.209         64          63.908           8.145         -68.099        1781.000         426.000        1532.000        1924.000       -1582.000        4718.000       -3843.000         248.000 
-12435  
-1  12  8           48.133          4           4.263         64          64.005          27.461         -54.594       -9719.000       10481.000         497.000      -17422.000        7788.000       13974.000      -16582.000       -7688.000 
-12435  
-1  22  9           19.723         11          11.130         64          64.075           9.410         -67.799        1705.000         970.000        2619.000        2764.000       -1728.000        4157.000       -3574.000       -1053.000 
-12435  
-1  12  10           48.460          4           4.270         64          64.006          27.470         -54.748      -10648.000       10198.000        1816.000      -16368.000        6977.000       14001.000      -15968.000       -8452.000 
-12435  
-1  22  11           20.723         11          11.105         64          63.935           9.925         -67.090        1604.000         -53.000        2186.000        3041.000       -2779.000        4836.000       -3605.000       -1045.000 
-12435  
-1  12  12           48.013          4           4.276         64          64.004          27.197         -54.660      -10136.000       10107.000        1309.000      -16873.000        7567.000       14254.000      -16283.000       -8037.000 
-12435  
-1  22  13           19.863         11          11.273         64          63.986          10.142         -66.866         823.000         200.000        2518.000        2549.000       -2262.000        5483.000       -3975.000        -733.000 
-12435  
-1  12  14           48.037          4           4.276         64          64.012          27.237         -54.694      -10594.000        9390.000        2491.000      -16878.000        6931.000       14614.000      -15260.000       -9328.000 
-12435  
-1  22  15           20.680         11          11.267         64          64.079          10.226         -66.930        1366.000         309.000        2217.000        2016.000       -2330.000        4970.000       -4718.000        -890.000 
-12435  
-1  12  16           47.983          4           4.277         64          64.008          27.185         -54.748      -10295.000        9866.000        1377.000      -16499.000        7481.000       14510.000      -15821.000       -8090.000 
-12435  
-1  22  17           20.663         11          11.220         64          64.017           9.885         -67.272        1377.000         -94.000        1473.000        2508.000       -2236.000        4922.000       -4294.000       -1110.000 
-12435  
-1  12  18           47.930          4           4.271         64          64.009          27.270         -54.738      -10391.000        9611.000        2017.000      -16662.000        7265.000       14028.000      -16144.000       -8371.000 
-12435  
-1  22  19           19.170         11          11.363         64          64.031           9.405         -67.648         821.000         420.000        2065.000        2314.000        -678.000        5352.000       -3774.000        -735.000 
-12435  
-1  12  20           48.647          4           4.263         64          63.993          27.174         -54.753      -10302.000        9877.000        1956.000      -16663.000        6962.000       14204.000      -15590.000       -8954.000 
-12435  
-1  22  21           19.020         11          11.123         64          63.997           8.453         -67.665        1365.000         617.000        1566.000        2827.000       -2043.000        4970.000       -3382.000       -1067.000 
-12435  
-1  12  22           47.913          4           4.276         64          64.014          27.257         -54.771      -10889.000        8969.000        2636.000      -16530.000        6128.000       14630.000      -15479.000       -9146.000 
-12435  
-1  22  23           17.807         11          11.008         64          64.037           9.330         -67.748        1977.000         738.000         737.000        3601.000       -2060.000        4079.000       -3756.000        -394.000 
-12435  
-1  12  24           47.893          4           4.274         64          64.010          27.072         -54.711      -10466.000        9747.000        1753.000      -16817.000        7115.000       14409.000      -15891.000       -8220.000 
-12435  
-1  22  25           19.083         11          11.114         64          64.111           9.964         -67.069        1201.000         782.000        2142.000        3077.000       -1736.000        5083.000       -3966.000       -1186.000 
-12435  
-1  12  26           47.837          4           4.271         64          64.000          27.318         -54.776      -10125.000       10174.000        1637.000      -16665.000        7829.000       14023.000      -15899.000       -7467.000 
-12435  
-1  22  27           19.040         11          11.141         64          64.031           9.516         -67.412        1092.000         355.000        1675.000        2955.000       -1935.000        5226.000       -3536.000        -984.000 
-12435  
-1  12  28           48.523          4           4.268         64          64.004          27.582         -54.737       -9731.000       10310.000         964.000      -17367.000        7563.000       13629.000      -15742.000       -8254.000 
-12435  
-1  22  29           22.313         11          11.129         64          63.953          10.201         -66.905        2797.000        -624.000        2059.000        2738.000       -1164.000        4412.000       -4710.000       -1238.000 
-12435  
-1  12  30           48.263          4           4.277         64          63.991          27.459         -54.664      -10086.000       10028.000        2127.000      -17333.000        6851.000       14518.000      -15380.000       -8880.000 
-12435  
-1  22  31           21.387         11          11.123         64          63.996           9.291         -67.691        1386.000         255.000        2031.000        1239.000       -1735.000        4875.000       -4313.000        -892.000 
-12435  
-1  12  32           48.603          4           4.270         64          64.012          26.904         -54.754      -10627.000        9949.000        1814.000      -16544.000        6722.000       14583.000      -15288.000       -8814.000 
-12435  
-1  22  33           19.820         11          11.130         64          64.063          10.212         -67.213         660.000         144.000        2324.000        3261.000       -1187.000        5024.000       -3950.000       -1154.000 
-12435  
-1  12  34           47.870          4           4.269         64          63.994          27.324         -54.653      -10520.000        9285.000        1802.000      -16855.000        6796.000       15038.000      -15793.000       -8786.000 
-12435  
-1  22  35           18.543         11          11.220         64          63.965           9.493         -67.601         526.000         554.000        1934.000        2368.000       -1568.000        5346.000       -3659.000        -763.000 
-12435  
-1  12  36           48.040          4           4.272         64          64.006          27.395         -54.662      -10258.000        9405.000        2638.000      -17001.000        6664.000       14712.000      -15606.000       -9317.000 
-12435  
-1  22  37           20.073         11          11.205         64          64.050           9.601         -67.603        1179.000         393.000        1452.000        2494.000       -1315.000        4579.000       -4531.000       -1348.000 
-12435  
-1  12  38           48.090          4           4.259         64          63.997          27.322         -54.736      -10185.000        9955.000        1316.000      -16823.000        7482.000       13846.000      -16103.000       -8251.000 
-12435  
-1  22  39           19.937         11          11.077         64          64.068           9.467         -67.815        2153.000        1077.000        2151.000        2328.000       -1942.000        4259.000       -3645.000       -1123.000 
-12435  
-1  12  40           48.013          4           4.267         64          63.993          27.422         -54.709      -10142.000       10067.000        1046.000      -16865.000        8086.000       14158.000      -15762.000       -8082.000 
-12435  
-1  22  41           20.253         11          11.153         64          64.074           9.920         -67.298        1641.000         -61.000        2263.000        2895.000       -1778.000        4767.000       -4063.000        -568.000 
-12435  
-1  12  42           48.013          4           4.275         64          63.997          27.180         -54.758       -9892.000        9988.000        1621.000      -16670.000        7150.000       14292.000      -16115.000       -8012.000 
-12435  
-1  22  43           21.287         11          11.206         64          63.998          10.384         -66.974        1469.000         -92.000        2087.000        2741.000       -2349.000        5010.000       -4099.000       -1423.000 
-12435  
-1  12  44           48.123          4           4.280         64          64.002          27.282         -54.759      -10425.000        9877.000        1234.000      -17099.000        6910.000       14102.000      -15552.000       -8269.000 
-12435  
-1  22  45           19.717         11          11.166         64          64.061          10.091         -67.194        2512.000         905.000        2098.000        2866.000       -1158.000        4887.000       -3752.000       -1139.000 
-12435  
-1  12  46           48.040          4           4.273         64          64.006          27.433         -54.701      -10046.000        9455.000        1663.000      -16902.000        7270.000       14552.000      -15808.000       -8833.000 
-12435  
-1  22  47           19.727         11          11.244         64          63.950           8.159         -68.044        1403.000         493.000        1398.000        2548.000       -1625.000        4543.000       -3773.000       -1201.000 
-12435  
-1  12  48           48.320          4           4.265         64          63.998          27.577         -54.615      -10289.000       10134.000        2411.000      -17131.000        6711.000       14551.000      -15728.000       -8984.000 
-12435  
-1  22  49           21.383         11          11.245         64          63.999           9.643         -67.544         890.000        -244.000        1793.000        1991.000       -1893.000        5532.000       -3452.000       -1239.000 
-12435  
-1  12  50           48.127          4           4.278         64          64.003          27.106         -54.713      -10218.000        9793.000        2207.000      -16824.000        6279.000       14844.000      -15669.000       -8655.000 
-12435  
-1  22  51           20.057         11          11.142         64          64.077          10.034         -67.019        1987.000         310.000        2944.000        2803.000       -1168.000        5361.000       -3386.000        -828.000 
-12435  
-1  12  52           48.707          4           4.270         64          64.012          27.274         -54.721       -9948.000       10286.000        1336.000      -17293.000        7050.000       13766.000      -15797.000       -8479.000 
-12435  
-1  22  53           19.633         11          11.240         64          63.952          10.065         -67.153        1391.000         583.000        1979.000        2636.000       -1172.000        5382.000       -4000.000       -1196.000 
-12435  
-1  12  54           48.473          4           4.270         64          64.000          27.628         -54.743      -10536.000        9640.000        1736.000      -16620.000        7382.000       14164.000      -15459.000       -9152.000 
-12435  
-1  22  55           23.027         11          11.341         64          63.999           9.821         -67.275        1402.000        -204.000        2191.000        1980.000       -1672.000        5109.000       -3945.000       -2008.000 
-12435  
-1  12  56           48.223          4           4.270         64          64.001          27.016         -54.929      -10030.000        9683.000        2024.000      -15999.000        6809.000       14467.000      -15270.000       -8555.000 
-12435  
-1  22  57           19.637         11          11.169         64          64.022           9.109         -67.882        1423.000         410.000        2004.000        2423.000       -1884.000        4274.000       -4168.000        -480.000 
-12435  
-1  12  58           48.897          4           4.292         64          63.989          27.338         -54.767      -10690.000        9959.000        1831.000      -16469.000        6228.000       14130.000      -15723.000       -9026.000 
-12435  
-1  22  59           19.223         11          11.315         64          63.937          10.135         -67.006         498.000          96.000        2409.000        3001.000       -1411.000        5650.000       -3666.000        -765.000 
-12435  
-1  12  60           47.970          4           4.270         64          64.004          27.179         -54.762      -10599.000        9371.000        1712.000      -16752.000        7249.000       14027.000      -15747.000       -8674.000 
-12435  
-1  22  61           20.867         11          11.209         64          64.064           9.855         -67.444        1764.000         327.000        2049.000        2621.000       -1374.000        4792.000       -3976.000       -1422.000 
-12435  
-1  12  62           48.027          4           4.260         64          64.009          27.514         -54.657      -11383.000       10066.000        1821.000      -17098.000        6676.000       14718.000      -14960.000       -8409.000 
-12435  
-1  22  63           18.550         11          11.274         64          64.044           9.663         -67.518         810.000         409.000        1651.000        2793.000       -2589.000        4766.000       -3849.000        -647.000 
-12435  
-1  12  64           48.017          4           4.266         64          63.998          27.209         -54.778      -10544.000        9976.000        2368.000      -16483.000        6532.000       14469.000      -15629.000       -8255.000 
-12435  
-1  22  65           15.820         11          11.027         64          64.010           9.724         -67.261        1024.000        1225.000        1528.000        2367.000       -2126.000        5309.000       -3980.000         619.000 
-12435  
-1  12  66           47.527          4           4.281         64          63.993          27.355         -54.737      -11325.000        9317.000        2028.000      -16576.000        6855.000       14585.000      -15464.000       -8343.000 
-12435  
-1  22  67           20.660         11          11.163         64          64.071          10.276         -66.736        2129.000         174.000        1196.000        1897.000       -1552.000        6167.000       -3919.000       -1287.000 
-12435  
-1  12  68           47.997          4           4.279         64          63.996          27.418         -54.671      -10289.000       10079.000        2354.000      -17027.000        7367.000       14266.000      -15707.000       -8437.000 
-12435  
-1  22  69           18.900         11          11.095         64          63.995           9.508         -67.509         563.000        -108.000        2011.000        3460.000       -2705.000        4769.000       -3056.000        -612.000 
-12435  
-1  12  70           48.157          4           4.274         64          63.989          27.277         -54.832      -10207.000        9355.000        2067.000      -16818.000        6173.000       14595.000      -15184.000       -8881.000 
-12435  
-1  22  71           19.163         11          11.263         64          63.921           8.465         -67.891         809.000         148.000        1745.000        2706.000        -834.000        4856.000       -3959.000        -629.000 
-12435  
-1  12  72           48.727          4           4.273         64          63.986          27.123         -54.766      -10149.000       10336.000        1246.000      -16733.000        7701.000       13781.000      -15648.000       -8358.000 
-12435  
-1  22  73           21.297         11          11.282         64          64.041          10.885         -66.800        1239.000         173.000        1821.000        2915.000       -1662.000        5737.000       -3470.000       -2231.000 
-12435  
-1  12  74           48.867          4           4.256         64          64.008          27.126         -54.756      -10099.000       10067.000        1732.000      -16728.000        7056.000       14119.000      -15614.000       -8875.000 
-12435  
-1  22  75           18.110         11          11.131         64          63.991           9.921         -67.149        1838.000         568.000        2008.000        2710.000       -1748.000        5379.000       -3725.000         146.000 
-12435  
-1  12  76           48.570          4           4.274         64          63.990          27.261         -54.656       -9801.000       10215.000        1922.000      -17326.000        7139.000       14397.000      -15562.000       -8817.000 
-12435  
-1  22  77           21.167         11          11.215         64          63.969          10.184         -66.898        1956.000         194.000        2601.000        1865.000       -1785.000        5310.000       -4281.000        -886.000 
-12435  
-1  12  78           47.933          4           4.281         64          64.021          27.576         -54.774      -10543.000        8752.000        2277.000      -16553.000        6493.000       14494.000      -15736.000       -9302.000 
-12435  
-1  22  79           21.833         11          11.291         64          64.075          10.055         -67.112         825.000        -390.000        1844.000        2930.000       -1490.000        5544.000       -3470.000       -1918.000 
-12435  
-1  12  80           48.690          4           4.270         64          64.007          27.408         -54.716      -10157.000       10225.000        1481.000      -16558.000        7338.000       14691.000      -15505.000       -8571.000 
-12435  
-1  22  81           20.823         11          11.187         64          64.001          10.078         -67.087         520.000        -125.000        2126.000        2091.000        -756.000        5463.000       -4667.000        -690.000 
-12435  
-1  12  82           48.007          4           4.273         64          63.995          27.473         -54.666      -10361.000       10040.000        1964.000      -17149.000        7074.000       14332.000      -15755.000       -8373.000 
-12435  
-1  22  83           19.153         11          11.178         64          63.968           7.775         -68.446        1596.000         607.000        1570.000        1367.000       -1994.000        4785.000       -3327.000        -191.000 
-12435  
-1  12  84           48.160          4           4.283         64          63.995          27.249         -54.740       -9979.000       10088.000         828.000      -16809.000        7632.000       13959.000      -16121.000       -8001.000 
-12435  
-1  22  85           18.900         11          11.122         64          64.058           9.886         -67.178        1404.000         282.000        1657.000        2831.000       -1260.000        5389.000       -4103.000        -534.000 
-12435  
-1  12  86           47.930          4           4.285         64          64.011          27.469         -54.692      -10557.000        9753.000        1773.000      -17120.000        6999.000       14430.000      -15591.000       -8395.000 
-12435  
-1  22  87           22.587         11          11.231         64          64.042           9.150         -67.998        1178.000         -79.000        2248.000        1677.000       -2095.000        4616.000       -3588.000       -1521.000 
-12435  
-1  12  88           47.960          4           4.272         64          64.007          27.544         -54.790      -10396.000        9576.000        1763.000      -16723.000        7016.000       14336.000      -15546.000       -8396.000 
-12435  
-1  22  89           20.220         11          11.227         64          64.033           8.212         -67.861         810.000         213.000        1369.000        1652.000       -1660.000        5197.000       -3951.000       -1036.000 
-12435  
-1  12  90           47.827          4           4.277         64          64.000          27.316         -54.676      -11025.000        9626.000        2179.000      -17036.000        7139.000       14803.000      -14986.000       -8585.000 
-12435  
-1  22  91           21.070         11          11.196         64          64.021           9.887         -67.394        2177.000         354.000        2370.000        2129.000       -1876.000        5212.000       -3212.000       -1267.000 
-12435  
-1  12  92           47.997          4           4.259         64          63.993          27.634         -54.672      -10293.000       10396.000        1417.000      -17110.000        7608.000       13947.000      -16005.000       -7819.000 
-12435  
-1  22  93           18.617         11          11.150         64          63.974           9.633         -67.400        1041.000         370.000        1265.000        2466.000       -1659.000        5311.000       -4152.000        -662.000 
-12435  
-1  12  94           47.993          4           4.252         64          63.998          27.524         -54.653       -9627.000       10503.000         606.000      -17068.000        7953.000       13909.000      -16689.000       -7297.000 
-12435  
-1  22  95           21.267         11          11.347         64          64.001          10.291         -66.964        1180.000         437.000        2944.000        3033.000       -2886.000        4404.000       -3639.000       -1792.000 
-12435  
-1  12  96           48.647          4           4.277         64          64.003          27.207         -54.823      -10617.000        9913.000        1763.000      -16393.000        7628.000       13469.000      -15521.000       -8845.000 
-12435  
-1  22  97           20.183         11          11.219         64          63.914           9.966         -67.294        1362.000         288.000        2311.000        2093.000       -1596.000        5055.000       -4346.000        -569.000 
-12435  
-1  12  98           48.323          4           4.270         64          64.009          27.601         -54.737      -10683.000        9238.000        2607.000      -16398.000        6499.000       14769.000      -15275.000       -9679.000 
-12435  
-1  22  99           20.490         11          11.217         64          63.934          10.458         -66.568        1474.000         303.000        1858.000        3537.000       -2073.000        5041.000       -4274.000       -1868.000 
-12435  
