-1  12  1            2.090          3           2.598         64          63.987          26.536         -56.652        -461.000       13870.000        -629.000       13170.000        2163.000       13297.000       -2917.000       11275.000 
-12435  
-1  22  2           50.427         12          11.826         64          64.000          19.485         -57.456       -6661.000       -1584.000       11227.000       -1534.000      -11831.000        9704.000        6470.000      -10804.000 
-12435  
-1  12  3            2.093          3           2.597         64          64.008          26.700         -56.565         205.000       13444.000         -85.000       13270.000        2862.000       13321.000       -2472.000       12201.000 
-12435  
-1  22  4           49.460         12          11.844         64          64.001          19.210         -57.660       -5487.000        -320.000       10375.000       -4599.000      -10520.000       10628.000        4212.000      -11903.000 
-12435  
-1  12  5            1.987          3           2.604         64          63.994          26.707         -56.538         794.000       14150.000         146.000       13267.000        3629.000       12917.000       -1718.000       11915.000 
-12435  
-1  22  6           50.483         12          11.839         64          64.000          19.370         -57.468       -6115.000        -886.000       11519.000       -2502.000      -11014.000        8921.000        6202.000      -12250.000 
-12435  
-1  12  7            2.037          3           2.599         64          63.995          26.379         -56.625         727.000       13411.000        -342.000       13045.000        3090.000       13397.000       -1955.000       12012.000 
-12435  
-1  22  8           49.713         12          11.836         64          64.029          19.051         -57.814       -5757.000        -352.000        9860.000       -2886.000      -10472.000       10273.000        4871.000      -12058.000 
-12435  
-1  12  9            2.013          3           2.604         64          64.009          26.525         -56.666        -817.000       13722.000        -563.000       13019.000        2323.000       13474.000       -2886.000       11283.000 
-12435  
-1  22  10           49.497         12          11.845         64          63.990          19.113         -57.773       -5963.000          54.000       10665.000       -2691.000      -11044.000        9081.000        4723.000      -12031.000 
-12435  
-1  12  11            2.027          3           2.614         64          64.000          26.388         -56.599        -377.000       13800.000       -1007.000       13102.000        2427.000       13323.000       -2977.000       11684.000 
-12435  
-1  22  12           51.693         12          11.847         64          64.030          19.297         -57.583       -6351.000        -298.000       11408.000       -3407.000       -9864.000        9378.000        5544.000      -12392.000 
-12435  
-1  12  13            2.020          3           2.600         64          63.999          26.349         -56.640        -162.000       13893.000        -303.000       12985.000        2473.000       13216.000       -2399.000       11714.000 
-12435  
-1  22  14           49.337         12          11.811         64          64.016          19.277         -57.440       -6196.000       -1545.000       11178.000       -3458.000      -10908.000       10645.000        5185.000      -11548.000 
-12435  
-1  12  15            2.063          3           2.596         64          63.991          26.442         -56.624         600.000       13629.000          52.000       13083.000        3135.000       13042.000       -2185.000       12084.000 
-12435  
-1  22  16           48.843         12          11.804         64          64.023          19.189         -57.654       -6122.000        -978.000       11072.000       -1611.000      -11663.000        8903.000        5563.000      -11529.000 
-12435  
-1  12  17            2.007          3           2.611         64          63.995          26.871         -56.431         140.000       13741.000        -486.000       13529.000        2700.000       13638.000       -2150.000       12216.000 
-12435  
-1  22  18           49.397         12          11.820         64          64.030          18.788         -57.946       -5254.000       -1314.000       10381.000       -2620.000      -11117.000        9114.000        5860.000      -11067.000 
-12435  
-1  12  19            2.133          3           2.601         64          63.988          26.496         -56.545         263.000       13735.000        -334.000       13203.000        2844.000       13597.000       -2647.000       11724.000 
-12435  
-1  22  20           50.977         12          11.826         64          64.021          19.372         -57.396       -6642.000         421.000       10936.000       -4590.000       -9647.000       10708.000        3680.000      -13029.000 
-12435  
-1  12  21            2.010          3           2.613         64          64.001          26.575         -56.481        -330.000       14198.000        -772.000       12949.000        2503.000       13418.000       -2857.000       12110.000 
-12435  
-1  22  22           49.143         12          11.823         64          64.010          19.132         -57.657       -5779.000        -626.000       11204.000       -3279.000      -10185.000       10675.000        4970.000      -11398.000 
-12435  
-1  12  23            2.073          3           2.616         64          63.988          26.473         -56.442        -283.000       13981.000        -260.000       13433.000        2509.000       13310.000       -2885.000       12231.000 
-12435  
-1  22  24           48.253         12          11.849         64          64.026          19.302         -57.472       -5751.000        -558.000       11094.000       -4207.000      -10751.000       10106.000        3760.000      -12650.000 
-12435  
-1  12  25            1.960          3           2.583         64          64.013          26.539         -56.670          -3.000       13777.000        -141.000       13109.000        3173.000       12931.000       -2085.000       11728.000 
-12435  
-1  22  26           47.893         12          11.838         64          63.999          19.419         -57.465       -5784.000        -278.000       10813.000       -3579.000      -10620.000       10372.000        3645.000      -13039.000 
-12435  
-1  12  27            1.940          3           2.596         64          63.996          26.822         -56.594        -211.000       13851.000        -472.000       12961.000        2691.000       13517.000       -2006.000       11775.000 
-12435  
-1  22  28           50.353         12          11.899         64          64.028          18.899         -57.973       -5807.000        -761.000       10368.000       -3424.000       -9019.000       10330.000        4887.000      -11783.000 
-12435  
-1  12  29            2.010          3           2.592         64          63.995          26.308         -56.683        -151.000       13919.000        -634.000       12948.000        2756.000       12640.000       -2807.000       11902.000 
-12435  
-1  22  30           50.470         12          11.836         64          64.002          18.944         -57.857       -6100.000        -615.000       10939.000       -3440.000      -10275.000        9176.000        4840.000      -11647.000 
-12435  
-1  12  31            1.970          3           2.604         64          64.004          26.566         -56.563         -88.000       13895.000        -983.000       13563.000        2730.000       13086.000       -2462.000       11619.000 
-12435  
-1  22  32           50.803         12          11.847         64          63.997          19.144         -57.755       -6090.000        -667.000       11113.000       -2394.000      -11613.000        8931.000        5994.000      -10626.000 
-12435  
-1  12  33            2.140          3           2.608         64          64.020          26.784         -56.445         -29.000       14305.000        -182.000       13142.000        2716.000       13807.000       -2853.000       11551.000 
-12435  
-1  22  34           47.590         12          11.823         64          64.027          19.262         -57.517       -5697.000       -1713.000       11592.000       -1651.000      -12319.000        8631.000        5720.000      -11343.000 
-12435  
-1  12  35            2.123          3           2.608         64          63.994          26.432         -56.627          29.000       13482.000        -287.000       13477.000        2423.000       13360.000       -2437.000       11567.000 
-12435  
-1  22  36           52.127         12          11.863         64          63.988          19.452         -57.473       -6203.000         580.000       11239.000       -2308.000      -10756.000        9462.000        6455.000      -12187.000 
-12435  
-1  12  37            1.940          3           2.601         64          64.014          26.376         -56.429         122.000       13819.000        -529.000       13152.000        2810.000       13755.000       -1763.000       12455.000 
-12435  
-1  22  38           48.453         12          11.843         64          64.018          18.893         -57.807       -5707.000       -1434.000       10005.000       -3096.000       -9921.000       10476.000        4335.000      -12358.000 
-12435  
-1  12  39            2.017          3           2.603         64          63.998          26.254         -56.657        -178.000       13846.000        -296.000       13032.000        3014.000       12838.000       -2756.000       11820.000 
-12435  
-1  22  40           48.857         12          11.843         64          63.976          18.957         -57.802       -5557.000        -288.000       11235.000       -2080.000      -11348.000        9212.000        5611.000      -10861.000 
-12435  
-1  12  41            2.140          3           2.605         64          63.992          26.464         -56.567         -17.000       13559.000        -722.000       13048.000        2365.000       13655.000       -2892.000       11919.000 
-12435  
-1  22  42           49.093         12          11.854         64          64.017          19.199         -57.480       -6080.000          52.000       11305.000       -4246.000      -10561.000       10582.000        3847.000      -11995.000 
-12435  
-1  12  43            1.973          3           2.602         64          64.009          26.486         -56.584         -67.000       13849.000        -516.000       13312.000        2716.000       12885.000       -2070.000       12145.000 
-12435  
-1  22  44           50.717         12          11.858         64          63.998          19.405         -57.437       -6275.000        -748.000       11011.000       -4029.000       -9853.000       10252.000        4963.000      -12896.000 
-12435  
-1  12  45            2.123          3           2.603         64          64.002          26.452         -56.506        -362.000       14121.000        -399.000       12737.000        2536.000       13884.000       -3186.000       11651.000 
-12435  
-1  22  46           49.167         12          11.820         64          64.032          19.021         -57.737       -5872.000        -387.000       10061.000       -2114.000      -11026.000        9581.000        5147.000      -12341.000 
-12435  
-1  12  47            2.010          3           2.613         64          64.009          26.529         -56.510         404.000       14085.000        -107.000       12996.000        3675.000       13175.000       -2474.000       12072.000 
-12435  
-1  22  48           50.360         12          11.868         64          63.990          19.242         -57.554       -6414.000       -1377.000       11446.000       -4186.000       -9439.000       10649.000        5021.000      -11668.000 
-12435  
-1  12  49            2.077          3           2.613         64          64.013          26.611         -56.546         465.000       13462.000        -435.000       13158.000        3293.000       13076.000       -2749.000       12504.000 
-12435  
-1  22  50           50.723         12          11.842         64          64.032          19.361         -57.679       -6057.000       -1126.000       10453.000       -3662.000      -10722.000       10413.000        5408.000      -11243.000 
-12435  
-1  12  51            2.003          3           2.602         64          64.000          26.335         -56.579         161.000       13685.000        -329.000       13285.000        2949.000       13043.000       -2246.000       12143.000 
-12435  
-1  22  52           50.900         12          11.841         64          63.966          18.771         -57.884       -5986.000       -1074.000       10613.000       -2568.000      -11030.000        8563.000        5912.000      -11339.000 
-12435  
-1  12  53            2.003          3           2.610         64          64.009          26.300         -56.661         328.000       14006.000        -312.000       12926.000        3057.000       12849.000       -2235.000       11803.000 
-12435  
-1  22  54           48.783         12          11.872         64          63.973          19.422         -57.717       -5505.000       -1519.000       10360.000       -2175.000      -11533.000        9342.000        5821.000      -11665.000 
-12435  
-1  12  55            2.017          3           2.598         64          64.005          26.200         -56.607         172.000       13824.000        -582.000       13150.000        2847.000       13500.000       -2342.000       11426.000 
-12435  
-1  22  56           48.867         12          11.832         64          64.014          19.267         -57.673       -5236.000        -930.000       10702.000       -3131.000      -10453.000       10056.000        5369.000      -12187.000 
-12435  
-1  12  57            2.020          3           2.609         64          63.997          26.828         -56.575         173.000       13582.000        -838.000       13275.000        2805.000       13358.000       -2497.000       11913.000 
-12435  
-1  22  58           48.460         12          11.836         64          63.986          18.838         -57.873       -5691.000         125.000       11500.000       -3845.000      -10283.000        9374.000        3738.000      -11357.000 
-12435  
-1  12  59            1.983          3           2.603         64          63.992          26.258         -56.621        -251.000       13629.000        -599.000       13031.000        2693.000       13414.000       -2425.000       11810.000 
-12435  
-1  22  60           47.410         12          11.862         64          64.015          19.396         -57.558       -5491.000        -543.000       10406.000       -3970.000      -10802.000       11043.000        3527.000      -12222.000 
-12435  
-1  12  61            2.040          3           2.603         64          64.015          26.487         -56.496         365.000       13927.000        -152.000       13559.000        2887.000       13162.000       -2175.000       12011.000 
-12435  
-1  22  62           50.493         12          11.807         64          64.008          19.402         -57.585       -6636.000          31.000       10828.000       -2083.000      -11640.000        9695.000        5316.000      -11319.000 
-12435  
-1  12  63            2.090          3           2.614         64          64.012          26.470         -56.493           8.000       13662.000        -696.000       13523.000        2612.000       13568.000       -2754.000       11860.000 
-12435  
-1  22  64           49.480         12          11.830         64          64.020          18.884         -57.783       -5603.000        -407.000       10847.000       -2465.000      -10665.000        9760.000        5546.000      -11479.000 
-12435  
-1  12  65            1.997          3           2.596         64          64.005          26.834         -56.496         361.000       14132.000        -457.000       12987.000        3308.000       13376.000       -2341.000       12023.000 
-12435  
-1  22  66           52.677         12          11.843         64          63.979          19.184         -57.575       -7697.000       -1471.000       10725.000       -2491.000      -11596.000        8480.000        5634.000      -11489.000 
-12435  
-1  12  67            2.017          3           2.598         64          64.006          26.471         -56.471         118.000       13994.000        -380.000       13263.000        2640.000       13616.000       -2193.000       11985.000 
-12435  
-1  22  68           47.887         12          11.852         64          64.015          18.757         -57.897       -4989.000        -110.000       11547.000       -2729.000      -10732.000        9648.000        5202.000      -10595.000 
-12435  
-1  12  69            2.020          3           2.617         64          64.005          26.704         -56.439         -17.000       13851.000        -349.000       13230.000        2797.000       13559.000       -2494.000       12373.000 
-12435  
-1  22  70           51.270         12          11.826         64          64.004          19.159         -57.727       -5490.000        -354.000       11457.000       -2549.000      -11501.000        8459.000        6804.000      -10751.000 
-12435  
-1  12  71            1.967          3           2.608         64          64.020          26.545         -56.491         401.000       13773.000        -650.000       13280.000        3227.000       14011.000       -2122.000       11471.000 
-12435  
-1  22  72           48.187         12          11.794         64          63.986          19.410         -57.714       -5619.000        -636.000       10659.000       -1352.000      -12068.000        8922.000        5855.000      -11330.000 
-12435  
-1  12  73            2.013          3           2.603         64          64.023          26.403         -56.654         297.000       13709.000        -423.000       12893.000        3208.000       13298.000       -2389.000       11665.000 
-12435  
-1  22  74           49.803         12          11.828         64          64.004          19.335         -57.460       -5540.000        -628.000       10500.000       -3296.000      -11258.000       10034.000        5659.000      -12485.000 
-12435  
-1  12  75            2.080          3           2.609         64          64.022          26.511         -56.577         365.000       14021.000        -439.000       13080.000        2665.000       13223.000       -2523.000       11799.000 
-12435  
-1  22  76           52.713         12          11.849         64          63.993          19.323         -57.469       -6410.000         125.000       10946.000       -3983.000      -10977.000        9762.000        5595.000      -11939.000 
-12435  
-1  12  77            2.003          3           2.588         64          64.005          26.465         -56.571         143.000       13700.000         111.000       13247.000        3183.000       13406.000       -2089.000       11791.000 
-12435  
-1  22  78           49.240         12          11.870         64          64.022          19.420         -57.628       -5747.000        -584.000       11088.000       -3382.000      -11040.000        9818.000        4951.000      -11637.000 
-12435  
-1  12  79            1.920          3           2.603         64          64.002          26.596         -56.481        -303.000       13770.000        -412.000       13501.000        3324.000       13272.000       -2452.000       12073.000 
-12435  
-1  22  80           48.727         12          11.809         64          64.010          18.940         -57.909       -5278.000       -1103.000       10473.000       -2386.000      -11505.000        8636.000        5563.000      -11378.000 
-12435  
-1  12  81            1.947          3           2.600         64          63.987          26.422         -56.637        -210.000       13617.000        -688.000       13073.000        3104.000       13057.000       -2488.000       11947.000 
-12435  
-1  22  82           51.710         12          11.837         64          63.989          18.827         -57.798       -6599.000        -501.000       11004.000       -3418.000      -10126.000        9848.000        5130.000      -11073.000 
-12435  
-1  12  83            2.020          3           2.601         64          63.999          26.572         -56.595         360.000       14114.000        -483.000       12950.000        2481.000       13359.000       -2049.000       11683.000 
-12435  
-1  22  84           47.823         12          11.841         64          63.975          18.919         -57.694       -5737.000       -1012.000       11347.000       -2087.000      -10884.000        9822.000        5070.000      -11403.000 
-12435  
-1  12  85            1.847          3           2.606         64          63.986          26.586         -56.539        -277.000       13899.000        -911.000       12975.000        3152.000       13518.000       -2334.000       11874.000 
-12435  
-1  22  86           49.077         12          11.843         64          63.976          19.226         -57.833       -6013.000        -669.000       10735.000       -1293.000      -11482.000        9033.000        5716.000      -11010.000 
-12435  
-1  12  87            1.987          3           2.605         64          63.987          26.450         -56.558        -264.000       14240.000        -675.000       13060.000        2599.000       13182.000       -2431.000       11756.000 
-12435  
-1  22  88           52.013         12          11.867         64          64.000          19.339         -57.445       -7051.000       -1359.000       10707.000       -3520.000      -10939.000        9879.000        5591.000      -11931.000 
-12435  
-1  12  89            1.993          3           2.605         64          64.000          26.325         -56.666        -343.000       13609.000        -425.000       13069.000        2655.000       13177.000       -2469.000       11763.000 
-12435  
-1  22  90           52.103         12          11.849         64          63.995          19.689         -57.325       -6884.000        -954.000       11979.000       -2273.000      -11565.000        8439.000        6742.000      -11751.000 
-12435  
-1  12  91            2.200          3           2.610         64          64.005          26.219         -56.632         206.000       13654.000        -547.000       13139.000        2660.000       13375.000       -2870.000       11538.000 
-12435  
-1  22  92           48.437         12          11.838         64          63.984          19.011         -57.737       -5999.000        -940.000       11140.000       -1974.000      -10858.000        9486.000        5054.000      -11586.000 
-12435  
-1  12  93            2.120          3           2.598         64          64.009          26.308         -56.719         482.000       13519.000          65.000       13458.000        2967.000       12751.000       -2243.000       11517.000 
-12435  
-1  22  94           49.007         12          11.850         64          63.977          19.318         -57.612       -4967.000       -1104.000       10737.000       -2820.000      -11950.000        8950.000        6273.000      -11690.000 
-12435  
-1  12  95            1.963          3           2.610         64          63.983          26.538         -56.555          51.000       13736.000        -732.000       13002.000        2870.000       13404.000       -2159.000       12171.000 
-12435  
-1  22  96           48.193         12          11.829         64          63.990          19.624         -57.842       -4780.000       -1031.000       11429.000       -2331.000      -11178.000        8974.000        6142.000      -10797.000 
-12435  
-1  12  97            2.053          3           2.590         64          63.984          26.081         -56.672         359.000       13504.000          16.000       13015.000        3145.000       13295.000       -2230.000       11700.000 
-12435  
-1  22  98           48.860         12          11.854         64          64.015          19.225         -57.517       -5213.000        -312.000       11481.000       -3085.000      -10384.000       10685.000        5642.000      -11733.000 
-12435  
-1  12  99            1.960          3           2.600         64          63.999          26.297         -56.599          44.000       13796.000        -623.000       13540.000        2970.000       12800.000       -2204.000       11847.000 
-12435  
