-1  12  1           40.683          4           4.286         64          63.993          29.115         -53.030      -16556.000        -253.000        6187.000      -19235.000        7933.000       15899.000      -22772.000       -7567.000 
-12435  
-1  22  2           37.753         12          11.928         64          64.003          38.169         -38.305      -87939.000        1162.000       47409.000     -111342.000       58905.000       89926.000     -111909.000      -16161.000 
-12435  
-1  12  3           40.817          4           4.281         64          63.994          28.798         -53.239      -16304.000       -1030.000        6483.000      -18611.000        6080.000       15656.000      -22286.000       -8134.000 
-12435  
-1  22  4           37.800         12          11.920         64          64.001          38.395         -38.295      -88146.000        4678.000       42124.000     -113291.000       63365.000       87154.000     -112611.000      -11771.000 
-12435  
-1  12  5           40.217          4           4.280         64          64.002          28.958         -53.134      -16143.000       -2068.000        6892.000      -19309.000        6457.000       16041.000      -21996.000       -8289.000 
-12435  
-1  22  6           37.887         12          11.925         64          63.998          38.612         -38.301      -88159.000       -7680.000       59519.000     -104676.000       48820.000       96114.000     -109394.000      -28990.000 
-12435  
-1  12  7           40.350          4           4.283         64          64.008          29.044         -53.094      -16009.000       -2704.000        7594.000      -18779.000        5911.000       16429.000      -21963.000       -9476.000 
-12435  
-1  22  8           37.750         12          11.929         64          64.001          38.425         -38.298      -88445.000       -8200.000       60165.000     -104677.000       48049.000       96732.000     -108981.000      -28045.000 
-12435  
-1  12  9           40.723          4           4.294         64          64.013          28.972         -53.166      -15831.000       -1519.000        7428.000      -18203.000        5976.000       16381.000      -22294.000       -9211.000 
-12435  
-1  22  10           37.887         12          11.924         64          64.004          38.154         -38.307      -89382.000       -6262.000       57004.000     -106123.000       50802.000       94062.000     -109775.000      -26015.000 
-12435  
-1  12  11           40.393          4           4.266         64          64.003          28.980         -53.237      -16004.000       -1701.000        7194.000      -18526.000        6389.000       16199.000      -21687.000       -8547.000 
-12435  
-1  22  12           37.777         12          11.925         64          64.001          38.364         -38.283      -88432.000        9193.000       38612.000     -114554.000       66263.000       85942.000     -112304.000       -6868.000 
-12435  
-1  12  13           40.547          4           4.289         64          63.996          29.035         -53.130      -15763.000       -1521.000        7050.000      -18371.000        6712.000       16227.000      -22704.000       -8734.000 
-12435  
-1  22  14           37.807         12          11.922         64          64.000          38.286         -38.312      -88233.000        6535.000       41809.000     -112553.000       64077.000       86623.000     -112704.000       -9611.000 
-12435  
-1  12  15           40.333          4           4.275         64          63.998          29.109         -53.180      -15763.000       -2311.000        8103.000      -18247.000        5515.000       16533.000      -21827.000       -9376.000 
-12435  
-1  22  16           37.843         12          11.925         64          64.000          38.155         -38.301      -89141.000       -3012.000       54596.000     -107845.000       54050.000       93246.000     -109823.000      -22763.000 
-12435  
-1  12  17           40.670          4           4.291         64          63.988          28.998         -53.286      -15953.000       -1637.000        7195.000      -18213.000        6725.000       15917.000      -21508.000       -9065.000 
-12435  
-1  22  18           37.877         12          11.926         64          64.002          38.158         -38.305      -89303.000        3672.000       43559.000     -111923.000       61274.000       88664.000     -111793.000      -13729.000 
-12435  
-1  12  19           40.793          4           4.285         64          63.992          28.810         -53.319      -15472.000       -1753.000        6977.000      -18178.000        6138.000       15563.000      -22046.000       -9235.000 
-12435  
-1  22  20           37.860         12          11.924         64          64.001          38.415         -38.289      -88499.000        9675.000       37850.000     -115295.000       67357.000       83464.000     -112690.000       -6606.000 
-12435  
-1  12  21           40.637          4           4.290         64          64.005          28.847         -53.246      -16306.000       -1600.000        7043.000      -18198.000        6468.000       15879.000      -21920.000       -8602.000 
-12435  
-1  22  22           37.750         12          11.926         64          64.005          38.447         -38.289      -88369.000        -458.000       49415.000     -110339.000       57180.000       92493.000     -110881.000      -18744.000 
-12435  
-1  12  23           40.417          4           4.286         64          64.009          29.014         -53.204      -15450.000       -1545.000        7653.000      -19141.000        5855.000       15927.000      -21891.000       -8892.000 
-12435  
-1  22  24           37.847         12          11.927         64          64.004          38.354         -38.258      -89315.000       -2408.000       53387.000     -109321.000       54379.000       92876.000     -111329.000      -21691.000 
-12435  
-1  12  25           40.440          4           4.280         64          64.016          29.257         -53.040      -16357.000       -2222.000        8429.000      -17942.000        5928.000       16913.000      -22154.000       -9644.000 
-12435  
-1  22  26           37.827         12          11.927         64          64.003          38.730         -38.278      -89178.000        2737.000       45823.000     -111600.000       59506.000       89855.000     -112578.000      -14288.000 
-12435  
-1  12  27           40.557          4           4.287         64          63.989          29.031         -53.163      -15441.000       -1596.000        7533.000      -18207.000        6221.000       16848.000      -22071.000       -9360.000 
-12435  
-1  22  28           37.823         12          11.924         64          63.997          38.420         -38.270      -88930.000         959.000       47811.000     -110586.000       59530.000       90377.000     -112648.000      -16422.000 
-12435  
-1  12  29           40.630          4           4.296         64          64.007          29.078         -53.140      -16256.000       -1725.000        7418.000      -18156.000        6292.000       15853.000      -22671.000       -8821.000 
-12435  
-1  22  30           37.780         12          11.928         64          63.999          38.692         -38.278      -88332.000       11942.000       33999.000     -116667.000       69033.000       82172.000     -113014.000       -2450.000 
-12435  
-1  12  31           40.757          4           4.296         64          64.006          28.802         -53.176      -16300.000       -1967.000        7328.000      -18246.000        5596.000       16347.000      -21916.000       -9321.000 
-12435  
-1  22  32           37.773         12          11.923         64          64.002          38.352         -38.308      -88769.000       -5459.000       56349.000     -106137.000       51449.000       95185.000     -109637.000      -24591.000 
-12435  
-1  12  33           40.347          4           4.288         64          63.996          28.794         -53.188      -15827.000       -1558.000        7721.000      -18355.000        6168.000       16498.000      -21965.000       -8695.000 
-12435  
-1  22  34           37.783         12          11.924         64          64.004          38.543         -38.275      -88955.000       -6403.000       57134.000     -106396.000       51433.000       94933.000     -110452.000      -25365.000 
-12435  
-1  12  35           40.687          4           4.298         64          64.000          28.879         -53.201      -16418.000        -828.000        6449.000      -18518.000        6670.000       15823.000      -22445.000       -7735.000 
-12435  
-1  22  36           37.817         12          11.922         64          63.998          38.208         -38.292      -88917.000       11699.000       33528.000     -116028.000       68976.000       81967.000     -112909.000       -2378.000 
-12435  
-1  12  37           40.380          4           4.281         64          64.013          28.821         -53.193      -15582.000       -2479.000        8222.000      -18152.000        5091.000       16563.000      -21819.000       -9675.000 
-12435  
-1  22  38           37.903         12          11.926         64          64.003          38.456         -38.295      -88951.000         373.000       49625.000     -109960.000       56970.000       91216.000     -111491.000      -19069.000 
-12435  
-1  12  39           40.670          4           4.290         64          63.992          29.038         -53.228      -16310.000       -2387.000        8280.000      -18019.000        5612.000       15543.000      -21719.000       -9703.000 
-12435  
-1  22  40           37.480         12          11.924         64          64.001          38.183         -38.338      -87042.000       -5724.000       55661.000     -106942.000       52180.000       94376.000     -109672.000      -23723.000 
-12435  
-1  12  41           40.447          4           4.286         64          64.005          28.760         -53.192      -16054.000       -2187.000        7557.000      -18462.000        5776.000       16219.000      -21838.000       -9082.000 
-12435  
-1  22  42           37.763         12          11.927         64          64.002          38.465         -38.269      -89427.000        2401.000       46170.000     -112323.000       60955.000       89356.000     -111543.000      -14766.000 
-12435  
-1  12  43           40.750          4           4.280         64          64.010          28.832         -53.261      -15732.000       -1892.000        8349.000      -17267.000        5327.000       16168.000      -22084.000       -9791.000 
-12435  
-1  22  44           37.583         12          11.926         64          64.003          38.277         -38.262      -88461.000        1955.000       46689.000     -112718.000       60482.000       89699.000     -112063.000      -14488.000 
-12435  
-1  12  45           40.837          4           4.277         64          63.986          28.857         -53.339      -16004.000       -1631.000        7380.000      -18182.000        5785.000       15434.000      -21609.000       -9137.000 
-12435  
-1  22  46           37.827         12          11.922         64          64.005          38.196         -38.315      -88939.000        3486.000       44864.000     -110918.000       60385.000       89169.000     -112278.000      -13123.000 
-12435  
-1  12  47           40.393          4           4.293         64          63.992          28.750         -53.312      -15690.000       -1328.000        7139.000      -18687.000        6719.000       15574.000      -21696.000       -8269.000 
-12435  
-1  22  48           37.867         12          11.927         64          64.003          38.194         -38.275      -88543.000        6428.000       41629.000     -113295.000       64210.000       86404.000     -113609.000      -10105.000 
-12435  
-1  12  49           40.090          4           4.287         64          64.000          28.883         -53.222      -15594.000       -2115.000        7297.000      -18742.000        6451.000       15833.000      -22219.000       -8235.000 
-12435  
-1  22  50           37.840         12          11.922         64          64.002          38.450         -38.269      -89024.000        8865.000       38633.000     -114643.000       65407.000       86353.000     -112595.000       -7533.000 
-12435  
-1  12  51           40.707          4           4.268         64          64.007          29.147         -53.149      -16263.000       -1645.000        7550.000      -18686.000        6236.000       15840.000      -22005.000       -9168.000 
-12435  
-1  22  52           37.720         12          11.925         64          64.001          38.461         -38.273      -88777.000        2838.000       45784.000     -111909.000       60459.000       90145.000     -112193.000      -13820.000 
-12435  
-1  12  53           40.313          4           4.283         64          64.004          28.962         -53.113      -15956.000       -2347.000        8150.000      -18720.000        5495.000       16321.000      -22007.000       -9299.000 
-12435  
-1  22  54           37.837         12          11.928         64          64.003          38.258         -38.330      -88630.000       -1208.000       50583.000     -109183.000       54864.000       91450.000     -111226.000      -19323.000 
-12435  
-1  12  55           40.353          4           4.284         64          64.003          28.880         -53.184      -16027.000       -2254.000        7936.000      -18599.000        5761.000       16210.000      -21634.000       -9188.000 
-12435  
-1  22  56           37.760         12          11.924         64          64.002          38.585         -38.305      -87313.000       13875.000       30008.000     -116488.000       71325.000       80988.000     -113063.000         715.000 
-12435  
-1  12  57           40.587          4           4.296         64          63.994          28.676         -53.311      -15828.000       -1021.000        7585.000      -18372.000        5978.000       16133.000      -21437.000       -8557.000 
-12435  
-1  22  58           37.857         12          11.925         64          64.000          38.382         -38.262      -89417.000        4011.000       44682.000     -112727.000       60988.000       88263.000     -113122.000      -12957.000 
-12435  
-1  12  59           40.350          4           4.292         64          64.011          28.895         -53.245      -15421.000       -2129.000        7450.000      -18675.000        5707.000       16023.000      -21944.000       -8982.000 
-12435  
-1  22  60           37.687         12          11.925         64          64.002          38.276         -38.286      -88942.000       -4632.000       55252.000     -107471.000       52296.000       94792.000     -110217.000      -22882.000 
-12435  
-1  12  61           40.290          4           4.290         64          64.005          28.851         -53.212      -15841.000       -1026.000        6684.000      -19167.000        6772.000       16360.000      -21694.000       -7825.000 
-12435  
-1  22  62           37.790         12          11.926         64          64.000          38.568         -38.227      -88869.000        2485.000       45808.000     -113036.000       60787.000       90048.000     -112955.000      -14948.000 
-12435  
-1  12  63           40.430          4           4.284         64          64.005          29.027         -53.246      -15963.000       -1989.000        8038.000      -17733.000        5711.000       16558.000      -21658.000       -9164.000 
-12435  
-1  22  64           37.783         12          11.927         64          64.006          38.318         -38.278      -88005.000       -2985.000       53853.000     -108449.000       55226.000       93655.000     -110719.000      -22717.000 
-12435  
-1  12  65           40.687          4           4.300         64          63.993          29.145         -53.209      -15587.000       -1843.000        7634.000      -18419.000        5914.000       15878.000      -22119.000       -9498.000 
-12435  
-1  22  66           37.630         12          11.925         64          64.002          38.490         -38.293      -89033.000        3964.000       43844.000     -112866.000       61748.000       88198.000     -111905.000      -11366.000 
-12435  
-1  12  67           40.637          4           4.300         64          64.006          28.781         -53.280      -16096.000       -1451.000        7454.000      -17975.000        5557.000       16056.000      -21999.000       -8577.000 
-12435  
-1  22  68           37.763         12          11.926         64          64.000          38.634         -38.301      -88953.000       -6877.000       57502.000     -105669.000       50313.000       95419.000     -109705.000      -25675.000 
-12435  
-1  12  69           40.523          4           4.287         64          63.997          28.754         -53.197      -16165.000       -1298.000        7766.000      -18528.000        6412.000       15923.000      -21861.000       -8677.000 
-12435  
-1  22  70           37.887         12          11.927         64          64.004          38.523         -38.263      -89516.000        1859.000       48694.000     -111017.000       58719.000       90872.000     -111586.000      -17345.000 
-12435  
-1  12  71           40.653          4           4.291         64          63.997          28.768         -53.123      -16432.000        -896.000        6830.000      -18870.000        6987.000       15904.000      -22337.000       -8155.000 
-12435  
-1  22  72           37.850         12          11.924         64          64.000          38.197         -38.274      -88934.000         234.000       49436.000     -110816.000       57765.000       90958.000     -111648.000      -18492.000 
-12435  
-1  12  73           40.793          4           4.300         64          64.006          28.529         -53.255      -15807.000        -494.000        5729.000      -18782.000        6952.000       15489.000      -22667.000       -7544.000 
-12435  
-1  22  74           37.853         12          11.926         64          64.003          38.479         -38.290      -88785.000        5903.000       42855.000     -112590.000       63713.000       87668.000     -112120.000      -11596.000 
-12435  
-1  12  75           40.467          4           4.279         64          64.007          28.842         -53.299      -16055.000       -2070.000        7545.000      -18024.000        6024.000       16146.000      -21393.000       -8992.000 
-12435  
-1  22  76           37.847         12          11.927         64          64.003          38.421         -38.273      -88880.000       -3077.000       52981.000     -109224.000       54024.000       92920.000     -111199.000      -22277.000 
-12435  
-1  12  77           40.663          4           4.282         64          64.016          28.802         -53.323      -15783.000       -1527.000        7758.000      -18260.000        5807.000       15151.000      -22015.000       -8851.000 
-12435  
-1  22  78           37.803         12          11.924         64          64.000          38.337         -38.314      -89113.000        5267.000       42796.000     -112486.000       62576.000       87566.000     -111613.000      -11214.000 
-12435  
-1  12  79           40.400          4           4.280         64          64.007          28.636         -53.182      -15499.000       -2668.000        7880.000      -17852.000        5433.000       16573.000      -22199.000       -9725.000 
-12435  
-1  22  80           37.773         12          11.926         64          64.001          38.360         -38.256      -88260.000        4509.000       43654.000     -112708.000       62521.000       89519.000     -112924.000      -12498.000 
-12435  
-1  12  81           40.423          4           4.291         64          64.000          28.925         -53.244      -16114.000       -1250.000        7262.000      -18570.000        5950.000       15869.000      -22110.000       -7969.000 
-12435  
-1  22  82           37.753         12          11.923         64          64.003          38.525         -38.277      -88375.000        4861.000       43243.000     -113020.000       62782.000       88224.000     -112645.000      -11577.000 
-12435  
-1  12  83           40.440          4           4.276         64          63.992          29.290         -53.239      -15789.000       -2268.000        7658.000      -18386.000        5741.000       16290.000      -21529.000       -9325.000 
-12435  
-1  22  84           37.593         12          11.924         64          64.004          38.404         -38.279      -88626.000       -2916.000       53925.000     -108878.000       54850.000       92880.000     -110940.000      -20710.000 
-12435  
-1  12  85           40.670          4           4.288         64          63.994          28.502         -53.370      -16072.000       -1226.000        6804.000      -18376.000        6389.000       15741.000      -21296.000       -8350.000 
-12435  
-1  22  86           37.833         12          11.925         64          64.000          38.381         -38.278      -89017.000         450.000       49742.000     -110127.000       56659.000       92091.000     -111633.000      -18119.000 
-12435  
-1  12  87           40.447          4           4.299         64          64.008          28.789         -53.180      -16244.000       -1043.000        6557.000      -18960.000        7190.000       15557.000      -22364.000       -7702.000 
-12435  
-1  22  88           37.860         12          11.930         64          63.996          38.358         -38.294      -88183.000        2928.000       46114.000     -111812.000       59874.000       89411.000     -112313.000      -15385.000 
-12435  
-1  12  89           40.527          4           4.267         64          64.006          28.829         -53.256      -15445.000        -903.000        6538.000      -18810.000        6095.000       16147.000      -22309.000       -7923.000 
-12435  
-1  22  90           37.777         12          11.924         64          63.998          38.341         -38.259      -89152.000       -4251.000       55484.000     -108081.000       53180.000       93937.000     -110910.000      -23191.000 
-12435  
-1  12  91           40.627          4           4.298         64          64.001          28.903         -53.186      -16170.000       -2121.000        7772.000      -18555.000        5185.000       15820.000      -22029.000       -9235.000 
-12435  
-1  22  92           37.760         12          11.923         64          63.998          38.404         -38.286      -88134.000        5132.000       42243.000     -113380.000       63335.000       87492.000     -112715.000      -11104.000 
-12435  
-1  12  93           40.937          4           4.284         64          64.010          28.769         -53.225      -16131.000       -2254.000        8034.000      -17447.000        5052.000       16556.000      -21554.000      -10317.000 
-12435  
-1  22  94           37.757         12          11.924         64          64.002          38.428         -38.263      -88615.000        -617.000       49849.000     -110359.000       57801.000       91628.000     -112163.000      -18311.000 
-12435  
-1  12  95           40.550          4           4.289         64          64.007          28.845         -53.135      -16503.000       -1610.000        7596.000      -18483.000        5996.000       16489.000      -21834.000       -8811.000 
-12435  
-1  22  96           37.757         12          11.924         64          64.006          38.352         -38.285      -88837.000        1722.000       48029.000     -111479.000       59015.000       90107.000     -111618.000      -15808.000 
-12435  
-1  12  97           40.537          4           4.293         64          64.016          28.842         -53.210      -16077.000       -1805.000        8021.000      -18389.000        5549.000       16214.000      -21638.000       -9172.000 
-12435  
-1  22  98           37.570         12          11.926         64          64.001          38.573         -38.279      -88500.000       -5295.000       55360.000     -107866.000       52608.000       94590.000     -110453.000      -23018.000 
-12435  
-1  12  99           40.700          4           4.279         64          63.995          28.930         -53.225      -16109.000        -782.000        6062.000      -18690.000        7479.000       15421.000      -22465.000       -7766.000 
-12435  
