-1  12  1          -13.457          4           4.360         64          64.013          23.705         -58.129        7456.000       12482.000        9286.000        3825.000       11066.000       -3619.000       -2288.000       -5788.000 
-12435  
-1  22  2          -16.087         12          12.030         64          64.007          42.742         -33.803      -56751.000     -181061.000     -134382.000      -23799.000     -170320.000      108244.000       34248.000      187622.000 
-12435  
-1  12  3          -13.967          4           4.355         64          64.015          23.784         -58.266        8154.000       11738.000        9235.000        2345.000       10636.000       -4950.000       -3287.000       -5283.000 
-12435  
-1  22  4          -16.117         12          12.032         64          64.007          42.667         -33.800      -62163.000     -179002.000     -134686.000      -21299.000     -166497.000      113544.000       39452.000      187526.000 
-12435  
-1  12  5          -14.013          4           4.362         64          64.035          24.014         -58.186       10076.000       11055.000        8886.000        1412.000        9669.000       -6134.000       -3908.000       -5389.000 
-12435  
-1  22  6          -16.090         12          12.031         64          64.000          42.585         -33.788      -85904.000     -168762.000     -136533.000        -757.000     -149623.000      135347.000       64899.000      181010.000 
-12435  
-1  12  7          -13.420          4           4.342         64          63.996          23.835         -58.052        9341.000       11374.000        9561.000        2239.000       10715.000       -5943.000       -3143.000       -4711.000 
-12435  
-1  22  8          -16.110         12          12.031         64          63.996          42.672         -33.808      -65766.000     -177377.000     -134913.000      -17372.000     -164307.000      116894.000       43992.000      186246.000 
-12435  
-1  12  9          -14.073          4           4.358         64          64.005          24.227         -57.990        7735.000       13065.000        9018.000        2984.000       10850.000       -4475.000       -2980.000       -5915.000 
-12435  
-1  22  10          -16.063         12          12.030         64          63.998          42.672         -33.794      -69598.000     -176315.000     -136167.000      -14069.000     -162010.000      120277.000       46621.000      185600.000 
-12435  
-1  12  11          -13.800          4           4.370         64          63.998          24.594         -57.952        7773.000       12771.000        8955.000        3135.000       11480.000       -4080.000       -2547.000       -6188.000 
-12435  
-1  22  12          -16.103         12          12.032         64          64.007          42.724         -33.817      -80931.000     -171785.000     -136458.000       -5858.000     -152593.000      130279.000       58956.000      181311.000 
-12435  
-1  12  13          -13.653          4           4.351         64          63.999          24.050         -57.942        8531.000       12347.000        9680.000        2335.000       10892.000       -5162.000       -2675.000       -5582.000 
-12435  
-1  22  14          -16.087         12          12.028         64          64.006          42.999         -33.791      -75093.000     -174355.000     -136417.000       -9943.000     -157953.000      125581.000       52937.000      183908.000 
-12435  
-1  12  15          -14.163          4           4.331         64          64.000          23.858         -58.065        9412.000       11477.000        9022.000        1837.000        9993.000       -6413.000       -3757.000       -5798.000 
-12435  
-1  22  16          -16.100         12          12.028         64          64.003          42.497         -33.810      -73114.000     -174322.000     -135899.000      -11802.000     -158871.000      123516.000       51258.000      184539.000 
-12435  
-1  12  17          -13.877          4           4.369         64          63.992          23.764         -58.055        9307.000       12196.000        9510.000        2259.000        9998.000       -5426.000       -2780.000       -5180.000 
-12435  
-1  22  18          -16.110         12          12.028         64          63.996          42.694         -33.787      -75562.000     -173559.000     -136063.000      -10059.000     -157554.000      125887.000       53960.000      184880.000 
-12435  
-1  12  19          -13.960          4           4.347         64          64.006          24.317         -57.915        8529.000       12874.000        9573.000        2357.000       10486.000       -4832.000       -2755.000       -5871.000 
-12435  
-1  22  20          -16.067         12          12.030         64          63.998          42.780         -33.785      -68856.000     -176301.000     -136347.000      -14827.000     -163078.000      119672.000       46333.000      185987.000 
-12435  
-1  12  21          -13.900          4           4.349         64          63.991          24.040         -58.061        8513.000       12100.000        9048.000        2609.000       10868.000       -5388.000       -2732.000       -5657.000 
-12435  
-1  22  22          -16.133         12          12.032         64          64.004          42.669         -33.796      -50707.000     -183148.000     -133238.000      -28433.000     -173017.000      104080.000       28184.000      188986.000 
-12435  
-1  12  23          -14.037          4           4.349         64          63.996          24.014         -58.005        8292.000       12359.000        9187.000        2348.000       10898.000       -5392.000       -3175.000       -5590.000 
-12435  
-1  22  24          -16.087         12          12.031         64          64.006          42.423         -33.778      -96376.000     -164558.000     -136554.000        6616.000     -141647.000      144013.000       75074.000      176049.000 
-12435  
-1  12  25          -13.893          4           4.335         64          63.981          23.826         -58.103        9098.000       11727.000        9233.000        2463.000       10502.000       -4988.000       -3211.000       -5687.000 
-12435  
-1  22  26          -16.083         12          12.030         64          64.003          42.486         -33.804      -77548.000     -171938.000     -136894.000       -7713.000     -155755.000      127870.000       56214.000      183150.000 
-12435  
-1  12  27          -14.110          4           4.336         64          63.990          24.330         -57.977        8986.000       11972.000        9606.000        2154.000       10246.000       -5518.000       -3673.000       -5827.000 
-12435  
-1  22  28          -16.090         12          12.029         64          63.998          42.660         -33.791      -65548.000     -178001.000     -135174.000      -17355.000     -164453.000      116693.000       42694.000      187259.000 
-12435  
-1  12  29          -13.963          4           4.339         64          64.018          23.795         -58.095        9081.000       11974.000        9321.000        2180.000       10158.000       -5535.000       -2960.000       -5506.000 
-12435  
-1  22  30          -16.080         12          12.029         64          64.001          42.688         -33.788      -67970.000     -177557.000     -136088.000      -15678.000     -163015.000      118066.000       45243.000      186327.000 
-12435  
-1  12  31          -13.870          4           4.341         64          64.015          23.923         -58.174        8763.000       12051.000        9291.000        1943.000       10073.000       -5350.000       -2480.000       -5757.000 
-12435  
-1  22  32          -16.087         12          12.030         64          64.001          42.811         -33.811      -53613.000     -181074.000     -134157.000      -27450.000     -171261.000      104998.000       30030.000      189283.000 
-12435  
-1  12  33          -14.030          4           4.376         64          63.997          24.107         -58.028        8178.000       12713.000        9770.000        2021.000       10012.000       -5187.000       -2684.000       -5968.000 
-12435  
-1  22  34          -16.107         12          12.033         64          64.002          42.855         -33.774      -78920.000     -172908.000     -136518.000       -8305.000     -155965.000      128581.000       57273.000      183430.000 
-12435  
-1  12  35          -13.877          4           4.347         64          64.012          24.139         -58.110        8896.000       11968.000        9458.000        2160.000       10327.000       -5250.000       -3002.000       -5383.000 
-12435  
-1  22  36          -16.090         12          12.031         64          64.002          42.705         -33.803      -77370.000     -172323.000     -135693.000       -8241.000     -156260.000      127291.000       55579.000      184015.000 
-12435  
-1  12  37          -13.957          4           4.355         64          64.010          23.876         -58.091        8780.000       11840.000        9506.000        2088.000       10481.000       -5628.000       -3284.000       -5150.000 
-12435  
-1  22  38          -16.073         12          12.028         64          64.001          42.512         -33.784      -59879.000     -180429.000     -135042.000      -21900.000     -168241.000      110723.000       36227.000      188587.000 
-12435  
-1  12  39          -13.970          4           4.358         64          63.996          24.409         -57.887        9405.000       12331.000        9784.000        2201.000       10116.000       -5437.000       -3038.000       -5676.000 
-12435  
-1  22  40          -16.077         12          12.031         64          64.002          42.849         -33.802      -62885.000     -178776.000     -135372.000      -18733.000     -166203.000      114235.000       40325.000      186743.000 
-12435  
-1  12  41          -13.897          4           4.350         64          63.993          24.081         -58.014        7946.000       12629.000        9445.000        2613.000       10762.000       -4649.000       -2397.000       -6145.000 
-12435  
-1  22  42          -16.070         12          12.032         64          64.002          42.476         -33.785      -82113.000     -171082.000     -136512.000       -3330.000     -152982.000      132558.000       60212.000      181681.000 
-12435  
-1  12  43          -13.767          4           4.352         64          64.012          23.892         -58.050        8141.000       12234.000       10011.000        2236.000       10435.000       -4946.000       -2429.000       -5919.000 
-12435  
-1  22  44          -16.077         12          12.030         64          64.003          42.586         -33.804      -75200.000     -173782.000     -136065.000      -10383.000     -157697.000      124709.000       52440.000      184560.000 
-12435  
-1  12  45          -14.097          4           4.357         64          64.013          23.986         -58.044        8676.000       11954.000        9201.000        2106.000       10669.000       -5358.000       -3672.000       -5731.000 
-12435  
-1  22  46          -16.047         12          12.031         64          64.003          42.555         -33.785      -79523.000     -172574.000     -136311.000       -7396.000     -156604.000      128192.000       56093.000      182853.000 
-12435  
-1  12  47          -13.490          4           4.378         64          64.006          24.106         -58.050        8965.000       11954.000        9524.000        1956.000       10522.000       -5270.000       -2731.000       -5628.000 
-12435  
-1  22  48          -16.110         12          12.028         64          64.001          42.658         -33.784      -94805.000     -164932.000     -136107.000        4981.000     -142786.000      142160.000       74036.000      177437.000 
-12435  
-1  12  49          -13.617          4           4.350         64          63.997          23.915         -58.098        8813.000       11744.000        9938.000        2166.000       10206.000       -5242.000       -2634.000       -5692.000 
-12435  
-1  22  50          -16.067         12          12.030         64          64.002          42.621         -33.810      -58381.000     -179608.000     -134478.000      -21788.000     -168711.000      109380.000       35110.000      188811.000 
-12435  
-1  12  51          -13.270          4           4.339         64          63.998          23.929         -58.006        8361.000       12243.000        9734.000        2290.000       10750.000       -4945.000       -2193.000       -5992.000 
-12435  
-1  22  52          -16.067         12          12.030         64          64.000          42.713         -33.790      -70505.000     -175320.000     -136183.000      -14122.000     -161662.000      121187.000       47587.000      186007.000 
-12435  
-1  12  53          -13.817          4           4.358         64          64.000          23.805         -58.124        8237.000       12009.000        9588.000        2706.000       10570.000       -5259.000       -2530.000       -5471.000 
-12435  
-1  22  54          -16.103         12          12.029         64          64.000          42.723         -33.795      -59947.000     -180210.000     -135244.000      -21903.000     -167825.000      111805.000       37548.000      187266.000 
-12435  
-1  12  55          -13.637          4           4.354         64          64.002          24.046         -57.986        9075.000       12189.000        9364.000        1811.000       10507.000       -5724.000       -2558.000       -5591.000 
-12435  
-1  22  56          -16.083         12          12.028         64          63.999          42.860         -33.797      -60775.000     -178325.000     -135414.000      -21027.000     -167286.000      112648.000       38145.000      188468.000 
-12435  
-1  12  57          -13.750          4           4.368         64          63.994          24.098         -58.094        8361.000       11980.000        9369.000        2427.000       10777.000       -5492.000       -2509.000       -5551.000 
-12435  
-1  22  58          -16.057         12          12.028         64          64.001          42.668         -33.779      -75818.000     -173992.000     -135652.000       -9156.000     -159152.000      126050.000       53031.000      184235.000 
-12435  
-1  12  59          -13.420          4           4.369         64          64.003          23.801         -58.162        8585.000       12078.000        9001.000        2586.000       10658.000       -5242.000       -2364.000       -5377.000 
-12435  
-1  22  60          -16.060         12          12.030         64          64.000          42.819         -33.789      -69328.000     -177373.000     -135347.000      -14975.000     -163005.000      119832.000       45497.000      185347.000 
-12435  
-1  12  61          -13.833          4           4.340         64          63.985          23.907         -58.052        8640.000       12147.000        9130.000        1975.000       10838.000       -5334.000       -2917.000       -5594.000 
-12435  
-1  22  62          -16.070         12          12.030         64          64.005          42.521         -33.799      -78667.000     -172199.000     -136487.000       -8035.000     -156350.000      127587.000       56579.000      182723.000 
-12435  
-1  12  63          -13.987          4           4.368         64          64.004          23.924         -58.182        8434.000       11950.000        9231.000        2038.000       10407.000       -5482.000       -3028.000       -5459.000 
-12435  
-1  22  64          -16.103         12          12.029         64          64.002          42.496         -33.797      -55080.000     -181795.000     -133585.000      -24908.000     -170643.000      107224.000       32000.000      189036.000 
-12435  
-1  12  65          -14.000          4           4.346         64          64.009          24.032         -57.986        8550.000       12322.000        9418.000        1875.000       10796.000       -5084.000       -3457.000       -5590.000 
-12435  
-1  22  66          -16.067         12          12.028         64          64.003          42.530         -33.789      -74418.000     -174871.000     -135811.000      -10126.000     -159028.000      125199.000       51367.000      184073.000 
-12435  
-1  12  67          -13.983          4           4.334         64          64.002          23.682         -58.234        8258.000       11404.000        9324.000        1485.000       10607.000       -5701.000       -3265.000       -5647.000 
-12435  
-1  22  68          -16.073         12          12.028         64          64.002          42.568         -33.807      -64943.000     -177722.000     -135899.000      -17400.000     -164666.000      116614.000       42262.000      185885.000 
-12435  
-1  12  69          -13.863          4           4.340         64          64.002          23.985         -58.063        8500.000       11948.000        9270.000        1954.000       10832.000       -5208.000       -2928.000       -6012.000 
-12435  
-1  22  70          -16.113         12          12.029         64          63.999          42.842         -33.778      -71962.000     -176465.000     -135887.000      -12957.000     -160635.000      121934.000       50104.000      185344.000 
-12435  
-1  12  71          -13.923          4           4.353         64          64.011          24.026         -58.027        8607.000       12429.000        9326.000        2106.000       10602.000       -4813.000       -3048.000       -5764.000 
-12435  
-1  22  72          -16.100         12          12.031         64          64.001          42.529         -33.783      -75668.000     -174757.000     -136594.000       -9884.000     -157344.000      125533.000       53472.000      184225.000 
-12435  
-1  12  73          -13.963          4           4.363         64          63.998          23.978         -57.989        8805.000       12143.000        9392.000        2413.000       10593.000       -5342.000       -3023.000       -5792.000 
-12435  
-1  22  74          -16.057         12          12.029         64          63.999          42.737         -33.818      -83020.000     -169106.000     -136787.000       -3016.000     -151678.000      132800.000       61096.000      180820.000 
-12435  
-1  12  75          -13.290          4           4.357         64          64.010          23.901         -58.080        8641.000       12081.000        9311.000        2335.000       10908.000       -4881.000       -2700.000       -5402.000 
-12435  
-1  22  76          -16.087         12          12.032         64          64.003          42.564         -33.807      -62377.000     -178882.000     -135249.000      -19657.000     -165822.000      114172.000       39315.000      187023.000 
-12435  
-1  12  77          -13.773          4           4.341         64          64.013          23.745         -58.100        8728.000       11918.000        9452.000        1932.000       10552.000       -5432.000       -2885.000       -5413.000 
-12435  
-1  22  78          -16.067         12          12.029         64          64.001          42.858         -33.811      -67223.000     -177302.000     -135045.000      -15661.000     -163494.000      118515.000       43861.000      185347.000 
-12435  
-1  12  79          -14.013          4           4.359         64          64.008          24.028         -58.138        8260.000       11958.000        9131.000        1992.000       10855.000       -4964.000       -3452.000       -5706.000 
-12435  
-1  22  80          -16.080         12          12.031         64          64.001          42.684         -33.799      -69650.000     -176080.000     -135401.000      -14898.000     -162083.000      121136.000       46594.000      185255.000 
-12435  
-1  12  81          -13.870          4           4.344         64          64.000          24.113         -57.925        9143.000       12133.000        9415.000        2292.000       10711.000       -5181.000       -3090.000       -5840.000 
-12435  
-1  22  82          -16.117         12          12.028         64          64.001          42.663         -33.806      -58882.000     -180020.000     -134425.000      -22771.000     -168309.000      110725.000       36619.000      187758.000 
-12435  
-1  12  83          -13.903          4           4.343         64          64.009          24.027         -58.078        9127.000       12075.000        9273.000        1996.000       10228.000       -5532.000       -2847.000       -5463.000 
-12435  
-1  22  84          -16.107         12          12.028         64          63.999          42.698         -33.812      -55352.000     -182116.000     -133003.000      -25648.000     -170613.000      106676.000       32023.000      188050.000 
-12435  
-1  12  85          -13.847          4           4.354         64          64.010          24.087         -58.138        8567.000       11807.000        9102.000        2668.000       10711.000       -5541.000       -2652.000       -5507.000 
-12435  
-1  22  86          -16.057         12          12.029         64          64.000          42.914         -33.765      -63536.000     -178943.000     -135769.000      -18922.000     -166970.000      115115.000       39821.000      187923.000 
-12435  
-1  12  87          -13.740          4           4.332         64          63.989          23.875         -58.111        8719.000       11607.000        9301.000        2401.000       10791.000       -5387.000       -2882.000       -5639.000 
-12435  
-1  22  88          -16.080         12          12.031         64          64.000          42.728         -33.792      -58809.000     -179710.000     -135387.000      -22290.000     -168933.000      110269.000       36371.000      188362.000 
-12435  
-1  12  89          -14.017          4           4.375         64          64.011          23.795         -58.275        8627.000       11419.000        9483.000        1977.000        9903.000       -5589.000       -3132.000       -5711.000 
-12435  
-1  22  90          -16.097         12          12.030         64          64.001          42.777         -33.781      -75015.000     -174669.000     -136343.000      -10559.000     -158900.000      125110.000       53386.000      183905.000 
-12435  
-1  12  91          -13.867          4           4.364         64          63.978          24.141         -58.076        8310.000       12596.000        9449.000        2314.000       10457.000       -4797.000       -2622.000       -5556.000 
-12435  
-1  22  92          -16.083         12          12.029         64          64.003          42.653         -33.790      -67854.000     -177641.000     -135991.000      -15095.000     -163155.000      119239.000       45484.000      185318.000 
-12435  
-1  12  93          -13.530          4           4.348         64          64.014          24.454         -58.137        8143.000       12560.000        9330.000        2338.000       10662.000       -4760.000       -2449.000       -5168.000 
-12435  
-1  22  94          -16.107         12          12.032         64          64.001          42.541         -33.796      -93477.000     -165123.000     -136884.000        5135.000     -142857.000      141387.000       73270.000      177209.000 
-12435  
-1  12  95          -13.937          4           4.357         64          63.995          23.928         -58.026        8164.000       11997.000       10135.000        2146.000       10426.000       -4969.000       -2836.000       -6236.000 
-12435  
-1  22  96          -16.073         12          12.032         64          64.001          43.026         -33.796      -74248.000     -174674.000     -136098.000      -11412.000     -159092.000      124944.000       51400.000      183576.000 
-12435  
-1  12  97          -14.057          4           4.324         64          63.998          24.093         -58.026        8534.000       11759.000       10047.000        1730.000       10274.000       -5931.000       -3245.000       -5646.000 
-12435  
-1  22  98          -16.070         12          12.030         64          64.001          42.536         -33.787      -71640.000     -175351.000     -135851.000      -12112.000     -161252.000      122215.000       49325.000      185369.000 
-12435  
-1  12  99          -14.007          4           4.346         64          63.998          23.765         -58.159        8492.000       11969.000        8827.000        2678.000       10444.000       -5581.000       -2823.000       -5874.000 
-12435  
