-1  12  1           -8.023          4           4.246         64          64.007          37.485         -44.157       57861.000        2994.000       29372.000      -34480.000       25467.000      -53793.000       -5605.000      -56206.000 
-12435  
-1  22  2           -7.007         12          11.997         64          64.005          42.933         -33.637       -5254.000     -203902.000     -109250.000     -112343.000     -173277.000      -99520.000     -175434.000       -3580.000 
-12435  
-1  12  3           -8.043          4           4.241         64          64.009          37.689         -44.138       58245.000       -2711.000       26574.000      -36783.000       20408.000      -56075.000      -11331.000      -55203.000 
-12435  
-1  22  4           -7.007         12          11.997         64          64.008          42.640         -33.619      -43500.000     -198734.000     -128937.000      -89492.000     -190392.000      -65526.000     -173226.000       29203.000 
-12435  
-1  12  5           -8.020          4           4.240         64          64.006          37.654         -44.097       57724.000       -7951.000       22929.000      -39262.000       15719.000      -57830.000      -16146.000      -54741.000 
-12435  
-1  22  6           -7.010         12          11.997         64          64.001          42.584         -33.640      -35115.000     -200114.000     -125843.000      -93721.000     -186475.000      -71765.000     -174361.000       23282.000 
-12435  
-1  12  7           -8.023          4           4.245         64          63.999          37.654         -44.145       57488.000       -5585.000       24406.000      -38553.000       17560.000      -57582.000      -13776.000      -54255.000 
-12435  
-1  22  8           -7.010         12          11.996         64          63.997          42.932         -33.642      -36631.000     -200643.000     -124957.000      -93522.000     -187111.000      -71478.000     -173343.000       23964.000 
-12435  
-1  12  9           -8.040          4           4.245         64          63.998          37.624         -44.131       58480.000         320.000       27838.000      -35596.000       22828.000      -55053.000       -8372.000      -55944.000 
-12435  
-1  22  10           -7.010         12          11.997         64          63.998          42.875         -33.634      -11323.000     -204029.000     -113333.000     -108575.000     -176358.000      -93542.000     -175288.000        1916.000 
-12435  
-1  12  11           -8.047          4           4.243         64          64.002          37.451         -44.164       58158.000         850.000       28144.000      -34424.000       23771.000      -54480.000       -7741.000      -56288.000 
-12435  
-1  22  12           -7.007         12          11.995         64          64.006          42.969         -33.629      -11298.000     -203093.000     -113645.000     -108063.000     -176657.000      -95018.000     -175827.000        1685.000 
-12435  
-1  12  13           -8.053          4           4.244         64          64.004          37.601         -44.186       58209.000       -4547.000       24374.000      -37440.000       18353.000      -56601.000      -13251.000      -54224.000 
-12435  
-1  22  14           -7.003         12          11.998         64          64.006          42.800         -33.642      -17107.000     -202605.000     -115936.000     -105275.000     -178617.000      -89981.000     -175495.000        6155.000 
-12435  
-1  12  15           -8.020          4           4.243         64          64.003          37.635         -44.154       57275.000       -7643.000       22993.000      -38666.000       16072.000      -57445.000      -15826.000      -54585.000 
-12435  
-1  22  16           -7.007         12          11.997         64          64.002          43.017         -33.625      -57794.000     -195574.000     -135288.000      -78757.000     -194531.000      -51616.000     -169945.000       42017.000 
-12435  
-1  12  17           -8.017          4           4.245         64          64.004          37.608         -44.155       57973.000       -5928.000       23961.000      -38098.000       17522.000      -56651.000      -13777.000      -54967.000 
-12435  
-1  22  18           -7.007         12          11.997         64          63.997          42.648         -33.662      -33785.000     -199795.000     -124046.000      -95499.000     -185073.000      -73934.000     -174207.000       21435.000 
-12435  
-1  12  19           -8.007          4           4.246         64          64.003          37.710         -44.166       58007.000       -4785.000       24194.000      -37898.000       18605.000      -56478.000      -12406.000      -54936.000 
-12435  
-1  22  20           -7.007         12          11.997         64          63.999          42.940         -33.617      -13825.000     -203742.000     -114823.000     -106866.000     -177691.000      -92022.000     -176422.000        3913.000 
-12435  
-1  12  21           -8.060          4           4.242         64          64.002          37.754         -44.152       58492.000         873.000       27423.000      -35704.000       22932.000      -54919.000       -8423.000      -55634.000 
-12435  
-1  22  22           -7.010         12          11.996         64          64.003          42.765         -33.637      -28559.000     -200710.000     -122852.000      -97792.000     -183907.000      -78524.000     -175503.000       18068.000 
-12435  
-1  12  23           -8.037          4           4.242         64          64.003          37.762         -44.148       58287.000       -2482.000       26460.000      -36610.000       20307.000      -55950.000      -10829.000      -55357.000 
-12435  
-1  22  24           -7.013         12          11.997         64          64.004          42.721         -33.656      -31842.000     -200835.000     -123358.000      -96038.000     -184829.000      -74981.000     -174010.000       20649.000 
-12435  
-1  12  25           -8.020          4           4.241         64          63.997          37.612         -44.134       58806.000       -3225.000       25369.000      -37139.000       19991.000      -55753.000      -11285.000      -55493.000 
-12435  
-1  22  26           -7.007         12          11.996         64          64.002          43.307         -33.646      -17606.000     -202409.000     -115837.000     -104688.000     -179346.000      -88999.000     -175469.000        7222.000 
-12435  
-1  12  27           -8.053          4           4.244         64          63.997          37.586         -44.134       58890.000       -4305.000       24553.000      -37714.000       18350.000      -56616.000      -12955.000      -54628.000 
-12435  
-1  22  28           -7.007         12          11.996         64          63.999          42.857         -33.635      -25637.000     -201200.000     -119792.000     -101035.000     -182974.000      -83536.000     -174892.000       13741.000 
-12435  
-1  12  29           -8.013          4           4.238         64          64.008          37.400         -44.165       58166.000       -4820.000       24408.000      -37822.000       18565.000      -56428.000      -12577.000      -54782.000 
-12435  
-1  22  30           -7.007         12          11.995         64          63.999          42.654         -33.645      -31065.000     -200396.000     -122604.000      -97166.000     -184770.000      -77151.000     -174820.000       18704.000 
-12435  
-1  12  31           -8.020          4           4.239         64          64.001          37.673         -44.161       58196.000       -2631.000       25971.000      -36640.000       20624.000      -55927.000      -10797.000      -55243.000 
-12435  
-1  22  32           -7.013         12          11.995         64          64.001          42.671         -33.624      -36653.000     -200709.000     -125004.000      -93425.000     -187216.000      -71736.000     -174627.000       24663.000 
-12435  
-1  12  33           -8.027          4           4.241         64          63.997          37.759         -44.142       57863.000       -3518.000       25496.000      -37414.000       19330.000      -56276.000      -11950.000      -55590.000 
-12435  
-1  22  34           -7.003         12          11.993         64          64.002          43.122         -33.632      -16245.000     -203562.000     -115264.000     -105843.000     -178600.000      -90569.000     -175248.000        5139.000 
-12435  
-1  12  35           -8.037          4           4.245         64          64.005          37.509         -44.173       58401.000       -3562.000       25270.000      -36512.000       19480.000      -55789.000      -11688.000      -55451.000 
-12435  
-1  22  36           -7.010         12          11.997         64          64.001          42.603         -33.640      -31437.000     -201190.000     -123108.000      -96604.000     -184923.000      -75841.000     -174552.000       19914.000 
-12435  
-1  12  37           -8.017          4           4.236         64          64.003          37.725         -44.124       58094.000       -4994.000       25115.000      -38021.000       18540.000      -56280.000      -13044.000      -55486.000 
-12435  
-1  22  38           -7.010         12          11.995         64          63.999          42.662         -33.635      -16574.000     -203082.000     -115169.000     -105078.000     -178673.000      -89871.000     -176278.000        6714.000 
-12435  
-1  12  39           -8.027          4           4.243         64          64.001          37.821         -44.149       58109.000       -5422.000       23618.000      -37967.000       17583.000      -57058.000      -13700.000      -54846.000 
-12435  
-1  22  40           -7.010         12          11.997         64          64.002          42.832         -33.639      -32357.000     -201332.000     -123535.000      -95389.000     -185111.000      -75858.000     -174384.000       20515.000 
-12435  
-1  12  41           -8.027          4           4.240         64          64.001          37.469         -44.129       58454.000       -2883.000       25962.000      -37305.000       20112.000      -55631.000      -11368.000      -55702.000 
-12435  
-1  22  42           -7.007         12          11.998         64          64.001          42.611         -33.642      -30384.000     -200783.000     -122171.000      -96771.000     -184293.000      -77331.000     -175747.000       18518.000 
-12435  
-1  12  43           -8.023          4           4.247         64          64.001          37.547         -44.136       58820.000       -1715.000       26333.000      -36192.000       21482.000      -55616.000       -9884.000      -55513.000 
-12435  
-1  22  44           -7.007         12          11.997         64          64.000          42.776         -33.645      -33286.000     -201127.000     -122819.000      -95398.000     -185408.000      -75686.000     -174159.000       20470.000 
-12435  
-1  12  45           -8.030          4           4.241         64          63.999          37.786         -44.161       58153.000       -3455.000       25284.000      -37059.000       19089.000      -56365.000      -11608.000      -55205.000 
-12435  
-1  22  46           -7.007         12          11.997         64          64.001          42.991         -33.636      -34597.000     -200804.000     -124569.000      -95374.000     -185870.000      -73269.000     -174331.000       21761.000 
-12435  
-1  12  47           -8.010          4           4.239         64          64.002          37.653         -44.178       57562.000       -2971.000       26048.000      -36960.000       19882.000      -56153.000      -10568.000      -55298.000 
-12435  
-1  22  48           -7.007         12          11.996         64          64.002          42.841         -33.630      -33729.000     -201169.000     -123688.000      -95451.000     -185477.000      -75616.000     -174655.000       20889.000 
-12435  
-1  12  49           -8.047          4           4.241         64          64.001          37.856         -44.159       58263.000       -4410.000       25114.000      -37234.000       18117.000      -56727.000      -12567.000      -54781.000 
-12435  
-1  22  50           -7.010         12          11.995         64          64.002          42.593         -33.637      -53927.000     -196984.000     -133215.000      -81704.000     -192639.000      -53438.000     -171014.000       38934.000 
-12435  
-1  12  51           -8.030          4           4.242         64          63.996          37.658         -44.192       57738.000       -1643.000       26064.000      -36281.000       20773.000      -55535.000      -10137.000      -55619.000 
-12435  
-1  22  52           -7.013         12          11.995         64          64.003          42.753         -33.626      -30913.000     -201609.000     -123131.000      -97939.000     -184507.000      -76295.000     -174964.000       19718.000 
-12435  
-1  12  53           -8.017          4           4.245         64          64.001          37.639         -44.162       58203.000       -3740.000       24924.000      -37450.000       19504.000      -55986.000      -11942.000      -55183.000 
-12435  
-1  22  54           -7.013         12          11.997         64          64.002          42.644         -33.646      -13706.000     -202783.000     -114249.000     -106831.000     -178039.000      -90963.000     -175562.000        4835.000 
-12435  
-1  12  55           -8.030          4           4.240         64          64.004          37.469         -44.155       58202.000       -2216.000       26120.000      -36991.000       20586.000      -55450.000      -10946.000      -55556.000 
-12435  
-1  22  56           -7.007         12          11.997         64          64.002          42.868         -33.627      -15221.000     -203399.000     -114706.000     -105525.000     -178937.000      -90246.000     -176310.000        4991.000 
-12435  
-1  12  57           -8.037          4           4.240         64          64.005          37.685         -44.153       58342.000       -2660.000       26189.000      -36543.000       20325.000      -55225.000      -11032.000      -56010.000 
-12435  
-1  22  58           -7.010         12          11.998         64          64.002          42.614         -33.634      -24573.000     -202073.000     -119378.000     -100900.000     -182703.000      -82824.000     -175123.000       13375.000 
-12435  
-1  12  59           -8.020          4           4.242         64          64.007          37.585         -44.156       58330.000       -3595.000       26052.000      -36537.000       19864.000      -55661.000      -11215.000      -55650.000 
-12435  
-1  22  60           -7.010         12          11.996         64          64.001          42.620         -33.623      -17652.000     -203099.000     -116094.000     -104732.000     -180045.000      -89354.000     -175621.000        7961.000 
-12435  
-1  12  61           -8.003          4           4.242         64          64.000          37.430         -44.158       58035.000       -3979.000       25173.000      -37199.000       19759.000      -56200.000      -11197.000      -55353.000 
-12435  
-1  22  62           -7.010         12          11.995         64          64.001          42.744         -33.643      -17325.000     -203055.000     -116050.000     -104682.000     -179042.000      -88972.000     -175176.000        7455.000 
-12435  
-1  12  63           -8.043          4           4.246         64          64.001          37.630         -44.125       58486.000       -3268.000       25737.000      -36897.000       19845.000      -56232.000      -11822.000      -55498.000 
-12435  
-1  22  64           -7.010         12          11.995         64          64.004          43.167         -33.633      -32627.000     -200630.000     -123683.000      -95956.000     -185377.000      -74811.000     -175374.000       20950.000 
-12435  
-1  12  65           -8.020          4           4.242         64          64.002          37.837         -44.129       58278.000       -1427.000       26451.000      -36380.000       21659.000      -55678.000       -9820.000      -55980.000 
-12435  
-1  22  66           -7.010         12          11.996         64          64.003          42.876         -33.642      -18719.000     -202025.000     -116606.000     -104389.000     -180209.000      -88127.000     -175268.000        9116.000 
-12435  
-1  12  67           -8.010          4           4.245         64          64.003          37.490         -44.155       58238.000       -2831.000       25345.000      -36848.000       20356.000      -55845.000      -10530.000      -55722.000 
-12435  
-1  22  68           -7.010         12          11.996         64          64.002          43.048         -33.625      -16200.000     -202938.000     -115567.000     -105217.000     -179116.000      -89823.000     -176616.000        6350.000 
-12435  
-1  12  69           -8.010          4           4.243         64          64.001          37.628         -44.144       58007.000       -3870.000       25949.000      -37095.000       19982.000      -55993.000      -11623.000      -55496.000 
-12435  
-1  22  70           -7.010         12          11.995         64          64.002          42.940         -33.627      -19093.000     -202962.000     -116594.000     -104011.000     -180243.000      -88125.000     -175683.000        9512.000 
-12435  
-1  12  71           -8.013          4           4.248         64          64.001          37.779         -44.110       58143.000       -3822.000       25448.000      -37609.000       19894.000      -56442.000      -11933.000      -55606.000 
-12435  
-1  22  72           -7.007         12          11.996         64          64.002          42.748         -33.636      -34460.000     -200681.000     -124994.000      -94211.000     -185641.000      -73120.000     -175051.000       22322.000 
-12435  
-1  12  73           -8.020          4           4.243         64          64.002          37.554         -44.169       57897.000       -4492.000       24731.000      -37922.000       18494.000      -56322.000      -12652.000      -54877.000 
-12435  
-1  22  74           -7.007         12          11.996         64          64.001          43.043         -33.642      -33131.000     -200861.000     -123786.000      -96045.000     -184942.000      -75250.000     -174404.000       20667.000 
-12435  
-1  12  75           -8.037          4           4.243         64          64.007          37.645         -44.133       58815.000       -3166.000       25123.000      -37220.000       19697.000      -56189.000      -11782.000      -55127.000 
-12435  
-1  22  76           -7.007         12          11.997         64          64.002          42.678         -33.662      -20590.000     -202440.000     -117082.000     -102321.000     -180071.000      -86249.000     -174748.000        9849.000 
-12435  
-1  12  77           -8.050          4           4.240         64          64.003          37.562         -44.125       58104.000       -2347.000       26458.000      -36133.000       19993.000      -56399.000      -10581.000      -56135.000 
-12435  
-1  22  78           -7.013         12          11.996         64          64.001          42.710         -33.628      -36480.000     -200179.000     -125752.000      -93321.000     -187244.000      -71107.000     -174685.000       24651.000 
-12435  
-1  12  79           -8.017          4           4.247         64          64.001          38.008         -44.127       57994.000       -3641.000       25458.000      -37513.000       19758.000      -56347.000      -11971.000      -55548.000 
-12435  
-1  22  80           -7.007         12          11.996         64          64.002          42.857         -33.602      -32730.000     -202048.000     -124508.000      -95983.000     -186323.000      -75370.000     -174816.000       19900.000 
-12435  
-1  12  81           -8.003          4           4.245         64          64.001          37.785         -44.191       57900.000       -3106.000       25751.000      -36572.000       20403.000      -55610.000      -10234.000      -55410.000 
-12435  
-1  22  82           -7.013         12          11.997         64          64.001          42.700         -33.619      -29244.000     -201739.000     -122749.000      -98126.000     -184591.000      -78570.000     -174925.000       18517.000 
-12435  
-1  12  83           -8.023          4           4.245         64          64.010          37.764         -44.111       58653.000       -2795.000       25669.000      -36849.000       20496.000      -56337.000      -11017.000      -55589.000 
-12435  
-1  22  84           -7.007         12          11.996         64          63.999          42.660         -33.631      -30315.000     -200826.000     -123057.000      -97936.000     -184877.000      -77078.000     -175046.000       17959.000 
-12435  
-1  12  85           -8.033          4           4.245         64          64.000          37.395         -44.183       57293.000       -4172.000       25009.000      -38012.000       18147.000      -56424.000      -12816.000      -54969.000 
-12435  
-1  22  86           -7.010         12          11.996         64          64.001          42.755         -33.642      -53213.000     -197145.000     -133508.000      -82483.000     -191814.000      -54986.000     -170572.000       38280.000 
-12435  
-1  12  87           -8.010          4           4.243         64          64.000          37.468         -44.202       58010.000       -2353.000       26361.000      -36513.000       20966.000      -55259.000       -9913.000      -55022.000 
-12435  
-1  22  88           -7.007         12          11.997         64          64.000          42.786         -33.643      -11566.000     -203345.000     -112791.000     -107781.000     -176156.000      -94150.000     -175976.000        1668.000 
-12435  
-1  12  89           -8.030          4           4.242         64          64.004          37.803         -44.177       57614.000       -4563.000       24447.000      -37525.000       18262.000      -56484.000      -13044.000      -55187.000 
-12435  
-1  22  90           -7.010         12          11.997         64          64.001          42.804         -33.655      -32739.000     -200034.000     -123527.000      -94177.000     -186110.000      -74888.000     -174360.000       21137.000 
-12435  
-1  12  91           -8.040          4           4.245         64          64.001          37.859         -44.136       58466.000       -3993.000       24895.000      -38042.000       18520.000      -56420.000      -12682.000      -54880.000 
-12435  
-1  22  92           -7.010         12          11.998         64          64.001          43.086         -33.630      -30829.000     -201178.000     -122767.000      -97838.000     -185303.000      -77254.000     -174260.000       18957.000 
-12435  
-1  12  93           -8.020          4           4.241         64          64.003          37.865         -44.151       57904.000       -4572.000       24437.000      -37602.000       18501.000      -56465.000      -12793.000      -55499.000 
-12435  
-1  22  94           -7.010         12          11.996         64          64.001          42.862         -33.631      -39398.000     -200494.000     -125345.000      -92305.000     -187900.000      -69765.000     -173835.000       26241.000 
-12435  
-1  12  95           -8.027          4           4.247         64          64.001          37.746         -44.178       58111.000       -1711.000       26385.000      -36319.000       21131.000      -55090.000      -10110.000      -55722.000 
-12435  
-1  22  96           -7.010         12          11.997         64          64.004          42.786         -33.650      -17151.000     -202337.000     -115826.000     -104970.000     -178872.000      -89048.000     -175544.000        7251.000 
-12435  
-1  12  97           -8.023          4           4.241         64          63.994          37.637         -44.124       58279.000       -2261.000       25964.000      -36863.000       20831.000      -56328.000      -10658.000      -55493.000 
-12435  
-1  22  98           -7.010         12          11.996         64          64.001          42.937         -33.623      -29553.000     -201706.000     -121688.000      -98443.000     -184504.000      -78446.000     -175302.000       17869.000 
-12435  
-1  12  99           -8.017          4           4.242         64          64.001          37.767         -44.129       58075.000       -6113.000       24153.000      -38176.000       17983.000      -56887.000      -14107.000      -54885.000 
-12435  
