-1  22  1          -31.947         12          12.054         64          64.001          38.347         -38.460      103647.000       17815.000      -21494.000      -98817.000      -95119.000       71011.000       67216.000       72044.000 
-12435  
-1  12  2          -30.823          4           4.315         64          64.003          34.544         -47.551       37122.000          60.000      -11951.000      -34771.000      -34451.000       25641.000       22041.000       22302.000 
-12435  
-1  22  3          -31.920         12          12.056         64          64.005          38.024         -38.460      103740.000        4054.000      -33752.000      -95797.000      -85228.000       82537.000       76506.000       63677.000 
-12435  
-1  12  4          -30.357          4           4.320         64          64.014          34.400         -47.485       36446.000       -4448.000      -17152.000      -33140.000      -31222.000       30690.000       24379.000       19783.000 
-12435  
-1  22  5          -31.963         12          12.056         64          64.006          38.395         -38.469      105070.000        1114.000      -36960.000      -93843.000      -81010.000       85649.000       78592.000       60828.000 
-12435  
-1  12  6          -30.803          4           4.315         64          64.003          34.264         -47.547       36161.000       -6545.000      -18559.000      -31893.000      -29420.000       32165.000       25680.000       17074.000 
-12435  
-1  22  7          -31.967         12          12.055         64          64.003          38.322         -38.458      104666.000        -739.000      -39332.000      -93011.000      -81040.000       87397.000       79635.000       58293.000 
-12435  
-1  12  8          -30.523          4           4.321         64          63.988          34.517         -47.521       36058.000       -6947.000      -18917.000      -32267.000      -29099.000       32492.000       25484.000       17223.000 
-12435  
-1  22  9          -31.960         12          12.057         64          63.995          38.227         -38.478      104790.000         616.000      -36764.000      -93677.000      -81854.000       85044.000       78949.000       60140.000 
-12435  
-1  12  10          -30.687          4           4.319         64          64.002          34.372         -47.543       36706.000       -2631.000      -14543.000      -34117.000      -32684.000       28280.000       23521.000       20422.000 
-12435  
-1  22  11          -31.943         12          12.051         64          63.999          38.079         -38.469      103671.000        9731.000      -29390.000      -96603.000      -89384.000       78428.000       72941.000       66993.000 
-12435  
-1  12  12          -30.727          4           4.321         64          64.007          34.332         -47.524       36665.000       -3363.000      -15764.000      -33833.000      -31874.000       28766.000       24244.000       20314.000 
-12435  
-1  22  13          -31.940         12          12.056         64          64.005          38.011         -38.473      104380.000        4061.000      -33941.000      -95060.000      -84872.000       82928.000       76271.000       62806.000 
-12435  
-1  12  14          -30.340          4           4.314         64          64.004          34.254         -47.550       36743.000       -4951.000      -16725.000      -33674.000      -30839.000       29967.000       23950.000       18648.000 
-12435  
-1  22  15          -31.960         12          12.058         64          64.003          38.087         -38.530      103875.000        5229.000      -33394.000      -94282.000      -84825.000       81573.000       75569.000       63110.000 
-12435  
-1  12  16          -30.320          4           4.322         64          64.005          34.112         -47.646       36065.000       -4731.000      -16503.000      -33212.000      -30627.000       29533.000       23922.000       18887.000 
-12435  
-1  22  17          -31.940         12          12.058         64          64.002          38.054         -38.496      103853.000        1847.000      -35903.000      -93851.000      -82494.000       84400.000       77943.000       61838.000 
-12435  
-1  12  18          -30.863          4           4.322         64          64.002          34.626         -47.514       36958.000       -4894.000      -16946.000      -32993.000      -30251.000       30366.000       24958.000       19481.000 
-12435  
-1  22  19          -31.950         12          12.056         64          64.000          38.320         -38.482      103639.000      -13529.000      -49599.000      -87840.000      -68911.000       95429.000       86259.000       49572.000 
-12435  
-1  12  20          -30.717          4           4.317         64          63.998          34.416         -47.491       37542.000       -2705.000      -14607.000      -34231.000      -32525.000       27969.000       23436.000       21074.000 
-12435  
-1  22  21          -31.977         12          12.059         64          64.001          37.972         -38.485      104526.000        -813.000      -38483.000      -92273.000      -80580.000       86468.000       80488.000       58747.000 
-12435  
-1  12  22          -30.873          4           4.319         64          64.008          34.447         -47.581       36365.000       -3771.000      -15447.000      -33835.000      -31096.000       29058.000       24586.000       19584.000 
-12435  
-1  22  23          -31.950         12          12.056         64          64.001          38.232         -38.499      104182.000        6019.000      -32218.000      -95560.000      -85598.000       80727.000       75171.000       64182.000 
-12435  
-1  12  24          -30.383          4           4.316         64          64.004          34.542         -47.557       36743.000       -5751.000      -17407.000      -32562.000      -30267.000       30858.000       24392.000       18448.000 
-12435  
-1  22  25          -31.963         12          12.057         64          64.003          38.066         -38.449      104270.000      -11700.000      -48360.000      -89227.000      -70464.000       94427.000       86128.000       50897.000 
-12435  
-1  12  26          -30.703          4           4.319         64          64.001          34.312         -47.546       36518.000       -6085.000      -17680.000      -32664.000      -29530.000       31005.000       25249.000       18523.000 
-12435  
-1  22  27          -31.943         12          12.057         64          64.000          38.149         -38.473      104392.000        4103.000      -34561.000      -95204.000      -84526.000       83351.000       75957.000       62524.000 
-12435  
-1  12  28          -30.343          4           4.316         64          64.011          34.573         -47.530       36451.000       -2905.000      -15024.000      -34349.000      -32741.000       28521.000       23424.000       20193.000 
-12435  
-1  22  29          -31.963         12          12.056         64          64.001          37.872         -38.514      104110.000       -1530.000      -39960.000      -92126.000      -77950.000       87564.000       79989.000       58823.000 
-12435  
-1  12  30          -30.743          4           4.314         64          64.001          34.312         -47.531       36448.000       -3076.000      -14956.000      -34036.000      -31935.000       29382.000       23876.000       20255.000 
-12435  
-1  22  31          -31.947         12          12.060         64          64.000          38.183         -38.498      104433.000        6837.000      -31559.000      -95314.000      -86344.000       79744.000       74663.000       65318.000 
-12435  
-1  12  32          -30.803          4           4.321         64          64.009          34.314         -47.537       36544.000       -2072.000      -14125.000      -34593.000      -32250.000       28364.000       23417.000       21129.000 
-12435  
-1  22  33          -31.960         12          12.055         64          64.004          38.071         -38.519      104115.000        -322.000      -38867.000      -92630.000      -79893.000       85680.000       79197.000       59574.000 
-12435  
-1  12  34          -30.207          4           4.321         64          64.004          34.703         -47.496       36818.000       -3378.000      -15148.000      -34201.000      -32713.000       28753.000       23400.000       20440.000 
-12435  
-1  22  35          -31.953         12          12.058         64          64.004          38.145         -38.486      104563.000        6637.000      -31839.000      -95008.000      -86769.000       80327.000       74967.000       64760.000 
-12435  
-1  12  36          -30.333          4           4.315         64          64.003          34.546         -47.510       36792.000       -4465.000      -15965.000      -33794.000      -31318.000       29684.000       24166.000       19851.000 
-12435  
-1  22  37          -31.970         12          12.057         64          64.001          38.074         -38.473      104706.000         186.000      -37627.000      -93182.000      -81195.000       85759.000       79726.000       59843.000 
-12435  
-1  12  38          -30.367          4           4.321         64          63.998          34.603         -47.539       36849.000       -5054.000      -16687.000      -33189.000      -30743.000       29966.000       24311.000       19370.000 
-12435  
-1  22  39          -31.923         12          12.053         64          64.001          38.188         -38.503      103967.000        -512.000      -38005.000      -93027.000      -79610.000       86676.000       78726.000       60684.000 
-12435  
-1  12  40          -30.777          4           4.317         64          64.002          34.387         -47.509       37222.000       -4636.000      -16454.000      -33442.000      -30453.000       30135.000       24345.000       19690.000 
-12435  
-1  22  41          -31.910         12          12.054         64          63.999          38.131         -38.507      103299.000       -4789.000      -41400.000      -92569.000      -78357.000       88374.000       80604.000       56307.000 
-12435  
-1  12  42          -30.180          4           4.320         64          64.003          34.379         -47.591       35894.000       -3785.000      -15284.000      -33624.000      -31586.000       29322.000       23670.000       20551.000 
-12435  
-1  22  43          -31.967         12          12.054         64          64.001          37.975         -38.489      104183.000      -11998.000      -48184.000      -88061.000      -70109.000       94954.000       85292.000       49998.000 
-12435  
-1  12  44          -30.763          4           4.314         64          64.005          34.618         -47.516       36837.000       -3327.000      -15559.000      -34312.000      -31717.000       28708.000       24108.000       20085.000 
-12435  
-1  22  45          -31.977         12          12.060         64          64.001          38.046         -38.476      105041.000       -1375.000      -38582.000      -92685.000      -79638.000       87303.000       80316.000       58201.000 
-12435  
-1  12  46          -30.633          4           4.320         64          64.003          34.374         -47.514       36880.000       -4317.000      -16409.000      -33397.000      -31580.000       29610.000       24352.000       19366.000 
-12435  
-1  22  47          -31.937         12          12.055         64          64.001          38.161         -38.480      104175.000        2130.000      -35765.000      -94452.000      -82933.000       83870.000       77754.000       62088.000 
-12435  
-1  12  48          -30.370          4           4.317         64          64.003          34.401         -47.558       36638.000       -3710.000      -15442.000      -33522.000      -32123.000       28838.000       23784.000       20033.000 
-12435  
-1  22  49          -31.967         12          12.054         64          64.003          38.106         -38.489      104321.000       12132.000      -27038.000      -96583.000      -90095.000       75632.000       71769.000       68595.000 
-12435  
-1  12  50          -30.830          4           4.318         64          64.006          34.489         -47.574       36486.000       -3181.000      -15185.000      -33856.000      -31591.000       28930.000       24006.000       19960.000 
-12435  
-1  22  51          -31.980         12          12.055         64          64.002          38.050         -38.516      104330.000        1254.000      -36957.000      -94269.000      -80448.000       84209.000       78859.000       59894.000 
-12435  
-1  12  52          -30.793          4           4.316         64          64.000          34.595         -47.503       37292.000       -4459.000      -16816.000      -33355.000      -31304.000       29834.000       24395.000       18659.000 
-12435  
-1  22  53          -31.950         12          12.057         64          64.001          38.199         -38.478      103991.000        7315.000      -31295.000      -95512.000      -87150.000       80184.000       74876.000       65553.000 
-12435  
-1  12  54          -30.637          4           4.322         64          64.006          34.188         -47.554       36815.000       -3772.000      -15874.000      -33194.000      -31496.000       29548.000       23783.000       19982.000 
-12435  
-1  22  55          -31.937         12          12.058         64          63.999          38.084         -38.491      104373.000        6524.000      -31967.000      -95904.000      -86500.000       80268.000       74220.000       64565.000 
-12435  
-1  12  56          -30.190          4           4.312         64          64.004          34.275         -47.496       36436.000       -3580.000      -14947.000      -34194.000      -32357.000       29071.000       23841.000       20860.000 
-12435  
-1  22  57          -31.970         12          12.060         64          64.003          38.088         -38.483      104627.000       -4876.000      -42643.000      -90520.000      -76754.000       89753.000       82335.000       56002.000 
-12435  
-1  12  58          -30.357          4           4.316         64          64.001          34.164         -47.570       36273.000       -4366.000      -16048.000      -33410.000      -31214.000       29716.000       24142.000       19627.000 
-12435  
-1  22  59          -31.950         12          12.055         64          64.002          37.932         -38.467      104662.000        -993.000      -38727.000      -92289.000      -81081.000       87118.000       79739.000       59305.000 
-12435  
-1  12  60          -30.237          4           4.320         64          64.005          34.250         -47.594       35999.000       -3962.000      -15530.000      -33601.000      -31711.000       29311.000       23753.000       19806.000 
-12435  
-1  22  61          -31.973         12          12.057         64          64.001          38.117         -38.501      104094.000        -706.000      -38120.000      -92789.000      -79857.000       86634.000       80126.000       58768.000 
-12435  
-1  12  62          -30.217          4           4.317         64          64.002          34.204         -47.559       36674.000       -4578.000      -16263.000      -33152.000      -31117.000       29427.000       24010.000       20171.000 
-12435  
-1  22  63          -31.953         12          12.056         64          64.003          37.902         -38.497      103597.000        7201.000      -31370.000      -95852.000      -87151.000       79199.000       75119.000       65073.000 
-12435  
-1  12  64          -30.827          4           4.319         64          63.997          34.317         -47.459       37100.000       -3054.000      -15121.000      -34206.000      -32709.000       28782.000       24335.000       20049.000 
-12435  
-1  22  65          -31.937         12          12.058         64          64.000          38.104         -38.481      104552.000       -4002.000      -40916.000      -92039.000      -77030.000       88980.000       81049.000       57892.000 
-12435  
-1  12  66          -30.610          4           4.318         64          64.005          34.507         -47.561       36583.000       -3409.000      -15385.000      -33916.000      -31457.000       29023.000       23722.000       20323.000 
-12435  
-1  22  67          -31.970         12          12.059         64          63.999          38.337         -38.460      105081.000       -1481.000      -39128.000      -92783.000      -80211.000       87249.000       80410.000       58146.000 
-12435  
-1  12  68          -30.627          4           4.317         64          64.008          34.764         -47.521       36632.000       -3895.000      -15655.000      -33893.000      -31414.000       29250.000       24313.000       20287.000 
-12435  
-1  22  69          -31.943         12          12.054         64          64.002          38.227         -38.467      104438.000        1684.000      -36622.000      -94727.000      -83161.000       83855.000       78012.000       61286.000 
-12435  
-1  12  70          -30.380          4           4.320         64          63.999          34.504         -47.556       36616.000       -4454.000      -16285.000      -33454.000      -30910.000       29591.000       24122.000       19849.000 
-12435  
-1  22  71          -31.953         12          12.055         64          64.000          37.994         -38.485      104042.000        -504.000      -38834.000      -93364.000      -80480.000       86007.000       79695.000       59540.000 
-12435  
-1  12  72          -30.513          4           4.316         64          64.003          34.550         -47.552       36364.000       -4157.000      -16038.000      -33885.000      -31238.000       29508.000       24196.000       19478.000 
-12435  
-1  22  73          -31.963         12          12.059         64          64.001          38.333         -38.468      104930.000         491.000      -38433.000      -92904.000      -82092.000       85673.000       78837.000       59854.000 
-12435  
-1  12  74          -30.373          4           4.316         64          64.001          34.627         -47.569       36558.000       -4724.000      -15996.000      -33222.000      -30684.000       29692.000       24320.000       20057.000 
-12435  
-1  22  75          -31.973         12          12.058         64          64.001          38.104         -38.485      103941.000        7898.000      -30801.000      -96120.000      -86465.000       80018.000       75081.000       65224.000 
-12435  
-1  12  76          -30.640          4           4.316         64          64.003          34.377         -47.575       36068.000       -5648.000      -16941.000      -32622.000      -29883.000       30738.000       25245.000       19168.000 
-12435  
-1  22  77          -31.953         12          12.055         64          64.005          37.995         -38.486      104162.000      -13047.000      -48615.000      -87123.000      -69865.000       95400.000       85761.000       50002.000 
-12435  
-1  12  78          -30.620          4           4.321         64          64.002          34.448         -47.567       36588.000       -3479.000      -15076.000      -33963.000      -31409.000       29273.000       23612.000       20128.000 
-12435  
-1  22  79          -31.977         12          12.055         64          64.002          38.179         -38.489      104193.000        3039.000      -36032.000      -93845.000      -82882.000       84247.000       78044.000       61287.000 
-12435  
-1  12  80          -30.413          4           4.316         64          64.000          34.193         -47.571       36201.000       -5080.000      -16968.000      -32662.000      -30769.000       30364.000       24636.000       19134.000 
-12435  
-1  22  81          -31.957         12          12.057         64          64.005          38.117         -38.503      103786.000       -3288.000      -41258.000      -92056.000      -77674.000       88609.000       80943.000       56896.000 
-12435  
-1  12  82          -30.287          4           4.316         64          64.006          34.226         -47.576       36369.000       -3280.000      -15319.000      -34041.000      -31709.000       28618.000       23452.000       20618.000 
-12435  
-1  22  83          -31.953         12          12.057         64          64.002          38.035         -38.482      104419.000        7698.000      -31625.000      -95875.000      -86793.000       78997.000       74569.000       66045.000 
-12435  
-1  12  84          -30.313          4           4.317         64          64.007          34.171         -47.518       36406.000       -5103.000      -16114.000      -33612.000      -30917.000       30134.000       24744.000       19578.000 
-12435  
-1  22  85          -31.970         12          12.059         64          64.004          38.200         -38.505      104717.000       11217.000      -27340.000      -96014.000      -88959.000       76821.000       71958.000       67552.000 
-12435  
-1  12  86          -30.377          4           4.316         64          64.007          34.400         -47.529       36566.000       -5045.000      -16488.000      -33072.000      -30988.000       30206.000       24615.000       19478.000 
-12435  
-1  22  87          -31.940         12          12.062         64          64.001          38.446         -38.486      103212.000      -11993.000      -49437.000      -88345.000      -70512.000       94796.000       85124.000       50616.000 
-12435  
-1  12  88          -30.460          4           4.317         64          64.006          34.256         -47.535       36400.000       -4440.000      -16424.000      -33295.000      -31129.000       30520.000       24139.000       19291.000 
-12435  
-1  22  89          -31.967         12          12.059         64          63.999          38.028         -38.478      103976.000        6478.000      -33254.000      -95833.000      -85430.000       80996.000       75822.000       64360.000 
-12435  
-1  12  90          -30.257          4           4.314         64          63.999          34.581         -47.522       36641.000       -3170.000      -14582.000      -34644.000      -31873.000       28473.000       23504.000       21228.000 
-12435  
-1  22  91          -31.963         12          12.060         64          63.999          38.102         -38.470      104304.000        6563.000      -32131.000      -95469.000      -86234.000       80523.000       75989.000       64936.000 
-12435  
-1  12  92          -30.240          4           4.321         64          64.000          34.231         -47.542       36443.000       -4983.000      -16100.000      -33503.000      -31026.000       30055.000       24286.000       19469.000 
-12435  
-1  22  93          -31.967         12          12.055         64          64.005          38.249         -38.485      104849.000        7335.000      -31430.000      -95734.000      -86711.000       79802.000       74688.000       64497.000 
-12435  
-1  12  94          -30.680          4           4.323         64          64.006          34.334         -47.516       36317.000       -5662.000      -17554.000      -33363.000      -29578.000       31065.000       25237.000       18813.000 
-12435  
-1  22  95          -31.927         12          12.053         64          64.000          37.927         -38.470      104315.000        6264.000      -31667.000      -96565.000      -86061.000       80214.000       74988.000       65310.000 
-12435  
-1  12  96          -30.367          4           4.317         64          63.997          34.440         -47.570       36467.000       -5071.000      -16167.000      -33197.000      -30941.000       29357.000       24725.000       19590.000 
-12435  
-1  22  97          -31.967         12          12.052         64          64.003          38.080         -38.472      103825.000        7789.000      -31691.000      -96046.000      -86766.000       79699.000       75429.000       65731.000 
-12435  
-1  12  98          -30.417          4           4.321         64          64.010          34.303         -47.570       36757.000       -3238.000      -15425.000      -33930.000      -31963.000       28619.000       23269.000       20016.000 
-12435  
-1  22  99          -31.970         12          12.054         64          64.002          38.477         -38.492      104137.000        7643.000      -31694.000      -95911.000      -86805.000       80312.000       74494.000       64075.000 
-12435  
