-1  22  2          -45.053         12          12.030         64          63.957          21.777         -54.783         670.000       18127.000        8859.000      -13308.000      -15679.000        9194.000       11614.000        1143.000 
-12435  
-1  12  3            2.160          3           2.526         64          63.985          22.530         -60.374        9878.000        1470.000        8661.000        3794.000        8990.000       -1291.000        2796.000        3269.000 
-12435  
-1  22  4          -44.617         12          12.049         64          63.978          22.057         -54.692       -1195.000       18003.000       11932.000      -12702.000      -15989.000        6725.000       11559.000        3118.000 
-12435  
-1  12  5            1.897          3           2.548         64          63.989          22.591         -60.316        9707.000        1144.000        8321.000        3658.000        9213.000       -1849.000        3918.000        3495.000 
-12435  
-1  22  6          -43.963         12          12.018         64          64.012          21.819         -54.903        2851.000       16161.000        8321.000      -15346.000      -13885.000       11010.000       11586.000         486.000 
-12435  
-1  12  7            2.053          3           2.510         64          63.982          22.440         -60.520        9289.000         751.000        9037.000        2941.000        8457.000       -2299.000        3926.000        3336.000 
-12435  
-1  22  8          -45.023         12          12.050         64          64.014          21.714         -54.815        4275.000       17268.000        7371.000      -15318.000      -13227.000       11538.000       11237.000       -1928.000 
-12435  
-12435  
-1  22  10          -44.813         12          12.030         64          64.029          22.048         -54.700        3483.000       17831.000        7537.000      -15117.000      -13813.000       11300.000       11729.000        -164.000 
-12435  
-1  12  11            1.900          3           2.520         64          64.004          22.582         -60.329        9643.000        1118.000        9359.000        2797.000        8602.000       -2153.000        3843.000        3181.000 
-12435  
-1  22  12          -44.337         12          12.035         64          63.981          21.937         -54.807        3703.000       17228.000        7257.000      -15417.000      -13469.000       12056.000       10837.000        -581.000 
-12435  
-12435  
-1  22  14          -44.443         12          12.055         64          64.018          22.057         -54.619        1300.000       17430.000        9797.000      -14186.000      -15838.000        9583.000       12051.000        1063.000 
-12435  
-1  12  15            1.443          3           2.520         64          64.015          22.376         -60.487        9263.000         777.000        8620.000        3196.000        9125.000       -2501.000        3682.000        2944.000 
-12435  
-1  22  16          -45.390         12          12.023         64          63.992          21.974         -54.815        3612.000       16732.000        6456.000      -15548.000      -12630.000       12736.000       11975.000       -1423.000 
-12435  
-1  12  17            1.447          3           2.522         64          64.012          22.561         -60.493        9233.000        1048.000        8895.000        2956.000        8762.000       -2661.000        3770.000        3161.000 
-12435  
-1  22  18          -44.557         12          12.020         64          64.007          22.300         -54.641        1536.000       17868.000        9081.000      -13747.000      -15572.000        9789.000       12295.000        1874.000 
-12435  
-1  12  19            2.187          3           2.504         64          63.996          22.528         -60.704        9422.000         490.000        8958.000        2707.000        8056.000       -2122.000        3717.000        3017.000 
-12435  
-1  22  20          -45.080         12          12.055         64          63.990          22.048         -54.810         472.000       16660.000        9662.000      -14448.000      -14745.000        9219.000       12681.000        1309.000 
-12435  
-1  12  21            2.323          3           2.509         64          63.998          22.418         -60.424        9741.000        1032.000        9077.000        2983.000        8677.000       -1471.000        3502.000        3137.000 
-12435  
-1  22  22          -44.200         12          12.036         64          63.996          22.575         -54.576         736.000       17789.000       10442.000      -14378.000      -15318.000        9677.000       11668.000        2326.000 
-12435  
-1  12  23            1.940          3           2.502         64          64.002          22.487         -60.667        8944.000        1170.000        8304.000        3166.000        9306.000       -1596.000        3443.000        3135.000 
-12435  
-1  22  24          -44.877         12          12.066         64          64.001          22.148         -54.619         -41.000       17267.000       10487.000      -14020.000      -15927.000        9943.000       11544.000        1080.000 
-12435  
-1  12  25            2.123          3           2.515         64          63.993          22.505         -60.522        9415.000         818.000        8792.000        2583.000        8851.000       -2127.000        3731.000        3219.000 
-12435  
-1  22  26          -45.500         12          12.037         64          64.007          21.847         -54.881        2739.000       17913.000        6821.000      -14643.000      -13352.000       11059.000       11738.000        -220.000 
-12435  
-1  12  27            2.330          3           2.504         64          64.007          22.423         -60.638        9259.000         331.000        8582.000        2852.000        8954.000       -2058.000        3398.000        3076.000 
-12435  
-1  22  28          -44.880         12          12.012         64          64.006          22.193         -54.723        3908.000       17296.000        7281.000      -15362.000      -13948.000       11172.000       11924.000        -997.000 
-12435  
-1  12  29            2.300          3           2.526         64          64.008          22.466         -60.573        9273.000         821.000        8984.000        2749.000        8623.000       -2041.000        3536.000        3344.000 
-12435  
-1  22  30          -44.787         12          12.063         64          63.993          21.920         -54.881        1102.000       17080.000        9548.000      -13208.000      -15147.000        9693.000       11983.000        1515.000 
-12435  
-1  12  31            2.007          3           2.536         64          63.974          22.559         -60.334        9123.000        1110.000        9503.000        2864.000        8884.000       -2129.000        3889.000        3354.000 
-12435  
-1  22  32          -45.197         12          12.008         64          63.985          22.373         -54.686         723.000       17476.000        9463.000      -13862.000      -15186.000        9433.000       12865.000        1466.000 
-12435  
-1  12  33            1.413          3           2.555         64          63.993          22.997         -60.190        9163.000        1055.000        9239.000        3771.000        9448.000       -2214.000        3789.000        3081.000 
-12435  
-1  22  34          -45.680         12          12.015         64          64.003          22.211         -54.650        2592.000       18101.000        8421.000      -14719.000      -13556.000       11030.000       12512.000        -209.000 
-12435  
-1  12  35            1.793          3           2.507         64          64.003          22.513         -60.505        8961.000        1318.000        8756.000        2948.000        9226.000       -2122.000        3636.000        3360.000 
-12435  
-1  22  36          -44.540         12          12.036         64          64.006          22.067         -54.636        4811.000       17143.000        6199.000      -15739.000      -13141.000       13239.000       11622.000       -1089.000 
-12435  
-1  12  37            1.923          3           2.531         64          64.003          22.721         -60.445        9444.000         690.000        8914.000        3009.000        8887.000       -2376.000        3556.000        3157.000 
-12435  
-1  22  38          -45.293         12          12.024         64          63.988          22.012         -54.761        1176.000       18042.000        9188.000      -13099.000      -15220.000       10265.000       11681.000         550.000 
-12435  
-1  12  39            1.797          3           2.554         64          64.006          22.446         -60.291        9468.000        1419.000        9014.000        3399.000        8866.000       -2499.000        3491.000        3777.000 
-12435  
-1  22  40          -44.767         12          12.035         64          63.992          22.204         -54.627        1988.000       17323.000        9055.000      -14788.000      -15309.000       10310.000       12012.000          42.000 
-12435  
-1  12  41            1.910          3           2.506         64          64.009          22.264         -60.608        9243.000        1239.000        8963.000        3134.000        8467.000       -1940.000        3459.000        3220.000 
-12435  
-1  22  42          -44.550         12          12.016         64          63.983          21.792         -54.772        2900.000       16253.000        7850.000      -15342.000      -13650.000       12442.000       11962.000        -121.000 
-12435  
-1  12  43            2.197          3           2.523         64          64.011          22.430         -60.508        9313.000         972.000        8736.000        2857.000        8937.000       -1991.000        3677.000        3441.000 
-12435  
-1  22  44          -45.073         12          12.033         64          63.981          22.061         -54.548        1923.000       17993.000        9078.000      -15133.000      -14589.000       11013.000       11693.000        -206.000 
-12435  
-1  12  45            2.253          3           2.506         64          63.988          22.355         -60.488        9597.000        1117.000        8625.000        2833.000        8529.000       -1777.000        4249.000        3594.000 
-12435  
-1  22  46          -44.573         12          12.040         64          64.000          22.040         -54.708        2854.000       16664.000        8004.000      -15311.000      -13811.000       12428.000       11838.000         -23.000 
-12435  
-1  12  47            1.300          3           2.518         64          64.018          22.424         -60.524        9349.000        1075.000        8479.000        2967.000        9084.000       -2408.000        3781.000        2900.000 
-12435  
-1  22  48          -45.017         12          12.036         64          64.007          22.206         -54.609        2346.000       18090.000        7512.000      -14929.000      -14232.000       10863.000       12661.000        1143.000 
-12435  
-1  12  49            2.270          3           2.509         64          64.007          22.380         -60.588        9142.000         731.000        8435.000        2790.000        9109.000       -2043.000        3767.000        3431.000 
-12435  
-1  22  50          -44.830         12          12.026         64          64.003          21.570         -54.947        4045.000       16521.000        5390.000      -15254.000      -13193.000       11620.000       12338.000        -188.000 
-12435  
-1  12  51            2.217          3           2.510         64          64.021          22.979         -60.506        8822.000        1133.000        8783.000        3336.000        9320.000       -1649.000        3485.000        3517.000 
-12435  
-1  22  52          -44.957         12          12.042         64          64.007          21.735         -54.889        3512.000       16613.000        6953.000      -15318.000      -13310.000       11461.000       12063.000        -757.000 
-12435  
-1  12  53            2.223          3           2.511         64          64.013          22.691         -60.488        9174.000         749.000        8972.000        2995.000        9097.000       -1841.000        3508.000        3159.000 
-12435  
-1  22  54          -45.000         12          12.029         64          64.006          22.420         -54.704         -77.000       17136.000        8400.000      -14210.000      -16158.000        9477.000       12283.000        1638.000 
-12435  
-1  12  55            1.763          3           2.517         64          63.987          22.149         -60.604        9049.000        1175.000        8786.000        3342.000        8910.000       -2027.000        3183.000        3146.000 
-12435  
-1  22  56          -44.943         12          12.022         64          63.992          21.885         -54.551         210.000       17849.000        9826.000      -14356.000      -16197.000        8906.000       12015.000        1291.000 
-12435  
-12435  
-1  22  58          -44.993         12          12.065         64          63.992          21.974         -54.802        1509.000       17428.000        9486.000      -13802.000      -14577.000       10208.000       11952.000         855.000 
-12435  
-1  12  59            1.993          3           2.533         64          64.035          22.576         -60.419        9147.000         723.000        8779.000        3040.000        9135.000       -1821.000        4495.000        3115.000 
-12435  
-1  22  60          -44.747         12          12.030         64          64.003          21.947         -54.781        4197.000       17288.000        7271.000      -14463.000      -13198.000       12358.000       12094.000         -75.000 
-12435  
-1  12  61            2.037          3           2.538         64          64.009          22.798         -60.339        9678.000         886.000        9106.000        3257.000        8874.000       -1947.000        3477.000        3148.000 
-12435  
-1  22  62          -45.207         12          12.029         64          63.991          22.090         -54.722        3682.000       17864.000        7663.000      -15188.000      -12805.000       12026.000       11613.000        -794.000 
-12435  
-1  12  63            1.603          3           2.523         64          64.005          22.497         -60.471        8884.000        1129.000        8916.000        3028.000        9183.000       -2149.000        4042.000        3100.000 
-12435  
-1  22  64          -44.360         12          12.025         64          64.009          21.766         -54.888        4049.000       16734.000        7057.000      -14300.000      -14087.000       11496.000       12034.000        -250.000 
-12435  
-1  12  65            2.697          3           2.539         64          63.992          22.751         -60.488        8910.000         503.000        8940.000        3276.000        9209.000       -2099.000        3086.000        3682.000 
-12435  
-1  22  66          -44.690         12          12.015         64          64.027          22.115         -54.569        3357.000       17970.000        7613.000      -14720.000      -13982.000       11985.000       12468.000         957.000 
-12435  
-1  12  67            1.793          3           2.524         64          64.016          22.520         -60.323        9474.000        1714.000        8896.000        2954.000        9064.000       -2073.000        3703.000        3580.000 
-12435  
-1  22  68          -45.233         12          12.059         64          64.001          22.099         -54.595        3999.000       18413.000        7009.000      -15381.000      -13386.000       12473.000       10929.000       -1675.000 
-12435  
-1  12  69            1.687          3           2.524         64          63.997          22.553         -60.383        9363.000        1064.000        8761.000        3095.000        9515.000       -1758.000        3606.000        2782.000 
-12435  
-1  22  70          -44.813         12          12.034         64          64.010          21.864         -54.852        4546.000       16798.000        6115.000      -15231.000      -13502.000       12139.000       11421.000       -1546.000 
-12435  
-1  12  71            1.910          3           2.508         64          63.989          22.584         -60.584        9187.000         717.000        8830.000        3168.000        8796.000       -2103.000        3554.000        3019.000 
-12435  
-1  22  72          -44.193         12          12.027         64          64.004          22.261         -54.520        1245.000       17923.000       10147.000      -14133.000      -16062.000       10009.000       11475.000        1223.000 
-12435  
-1  12  73            1.653          3           2.501         64          63.980          22.363         -60.577        9675.000        1562.000        8359.000        2857.000        8882.000       -1969.000        3206.000        3120.000 
-12435  
-1  22  74          -44.710         12          12.052         64          64.009          21.947         -54.649        2563.000       17485.000        8035.000      -14473.000      -15165.000       11128.000       11994.000         251.000 
-12435  
-1  12  75            2.310          3           2.526         64          64.036          22.770         -60.477        9381.000         409.000        8967.000        2895.000        9063.000       -1986.000        3346.000        3015.000 
-12435  
-1  22  76          -44.713         12          12.031         64          64.008          22.054         -54.780        1537.000       17720.000        8473.000      -14034.000      -15131.000       10102.000       11592.000        1243.000 
-12435  
-1  12  77            1.620          3           2.534         64          63.988          22.293         -60.502        9723.000         955.000        8508.000        2946.000        8943.000       -2233.000        3444.000        2892.000 
-12435  
-1  22  78          -45.077         12          12.024         64          64.000          22.086         -54.899        1969.000       16888.000        8338.000      -14449.000      -14363.000       10149.000       12114.000        -105.000 
-12435  
-1  12  79            2.023          3           2.517         64          63.993          22.458         -60.451        9394.000        1156.000        8744.000        3431.000        8815.000       -2046.000        3544.000        3570.000 
-12435  
-1  22  80          -44.423         12          12.015         64          64.008          22.332         -54.761        1111.000       17309.000        9716.000      -14031.000      -15548.000        9400.000       11543.000        1012.000 
-12435  
-1  12  81            1.943          3           2.517         64          64.012          22.315         -60.563        9390.000        1036.000        8648.000        3134.000        8579.000       -2297.000        3611.000        3467.000 
-12435  
-1  22  82          -43.707         12          12.044         64          64.008          22.032         -54.820        2120.000       16834.000        8670.000      -14749.000      -14910.000       10374.000       11349.000        1754.000 
-12435  
-1  12  83            1.987          3           2.504         64          64.019          22.432         -60.583        8959.000        1262.000        8974.000        3131.000        8839.000       -1574.000        3701.000        3159.000 
-12435  
-1  22  84          -44.717         12          12.049         64          63.993          21.860         -54.917        2222.000       16882.000        8448.000      -14168.000      -14921.000        9998.000       11600.000         -24.000 
-12435  
-12435  
-1  22  86          -44.900         12          12.045         64          64.007          21.888         -54.706        1725.000       16775.000        9020.000      -14737.000      -14985.000        9653.000       12983.000         941.000 
-12435  
-1  12  87            1.923          3           2.514         64          64.016          22.746         -60.452        9504.000        1184.000        8890.000        3121.000        8901.000       -1866.000        3436.000        3150.000 
-12435  
-1  22  88          -45.137         12          12.015         64          64.020          22.209         -54.776        2655.000       17429.000        7578.000      -14393.000      -14257.000       11543.000       11869.000        -362.000 
-12435  
-1  12  89            2.220          3           2.508         64          64.003          22.487         -60.548        9480.000        1094.000        8953.000        2780.000        8519.000       -2229.000        3145.000        3518.000 
-12435  
-1  22  90          -45.300         12          12.023         64          63.987          21.908         -54.765         690.000       17770.000        8708.000      -14174.000      -14845.000        9858.000       12008.000         969.000 
-12435  
-1  12  91            1.537          3           2.526         64          63.995          22.763         -60.466        9690.000         950.000        8807.000        3253.000        8426.000       -2403.000        3866.000        3067.000 
-12435  
-1  22  92          -44.037         12          12.046         64          64.006          22.048         -54.774        3076.000       17177.000        8299.000      -13992.000      -15294.000       10396.000       11902.000         703.000 
-12435  
-1  12  93            1.950          3           2.502         64          63.991          22.452         -60.403        9574.000        1054.000        9074.000        3233.000        8801.000       -1979.000        3357.000        3158.000 
-12435  
-1  22  94          -44.630         12          12.035         64          64.013          22.080         -54.739        2077.000       17597.000        8483.000      -14142.000      -15203.000       10907.000       11219.000         237.000 
-12435  
-1  12  95            1.427          3           2.507         64          63.977          22.352         -60.636        9252.000        1076.000        8600.000        3391.000        8356.000       -2584.000        3700.000        3279.000 
-12435  
-1  22  96          -45.020         12          12.021         64          63.992          22.067         -54.555         971.000       18366.000        9438.000      -13619.000      -15638.000       10011.000       12172.000        1494.000 
-12435  
-1  12  97            1.853          3           2.509         64          64.030          22.540         -60.605        9041.000         836.000        8750.000        2824.000        9069.000       -1964.000        3714.000        2870.000 
-12435  
-1  22  98          -44.853         12          12.016         64          64.023          22.236         -54.707        2625.000       17454.000        8833.000      -14123.000      -14438.000       11445.000       11889.000         154.000 
-12435  
-1  12  99            1.893          3           2.508         64          64.013          22.464         -60.521        9351.000        1048.000        9065.000        2687.000        8839.000       -2067.000        3358.000        2976.000 
-12435  
