-1  22  1            3.007         12          11.989         64          64.005          41.329         -35.139       85482.000      118866.000       86734.000      124802.000      101332.000      123140.000       58718.000      153119.000 
-12435  
-1  12  2            2.643          4           4.300         64          64.004          51.294         -22.748      239921.000      561017.000      225171.000      584626.000      317448.000      600449.000      145732.000      657518.000 
-12435  
-1  22  3            3.007         12          11.988         64          64.004          41.382         -35.122       84715.000      120439.000       86536.000      124664.000      100913.000      124185.000       58122.000      153413.000 
-12435  
-1  12  4            2.643          4           4.300         64          64.002          51.424         -22.749      272832.000      545308.000      260459.000      569868.000      352831.000      579903.000      185240.000      647804.000 
-12435  
-1  22  5            3.010         12          11.989         64          63.999          41.206         -35.120       90085.000      115088.000       91744.000      120429.000      106902.000      120262.000       65456.000      151025.000 
-12435  
-1  12  6            2.650          4           4.300         64          63.999          51.177         -22.744      255913.000      553951.000      242382.000      577909.000      334744.000      591622.000      164701.000      653470.000 
-12435  
-1  22  7            3.003         12          11.989         64          64.000          41.431         -35.129       84523.000      120263.000       86075.000      124707.000      100413.000      124500.000       58202.000      153443.000 
-12435  
-1  12  8            2.637          4           4.300         64          64.002          50.923         -22.743      207574.000      573961.000      192332.000      596613.000      283410.000      618005.000      108436.000      664944.000 
-12435  
-1  22  9            3.007         12          11.988         64          64.000          41.394         -35.122       83931.000      120304.000       84297.000      125977.000       99593.000      126001.000       56882.000      153994.000 
-12435  
-1  12  10            2.647          4           4.300         64          64.004          51.126         -22.744      251213.000      555911.000      238042.000      579659.000      329935.000      593748.000      159723.000      655187.000 
-12435  
-1  22  11            3.003         12          11.988         64          64.001          41.459         -35.117       91350.000      113945.000       92634.000      119260.000      109087.000      118083.000       67671.000      150972.000 
-12435  
-1  12  12            2.623          4           4.301         64          64.000          51.000         -22.750      255944.000      553152.000      243121.000      577679.000      335070.000      590105.000      166055.000      653027.000 
-12435  
-1  22  13            3.007         12          11.989         64          64.000          41.444         -35.098       90429.000      115985.000       91250.000      121288.000      106581.000      120008.000       65284.000      151929.000 
-12435  
-1  12  14            2.643          4           4.301         64          64.000          51.163         -22.745      220226.000      568216.000      205430.000      592214.000      296438.000      611471.000      123750.000      662820.000 
-12435  
-1  22  15            3.013         12          11.989         64          64.001          41.318         -35.106       86589.000      118704.000       89281.000      122919.000      103462.000      122894.000       60365.000      153221.000 
-12435  
-1  12  16            2.630          4           4.300         64          64.002          51.098         -22.742      250188.000      556639.000      236445.000      580872.000      328716.000      594651.000      158546.000      655374.000 
-12435  
-1  22  17            3.010         12          11.989         64          64.004          41.304         -35.109       97209.000      109265.000       99826.000      115455.000      113836.000      113522.000       74806.000      146272.000 
-12435  
-1  12  18            2.647          4           4.300         64          64.002          50.971         -22.745      233940.000      563846.000      219363.000      586950.000      310940.000      604009.000      138877.000      659180.000 
-12435  
-1  22  19            3.017         12          11.987         64          64.002          41.536         -35.116      102924.000      102708.000      105465.000      109642.000      119980.000      106519.000       82835.000      143122.000 
-12435  
-1  12  20            2.630          4           4.300         64          64.000          51.269         -22.742      248837.000      557139.000      235379.000      581480.000      327208.000      595288.000      157215.000      655767.000 
-12435  
-1  22  21            3.007         12          11.987         64          64.000          41.489         -35.111       80670.000      122090.000       81694.000      128158.000       96870.000      128245.000       53451.000      155785.000 
-12435  
-1  12  22            2.633          4           4.301         64          64.000          50.855         -22.745      258473.000      552342.000      245771.000      576899.000      338025.000      589237.000      168560.000      652622.000 
-12435  
-1  22  23            3.000         12          11.988         64          63.997          41.324         -35.121       85608.000      119240.000       87621.000      123762.000      102695.000      123321.000       60185.000      152745.000 
-12435  
-1  12  24            2.653          4           4.300         64          64.002          51.710         -22.744      241889.000      559800.000      227765.000      584305.000      319504.000      599520.000      148302.000      657708.000 
-12435  
-1  22  25            3.000         12          11.989         64          64.002          41.295         -35.125       89801.000      115406.000       91335.000      121082.000      107695.000      119876.000       65534.000      150051.000 
-12435  
-1  12  26            2.650          4           4.300         64          64.002          51.080         -22.743      261573.000      551623.000      248243.000      575603.000      340538.000      588060.000      171259.000      651839.000 
-12435  
-1  22  27            3.007         12          11.990         64          64.001          41.816         -35.131       89814.000      115436.000       90917.000      121609.000      106760.000      119940.000       64373.000      150534.000 
-12435  
-1  12  28            2.647          4           4.301         64          64.001          51.330         -22.746      248383.000      557040.000      234593.000      581510.000      326419.000      595939.000      156083.000      655079.000 
-12435  
-1  22  29            3.003         12          11.991         64          63.998          41.275         -35.143       88535.000      115838.000       90445.000      121455.000      105568.000      120105.000       64139.000      151259.000 
-12435  
-1  12  30            2.647          4           4.301         64          64.001          51.065         -22.745      220767.000      568309.000      206778.000      592043.000      297548.000      611038.000      124236.000      662173.000 
-12435  
-1  22  31            3.007         12          11.991         64          64.004          41.265         -35.137       84636.000      119825.000       85085.000      125292.000       99986.000      124644.000       57519.000      153612.000 
-12435  
-1  12  32            2.660          4           4.300         64          64.001          51.193         -22.744      256656.000      553183.000      243261.000      577819.000      335326.000      591185.000      165589.000      653238.000 
-12435  
-1  22  33            3.010         12          11.989         64          64.004          41.217         -35.109      101585.000      105909.000      104314.000      110688.000      118328.000      108651.000       80740.000      143272.000 
-12435  
-1  12  34            2.640          4           4.300         64          64.001          50.447         -22.745      249857.000      556141.000      236831.000      580640.000      328992.000      594626.000      158138.000      654909.000 
-12435  
-1  22  35            3.007         12          11.989         64          63.998          41.424         -35.138       88983.000      115844.000       90241.000      121336.000      105493.000      120171.000       63754.000      151751.000 
-12435  
-1  12  36            2.643          4           4.300         64          64.001          50.852         -22.749      234164.000      562420.000      219479.000      586859.000      312010.000      603610.000      139267.000      659068.000 
-12435  
-1  22  37            3.007         12          11.990         64          64.002          41.389         -35.118       87139.000      117898.000       88502.000      123138.000      103678.000      122579.000       61529.000      152547.000 
-12435  
-1  12  38            2.657          4           4.300         64          64.001          50.948         -22.745      254210.000      554394.000      241148.000      578109.000      333421.000      592231.000      162863.000      654057.000 
-12435  
-1  22  39            3.013         12          11.993         64          63.998          41.442         -35.128       79480.000      122658.000       80287.000      128429.000       95671.000      129138.000       51022.000      156078.000 
-12435  
-1  12  40            2.613          4           4.301         64          64.002          51.626         -22.746      240350.000      560400.000      227314.000      584390.000      319463.000      599959.000      147547.000      656835.000 
-12435  
-1  22  41            3.010         12          11.988         64          64.002          41.299         -35.113       88756.000      116579.000       90747.000      122368.000      105083.000      120822.000       63360.000      152015.000 
-12435  
-1  12  42            2.650          4           4.300         64          64.001          50.902         -22.746      228660.000      565504.000      214079.000      588983.000      305691.000      606707.000      132804.000      660702.000 
-12435  
-1  22  43            3.000         12          11.990         64          64.000          41.429         -35.120       90383.000      115073.000       91312.000      120620.000      107414.000      118909.000       66336.000      151302.000 
-12435  
-1  12  44            2.640          4           4.300         64          64.000          51.034         -22.741      230740.000      565091.000      216568.000      588766.000      307918.000      605600.000      135468.000      660357.000 
-12435  
-1  22  45            3.003         12          11.988         64          64.004          41.343         -35.117       81330.000      122328.000       81865.000      128111.000       97495.000      128172.000       53536.000      154433.000 
-12435  
-1  12  46            2.667          4           4.300         64          64.000          51.837         -22.742      228388.000      565875.000      213713.000      589711.000      304411.000      607267.000      132308.000      661234.000 
-12435  
-1  22  47            3.007         12          11.987         64          64.004          41.492         -35.142       87105.000      116967.000       88540.000      122274.000      103955.000      121974.000       61819.000      152397.000 
-12435  
-1  12  48            2.650          4           4.300         64          64.000          50.895         -22.747      251241.000      555229.000      238585.000      579464.000      329967.000      593498.000      160266.000      655019.000 
-12435  
-1  22  49            3.013         12          11.990         64          64.004          41.437         -35.104       87270.000      116271.000       89972.000      123097.000      104718.000      121865.000       62077.000      153555.000 
-12435  
-1  12  50            2.637          4           4.300         64          64.001          50.876         -22.739      238619.000      561500.000      224583.000      585577.000      316480.000      601656.000      145116.000      658903.000 
-12435  
-1  22  51            3.013         12          11.990         64          64.001          41.443         -35.123       77427.000      123767.000       78067.000      130356.000       92851.000      130501.000       48687.000      157406.000 
-12435  
-1  12  52            2.613          4           4.300         64          64.002          50.461         -22.749      240950.000      559666.000      227578.000      584252.000      319556.000      599236.000      148451.000      656841.000 
-12435  
-1  22  53            3.003         12          11.989         64          64.002          41.606         -35.139       77438.000      124337.000       77775.000      130063.000       93115.000      129795.000       48866.000      156609.000 
-12435  
-1  12  54            2.617          4           4.300         64          64.002          51.126         -22.744      233071.000      563548.000      219214.000      587462.000      311204.000      604284.000      138947.000      659323.000 
-12435  
-1  22  55            3.010         12          11.989         64          64.000          41.227         -35.142       87365.000      117344.000       89567.000      122196.000      103951.000      121601.000       61405.000      151841.000 
-12435  
-1  12  56            2.667          4           4.300         64          64.002          51.364         -22.744      255862.000      553643.000      242677.000      578076.000      334478.000      591808.000      164507.000      653424.000 
-12435  
-1  22  57            3.020         12          11.987         64          64.003          41.157         -35.141       78993.000      122045.000       80868.000      128730.000       94505.000      129039.000       50672.000      156213.000 
-12435  
-1  12  58            2.647          4           4.300         64          64.002          51.098         -22.745      234007.000      563407.000      220495.000      586694.000      311714.000      603461.000      139492.000      659562.000 
-12435  
-1  22  59            3.003         12          11.988         64          64.000          41.482         -35.111       89377.000      115959.000       91735.000      120681.000      106586.000      119974.000       65456.000      151727.000 
-12435  
-1  12  60            2.643          4           4.301         64          64.002          51.388         -22.745      257942.000      552738.000      245156.000      576747.000      337187.000      589578.000      167757.000      652964.000 
-12435  
-1  22  61            3.017         12          11.990         64          64.001          41.331         -35.147       80756.000      121977.000       80769.000      127761.000       96301.000      127964.000       51129.000      155431.000 
-12435  
-1  12  62            2.670          4           4.300         64          64.002          51.137         -22.740      226766.000      566457.000      212749.000      590275.000      303289.000      608089.000      130515.000      661866.000 
-12435  
-1  22  63            3.013         12          11.990         64          64.000          41.259         -35.138       88644.000      116302.000       89744.000      121957.000      105213.000      121210.000       62066.000      151509.000 
-12435  
-1  12  64            2.617          4           4.300         64          64.002          51.024         -22.747      252697.000      555177.000      240063.000      578729.000      332233.000      592237.000      162241.000      654145.000 
-12435  
-1  22  65            3.003         12          11.990         64          64.004          41.377         -35.129       88223.000      116409.000       89849.000      122051.000      105577.000      120748.000       63093.000      151859.000 
-12435  
-1  12  66            2.630          4           4.301         64          64.002          51.333         -22.746      249431.000      556558.000      236036.000      580265.000      328360.000      594951.000      157976.000      655280.000 
-12435  
-1  22  67            3.003         12          11.990         64          64.002          41.493         -35.125       86842.000      117963.000       87613.000      123649.000      103342.000      122682.000       61235.000      152481.000 
-12435  
-1  12  68            2.650          4           4.301         64          64.002          50.836         -22.746      248352.000      556871.000      235271.000      581309.000      326698.000      595074.000      156386.000      655769.000 
-12435  
-1  22  69            3.003         12          11.991         64          64.001          41.501         -35.123       78212.000      123461.000       79193.000      128897.000       94394.000      129633.000       51067.000      156988.000 
-12435  
-1  12  70            2.640          4           4.300         64          64.001          51.127         -22.744      257162.000      553268.000      244389.000      576624.000      336598.000      591020.000      167092.000      652865.000 
-12435  
-1  22  71            3.007         12          11.989         64          64.001          41.180         -35.131       79817.000      123084.000       80221.000      128239.000       95388.000      129493.000       52045.000      155090.000 
-12435  
-1  12  72            2.640          4           4.300         64          64.002          50.638         -22.742      238358.000      561443.000      225071.000      585841.000      316459.000      601952.000      144643.000      657600.000 
-12435  
-1  22  73            3.007         12          11.989         64          63.999          41.384         -35.128       79553.000      122974.000       81666.000      128467.000       95490.000      127980.000       51950.000      155797.000 
-12435  
-1  12  74            2.663          4           4.300         64          64.002          50.830         -22.745      229147.000      565260.000      215014.000      589391.000      306061.000      606674.000      133005.000      660185.000 
-12435  
-1  22  75            3.010         12          11.989         64          63.999          41.499         -35.126       89765.000      115825.000       90431.000      121345.000      105087.000      120507.000       64491.000      151804.000 
-12435  
-1  12  76            2.653          4           4.301         64          64.001          50.589         -22.743      258296.000      552518.000      245591.000      576745.000      337787.000      589873.000      167850.000      652925.000 
-12435  
-1  22  77            3.003         12          11.988         64          64.002          41.282         -35.131       88254.000      116548.000       89923.000      121623.000      105431.000      121044.000       63461.000      151590.000 
-12435  
-1  12  78            2.663          4           4.301         64          64.002          51.480         -22.744      262794.000      550968.000      249069.000      575488.000      341427.000      586954.000      172052.000      651640.000 
-12435  
-1  22  79            3.003         12          11.988         64          64.004          41.206         -35.123       88191.000      116435.000       90351.000      121727.000      106202.000      120423.000       63491.000      151948.000 
-12435  
-1  12  80            2.627          4           4.300         64          64.001          51.572         -22.739      225446.000      567164.000      211369.000      590448.000      302718.000      608592.000      129996.000      661960.000 
-12435  
-1  22  81            3.000         12          11.989         64          64.004          41.345         -35.132       87147.000      117361.000       89734.000      122299.000      104413.000      121104.000       63182.000      151851.000 
-12435  
-1  12  82            2.643          4           4.300         64          64.001          50.893         -22.744      245035.000      558440.000      231401.000      582179.000      323412.000      598089.000      152681.000      656670.000 
-12435  
-1  22  83            3.007         12          11.987         64          64.001          41.496         -35.123       79283.000      122428.000       80454.000      128528.000       96140.000      129120.000       52038.000      155967.000 
-12435  
-1  12  84            2.643          4           4.300         64          64.002          51.117         -22.742      246468.000      557963.000      232464.000      581927.000      324970.000      597184.000      153899.000      656609.000 
-12435  
-1  22  85            3.007         12          11.990         64          64.002          41.504         -35.114       93461.000      112580.000       95247.000      118698.000      110261.000      116453.000       69799.000      149148.000 
-12435  
-1  12  86            2.653          4           4.301         64          64.001          50.917         -22.745      253645.000      554203.000      240874.000      578990.000      332541.000      592577.000      162720.000      654133.000 
-12435  
-1  22  87            3.010         12          11.988         64          64.002          41.329         -35.146       88765.000      115472.000       92142.000      120451.000      106228.000      119702.000       64568.000      150658.000 
-12435  
-1  12  88            2.627          4           4.300         64          64.000          51.126         -22.741      222827.000      568315.000      208499.000      591453.000      299846.000      610268.000      126656.000      661711.000 
-12435  
-1  22  89            3.010         12          11.988         64          64.004          41.467         -35.118       89106.000      115750.000       90666.000      121660.000      105819.000      120977.000       64092.000      151726.000 
-12435  
-1  12  90            2.610          4           4.300         64          64.001          51.168         -22.752      252477.000      554593.000      239527.000      578684.000      331865.000      592430.000      162234.000      653578.000 
-12435  
-1  22  91            3.010         12          11.990         64          64.004          41.299         -35.119       84385.000      119732.000       85807.000      125159.000      100520.000      124638.000       57558.000      154471.000 
-12435  
-1  12  92            2.623          4           4.300         64          64.000          50.860         -22.745      233997.000      563064.000      220319.000      587402.000      312020.000      603596.000      139912.000      658828.000 
-12435  
-1  22  93            3.007         12          11.990         64          64.004          41.327         -35.124       87924.000      117135.000       89265.000      122430.000      104479.000      121246.000       62512.000      152458.000 
-12435  
-1  12  94            2.640          4           4.300         64          64.000          50.583         -22.743      242185.000      559671.000      228696.000      583519.000      320762.000      599309.000      149268.000      657581.000 
-12435  
-1  22  95            3.003         12          11.989         64          63.999          41.527         -35.114       78993.000      123427.000       80103.000      129683.000       96094.000      128110.000       50417.000      156592.000 
-12435  
-1  12  96            2.643          4           4.300         64          64.001          50.993         -22.742      228432.000      566165.000      214404.000      589586.000      304970.000      606756.000      133059.000      660965.000 
-12435  
-1  22  97            3.013         12          11.990         64          64.002          41.363         -35.149       88146.000      116087.000       89370.000      121967.000      103895.000      121396.000       62475.000      151949.000 
-12435  
-1  12  98            2.637          4           4.300         64          64.001          51.264         -22.746      238125.000      561347.000      224496.000      585157.000      316268.000      601445.000      144560.000      658078.000 
-12435  
-1  22  99            3.007         12          11.990         64          64.001          41.482         -35.122       88555.000      116687.000       90243.000      122273.000      104571.000      121826.000       63502.000      151189.000 
-12435  
