-1  22  1          -22.213         12          12.008         64          64.009          39.876         -36.868      -11340.000     -117688.000     -105248.000      -14812.000      -61531.000      134328.000      110343.000       75903.000 
-12435  
-1  12  2          -23.480          4           4.337         64          64.006          37.365         -44.554       21015.000      -38667.000      -29168.000      -21134.000      -43408.000       43235.000       28128.000       57474.000 
-12435  
-1  22  3          -22.077         12          12.006         64          64.003          39.774         -36.883        1211.000     -118014.000     -102869.000      -26876.000      -76731.000      125924.000       99817.000       88787.000 
-12435  
-1  12  4          -23.340          4           4.337         64          63.994          37.284         -44.574       20898.000      -38659.000      -29365.000      -20828.000      -42911.000       42851.000       27264.000       58166.000 
-12435  
-1  22  5          -22.120         12          12.007         64          63.997          39.941         -36.879        3383.000     -117619.000     -102918.000      -28309.000      -78511.000      124679.000       99306.000       89859.000 
-12435  
-1  12  6          -23.393          4           4.340         64          63.997          37.121         -44.569       24383.000      -36476.000      -27715.000      -23271.000      -46722.000       38819.000       22459.000       60122.000 
-12435  
-1  22  7          -22.203         12          12.007         64          63.998          39.731         -36.893       19697.000     -116985.000      -97500.000      -41660.000      -93217.000      113462.000       85951.000      102035.000 
-12435  
-1  12  8          -23.450          4           4.337         64          63.999          37.305         -44.577       23846.000      -36370.000      -28255.000      -22722.000      -45559.000       39963.000       23344.000       60000.000 
-12435  
-1  22  9          -22.117         12          12.007         64          64.003          39.469         -36.874       -2957.000     -117738.000     -104383.000      -23308.000      -71878.000      128908.000      103670.000       84297.000 
-12435  
-1  12  10          -23.427          4           4.341         64          64.004          37.202         -44.551       23691.000      -37008.000      -28152.000      -22466.000      -45553.000       39821.000       23800.000       60282.000 
-12435  
-1  22  11          -22.113         12          12.005         64          63.999          39.609         -36.857        1333.000     -118037.000     -103694.000      -27089.000      -76959.000      126168.000      100858.000       88143.000 
-12435  
-1  12  12          -23.397          4           4.336         64          64.008          37.126         -44.517       22527.000      -37894.000      -28556.000      -21536.000      -44940.000       42224.000       25489.000       59167.000 
-12435  
-1  22  13          -22.100         12          12.004         64          63.996          39.593         -36.875       -4077.000     -117895.000     -103999.000      -22651.000      -70865.000      129726.000      104000.000       83783.000 
-12435  
-1  12  14          -23.500          4           4.336         64          64.000          37.167         -44.526       24037.000      -36513.000      -27537.000      -22814.000      -46180.000       39971.000       23414.000       60707.000 
-12435  
-1  22  15          -22.120         12          12.004         64          64.000          39.550         -36.890        7939.000     -117444.000     -101510.000      -31121.000      -83085.000      122107.000       95584.000       92942.000 
-12435  
-1  12  16          -23.507          4           4.339         64          63.999          37.313         -44.592       24959.000      -36367.000      -26934.000      -23093.000      -46932.000       38251.000       22121.000       60209.000 
-12435  
-1  22  17          -22.130         12          12.004         64          64.002          39.651         -36.885       13785.000     -116623.000      -99321.000      -38254.000      -89281.000      116675.000       90918.000       99063.000 
-12435  
-1  12  18          -23.507          4           4.340         64          64.002          37.269         -44.536       24266.000      -37217.000      -27990.000      -23088.000      -46212.000       39359.000       23781.000       59892.000 
-12435  
-1  22  19          -22.143         12          12.007         64          64.004          39.718         -36.870       10795.000     -117366.000     -100828.000      -34582.000      -85626.000      120107.000       93621.000       96137.000 
-12435  
-1  12  20          -23.433          4           4.340         64          64.005          37.236         -44.569       23964.000      -36773.000      -27977.000      -23018.000      -46151.000       39767.000       23322.000       59580.000 
-12435  
-1  22  21          -22.127         12          12.006         64          64.004          39.576         -36.847        3735.000     -118478.000     -103964.000      -29265.000      -78323.000      125026.000       98807.000       90107.000 
-12435  
-1  12  22          -23.367          4           4.341         64          64.000          37.603         -44.536       22898.000      -37607.000      -28642.000      -22424.000      -45312.000       40583.000       24832.000       59578.000 
-12435  
-1  22  23          -22.137         12          12.003         64          63.999          39.571         -36.885        9736.000     -116513.000     -100799.000      -34282.000      -85247.000      120847.000       94260.000       95006.000 
-12435  
-1  12  24          -23.380          4           4.339         64          64.004          37.392         -44.559       23767.000      -37254.000      -27625.000      -22395.000      -46220.000       39854.000       23400.000       59826.000 
-12435  
-1  22  25          -22.107         12          12.006         64          63.998          39.853         -36.866        1772.000     -118367.000     -102383.000      -26910.000      -77741.000      125858.000      100452.000       88741.000 
-12435  
-1  12  26          -23.407          4           4.336         64          63.998          37.508         -44.562       22581.000      -37089.000      -28158.000      -22450.000      -44904.000       40939.000       24819.000       59763.000 
-12435  
-1  22  27          -22.113         12          12.006         64          64.003          39.821         -36.872        7799.000     -117436.000     -101649.000      -33327.000      -82987.000      122246.000       95043.000       93940.000 
-12435  
-1  12  28          -23.503          4           4.337         64          64.005          37.095         -44.602       25116.000      -35336.000      -26857.000      -23577.000      -47430.000       37793.000       21370.000       60571.000 
-12435  
-1  22  29          -22.103         12          12.007         64          64.001          39.784         -36.844       -4729.000     -118163.000     -105623.000      -20571.000      -69388.000      131072.000      104891.000       82715.000 
-12435  
-1  12  30          -23.417          4           4.337         64          63.999          37.180         -44.575       23794.000      -37404.000      -27843.000      -22789.000      -45331.000       39723.000       23464.000       59883.000 
-12435  
-1  22  31          -22.100         12          12.004         64          64.005          39.803         -36.868        2755.000     -117589.000     -103567.000      -27739.000      -77808.000      125434.000       99456.000       89642.000 
-12435  
-1  12  32          -23.427          4           4.342         64          64.006          37.075         -44.617       23639.000      -36431.000      -27713.000      -22255.000      -45353.000       40115.000       23114.000       59774.000 
-12435  
-1  22  33          -22.130         12          12.007         64          64.005          39.864         -36.885       11827.000     -117550.000      -99976.000      -35130.000      -87487.000      119052.000       92510.000       95974.000 
-12435  
-1  12  34          -23.353          4           4.338         64          63.999          37.366         -44.565       22546.000      -37780.000      -28809.000      -21537.000      -44270.000       41697.000       24924.000       59189.000 
-12435  
-1  22  35          -22.117         12          12.002         64          64.003          39.728         -36.894        3817.000     -117641.000     -102208.000      -28788.000      -78200.000      124408.000       98352.000       90858.000 
-12435  
-1  12  36          -23.383          4           4.341         64          63.999          37.204         -44.615       24013.000      -35870.000      -27381.000      -22526.000      -46131.000       39163.000       22131.000       60447.000 
-12435  
-1  22  37          -22.113         12          12.006         64          64.000          39.491         -36.892        9439.000     -117517.000     -101648.000      -33670.000      -84023.000      120378.000       93851.000       94646.000 
-12435  
-1  12  38          -23.403          4           4.339         64          64.002          37.430         -44.540       23922.000      -37191.000      -28197.000      -22721.000      -45452.000       40548.000       23231.000       60004.000 
-12435  
-1  22  39          -22.127         12          12.006         64          64.000          39.713         -36.891       11879.000     -117480.000      -99621.000      -35974.000      -86802.000      119597.000       91549.000       96537.000 
-12435  
-1  12  40          -23.413          4           4.337         64          64.005          37.243         -44.575       24285.000      -36117.000      -27797.000      -23080.000      -46648.000       39248.000       22504.000       60042.000 
-12435  
-1  22  41          -22.120         12          12.004         64          64.002          39.822         -36.899       14482.000     -116611.000      -99076.000      -38106.000      -89649.000      116800.000       89769.000       98798.000 
-12435  
-1  12  42          -23.510          4           4.342         64          64.004          37.271         -44.603       23293.000      -37139.000      -28161.000      -22195.000      -44699.000       40246.000       24580.000       59391.000 
-12435  
-1  22  43          -22.133         12          12.007         64          64.004          39.699         -36.863         933.000     -118657.000     -103292.000      -27077.000      -76201.000      125588.000      101322.000       88226.000 
-12435  
-1  12  44          -23.297          4           4.342         64          64.002          37.121         -44.582       22752.000      -36962.000      -28103.000      -22628.000      -45753.000       40402.000       23840.000       59420.000 
-12435  
-1  22  45          -22.097         12          12.004         64          64.002          39.791         -36.910        3838.000     -117115.000     -102547.000      -28628.000      -79386.000      124305.000       97971.000       89424.000 
-12435  
-1  12  46          -23.373          4           4.339         64          64.003          37.317         -44.548       22630.000      -37590.000      -28440.000      -22312.000      -44881.000       41404.000       24830.000       59338.000 
-12435  
-1  22  47          -22.157         12          12.003         64          64.003          39.855         -36.862        5537.000     -117548.000     -102436.000      -29073.000      -79790.000      124706.000       98138.000       91621.000 
-12435  
-1  12  48          -23.470          4           4.340         64          64.002          37.321         -44.585       23638.000      -36984.000      -27573.000      -22596.000      -45768.000       39866.000       23832.000       59604.000 
-12435  
-1  22  49          -22.077         12          12.004         64          64.000          39.752         -36.898        3441.000     -117370.000     -103048.000      -28324.000      -78728.000      124240.000       98146.000       90100.000 
-12435  
-1  12  50          -23.537          4           4.334         64          64.002          37.499         -44.541       22859.000      -37740.000      -29001.000      -21779.000      -44090.000       41860.000       25823.000       59066.000 
-12435  
-1  22  51          -22.090         12          12.006         64          64.001          39.709         -36.901        1613.000     -118260.000     -102484.000      -27166.000      -76362.000      125654.000       99119.000       88784.000 
-12435  
-1  12  52          -23.587          4           4.340         64          64.003          37.233         -44.567       24772.000      -35951.000      -27698.000      -23570.000      -46177.000       39373.000       22624.000       60219.000 
-12435  
-1  22  53          -22.077         12          12.007         64          63.999          39.684         -36.869        2260.000     -118899.000     -102755.000      -27848.000      -77768.000      124963.000       98994.000       89935.000 
-12435  
-1  12  54          -23.363          4           4.341         64          64.003          36.894         -44.600       22470.000      -37004.000      -28620.000      -21680.000      -44847.000       41246.000       24847.000       58931.000 
-12435  
-1  22  55          -22.127         12          12.006         64          64.002          39.656         -36.878        8749.000     -117372.000     -101561.000      -34141.000      -84313.000      121241.000       94589.000       93800.000 
-12435  
-1  12  56          -23.547          4           4.340         64          64.000          37.161         -44.548       22922.000      -38065.000      -29201.000      -20959.000      -43987.000       41719.000       26164.000       58903.000 
-12435  
-1  22  57          -22.087         12          12.006         64          64.001          39.876         -36.888        -196.000     -117254.000     -103533.000      -25195.000      -75734.000      126564.000      101630.000       86922.000 
-12435  
-1  12  58          -23.337          4           4.337         64          64.003          37.204         -44.581       22586.000      -37572.000      -28299.000      -22204.000      -44876.000       40639.000       24587.000       59400.000 
-12435  
-1  22  59          -22.150         12          12.007         64          63.998          39.618         -36.881       12132.000     -117057.000     -100923.000      -36263.000      -86787.000      118557.000       92436.000       96803.000 
-12435  
-1  12  60          -23.577          4           4.338         64          63.997          37.245         -44.587       23141.000      -37266.000      -28842.000      -21989.000      -43840.000       41054.000       25318.000       59248.000 
-12435  
-1  22  61          -22.053         12          12.006         64          64.002          39.849         -36.865       -7346.000     -118042.000     -105262.000      -19678.000      -68186.000      130414.000      105892.000       82256.000 
-12435  
-1  12  62          -23.507          4           4.340         64          64.010          37.045         -44.561       23547.000      -36854.000      -27860.000      -22903.000      -45935.000       40849.000       24123.000       59079.000 
-12435  
-1  22  63          -22.153         12          12.009         64          64.000          39.654         -36.846        2524.000     -118845.000     -102675.000      -28331.000      -77492.000      125492.000      100317.000       89911.000 
-12435  
-1  12  64          -23.503          4           4.337         64          64.003          37.352         -44.556       24172.000      -37173.000      -27877.000      -22649.000      -45218.000       40113.000       23403.000       60166.000 
-12435  
-1  22  65          -22.177         12          12.006         64          64.003          39.888         -36.860        3467.000     -118800.000     -102606.000      -29067.000      -78244.000      125125.000       99366.000       89473.000 
-12435  
-1  12  66          -23.347          4           4.335         64          64.000          37.277         -44.563       23276.000      -37284.000      -28692.000      -22406.000      -45265.000       40765.000       23887.000       59324.000 
-12435  
-1  22  67          -22.083         12          12.006         64          64.002          39.824         -36.873        2891.000     -117946.000     -103193.000      -29020.000      -78282.000      124733.000       98576.000       90318.000 
-12435  
-1  12  68          -23.547          4           4.334         64          64.004          37.232         -44.535       22821.000      -37497.000      -28574.000      -22137.000      -44654.000       41224.000       25862.000       59460.000 
-12435  
-1  22  69          -22.210         12          12.006         64          64.003          39.753         -36.889        3239.000     -118094.000     -102146.000      -29165.000      -77800.000      125211.000       99427.000       88739.000 
-12435  
-1  12  70          -23.610          4           4.340         64          63.997          37.099         -44.568       23590.000      -37707.000      -27734.000      -22268.000      -44596.000       40798.000       24959.000       59390.000 
-12435  
-1  22  71          -22.130         12          12.004         64          63.999          39.675         -36.866        1611.000     -117902.000     -103569.000      -27963.000      -76868.000      125802.000      100585.000       88336.000 
-12435  
-1  12  72          -23.573          4           4.338         64          64.005          36.984         -44.624       24974.000      -36493.000      -26995.000      -22184.000      -46024.000       39033.000       22314.000       59893.000 
-12435  
-1  22  73          -22.167         12          12.007         64          64.002          39.761         -36.904        2254.000     -117777.000     -102932.000      -26569.000      -76035.000      125958.000       99879.000       87769.000 
-12435  
-1  12  74          -23.607          4           4.333         64          64.001          37.243         -44.584       23900.000      -36588.000      -28061.000      -22496.000      -45413.000       40163.000       24279.000       59463.000 
-12435  
-1  22  75          -22.157         12          12.006         64          63.997          39.576         -36.894       -9942.000     -116992.000     -105643.000      -17091.000      -63195.000      132473.000      108799.000       77684.000 
-12435  
-1  12  76          -23.487          4           4.340         64          64.003          37.503         -44.576       22652.000      -37452.000      -28753.000      -21973.000      -44060.000       41215.000       25516.000       59235.000 
-12435  
-1  22  77          -22.170         12          12.004         64          64.002          39.754         -36.860        5706.000     -117429.000     -102713.000      -31012.000      -80000.000      124513.000       97594.000       91639.000 
-12435  
-1  12  78          -23.357          4           4.340         64          63.997          37.231         -44.577       23852.000      -36884.000      -27986.000      -22559.000      -46181.000       40410.000       22885.000       59260.000 
-12435  
-1  22  79          -22.127         12          12.004         64          64.001          40.007         -36.877        3486.000     -117522.000     -102311.000      -28043.000      -77988.000      125126.000       99253.000       90778.000 
-12435  
-1  12  80          -23.257          4           4.340         64          63.999          37.319         -44.550       21520.000      -37763.000      -28715.000      -21911.000      -44259.000       41356.000       25338.000       59898.000 
-12435  
-1  22  81          -22.123         12          12.004         64          64.005          39.705         -36.841        2700.000     -117526.000     -104358.000      -28330.000      -77687.000      125656.000      100251.000       89763.000 
-12435  
-1  12  82          -23.477          4           4.338         64          64.001          37.544         -44.579       23477.000      -37173.000      -27874.000      -21959.000      -45714.000       40642.000       24300.000       59113.000 
-12435  
-1  22  83          -22.173         12          12.007         64          64.002          39.528         -36.897       10077.000     -117090.000     -100534.000      -34081.000      -84848.000      120360.000       94159.000       94719.000 
-12435  
-1  12  84          -23.423          4           4.335         64          64.000          37.245         -44.548       24939.000      -36595.000      -27217.000      -23901.000      -47183.000       38904.000       21796.000       60081.000 
-12435  
-1  22  85          -22.197         12          12.004         64          64.001          39.538         -36.867      -11993.000     -118058.000     -105867.000      -15003.000      -60749.000      134098.000      110317.000       75502.000 
-12435  
-1  12  86          -23.550          4           4.338         64          63.999          37.305         -44.550       23613.000      -36955.000      -28229.000      -22224.000      -45478.000       40798.000       24570.000       59506.000 
-12435  
-1  22  87          -22.140         12          12.005         64          64.002          39.861         -36.848        3063.000     -118955.000     -102921.000      -28478.000      -77798.000      125138.000       99681.000       90208.000 
-12435  
-1  12  88          -23.353          4           4.332         64          63.998          37.131         -44.565       21921.000      -37606.000      -29175.000      -21480.000      -44257.000       42206.000       25855.000       58639.000 
-12435  
-1  22  89          -22.113         12          12.003         64          64.000          39.774         -36.880        4944.000     -117807.000     -102434.000      -30021.000      -79670.000      123744.000       97544.000       91613.000 
-12435  
-1  12  90          -23.357          4           4.336         64          64.002          37.224         -44.557       22940.000      -37244.000      -28397.000      -22036.000      -45394.000       40818.000       24397.000       59550.000 
-12435  
-1  22  91          -22.203         12          12.005         64          64.002          39.890         -36.869        5378.000     -117455.000     -102677.000      -30069.000      -79600.000      124504.000       98342.000       90810.000 
-12435  
-1  12  92          -23.400          4           4.335         64          64.005          36.979         -44.556       22302.000      -37645.000      -29066.000      -21463.000      -44452.000       41660.000       25853.000       58968.000 
-12435  
-1  22  93          -22.067         12          12.006         64          64.002          39.576         -36.864       10783.000     -117468.000     -101457.000      -36228.000      -87018.000      118684.000       92147.000       97113.000 
-12435  
-1  12  94          -23.567          4           4.339         64          64.006          37.262         -44.538       23878.000      -37000.000      -28034.000      -22606.000      -45354.000       40660.000       24219.000       59921.000 
-12435  
-1  22  95          -22.103         12          12.003         64          64.001          39.655         -36.880        9928.000     -118180.000     -101471.000      -33402.000      -84798.000      120116.000       93534.000       94968.000 
-12435  
-1  12  96          -23.630          4           4.340         64          64.003          37.257         -44.626       25472.000      -36031.000      -27250.000      -23543.000      -46225.000       38324.000       21916.000       59737.000 
-12435  
-1  22  97          -22.110         12          12.001         64          64.002          39.845         -36.862         657.000     -118218.000     -103081.000      -26666.000      -75664.000      126806.000      100924.000       88496.000 
-12435  
-1  12  98          -23.493          4           4.342         64          63.997          36.997         -44.574       24691.000      -36758.000      -26647.000      -22963.000      -46614.000       38502.000       22416.000       60616.000 
-12435  
-1  22  99          -22.163         12          12.004         64          64.002          40.028         -36.882       11914.000     -117428.000     -100460.000      -36146.000      -86199.000      119391.000       92262.000       96508.000 
-12435  
