-1  22  1            1.003         12          12.013         64          63.998          40.558         -35.827      -24245.000     -135623.000      -38544.000     -126298.000      -65192.000     -144243.000      -38236.000     -140466.000 
-12435  
-1  12  2            0.217          4           4.298         64          63.997          51.558         -23.261     -545707.000     -260036.000     -553713.000     -161076.000     -659205.000      -79492.000     -573912.000     -155929.000 
-12435  
-1  22  3            0.993         12          12.017         64          63.999          40.791         -35.818      -30996.000     -133983.000      -44691.000     -124834.000      -73095.000     -140825.000      -45800.000     -138109.000 
-12435  
-1  12  4            0.213          4           4.298         64          64.002          50.852         -23.259     -515182.000     -317000.000     -533924.000     -219429.000     -646490.000     -149021.000     -554208.000     -216217.000 
-12435  
-1  22  5            1.007         12          12.012         64          64.003          40.611         -35.866      -18444.000     -136524.000      -32028.000     -127557.000      -57994.000     -146195.000      -30972.000     -141228.000 
-12435  
-1  12  6            0.210          4           4.298         64          64.006          50.807         -23.259     -529326.000     -292445.000     -543870.000     -193277.000     -653029.000     -117944.000     -564044.000     -189534.000 
-12435  
-1  22  7            1.003         12          12.014         64          64.004          40.665         -35.859      -26824.000     -135805.000      -39793.000     -124837.000      -67091.000     -143401.000      -40016.000     -138017.000 
-12435  
-1  12  8            0.213          4           4.298         64          64.002          51.024         -23.260     -547905.000     -255411.000     -555849.000     -155988.000     -659326.000      -73981.000     -575483.000     -150276.000 
-12435  
-1  22  9            1.010         12          12.013         64          64.001          40.982         -35.817      -25044.000     -135523.000      -39556.000     -126212.000      -65877.000     -143884.000      -38512.000     -140840.000 
-12435  
-1  12  10            0.200          4           4.298         64          64.000          50.722         -23.260     -522540.000     -304461.000     -539204.000     -205812.000     -649898.000     -133104.000     -559611.000     -201647.000 
-12435  
-1  22  11            0.997         12          12.013         64          63.998          40.923         -35.839      -17856.000     -136480.000      -31718.000     -128225.000      -57631.000     -147063.000      -32171.000     -141650.000 
-12435  
-1  12  12            0.200          4           4.298         64          64.003          50.903         -23.256     -516766.000     -315522.000     -535377.000     -216471.000     -647207.000     -145666.000     -555381.000     -213364.000 
-12435  
-1  22  13            1.000         12          12.015         64          64.004          40.814         -35.806      -30449.000     -135070.000      -42715.000     -125357.000      -71350.000     -141075.000      -43872.000     -139378.000 
-12435  
-1  12  14            0.210          4           4.298         64          64.005          51.783         -23.254     -539021.000     -275711.000     -549851.000     -176469.000     -656546.000      -97172.000     -569770.000     -171899.000 
-12435  
-1  22  15            1.000         12          12.014         64          64.003          40.589         -35.828      -35100.000     -133584.000      -48421.000     -123341.000      -76225.000     -138349.000      -49239.000     -136468.000 
-12435  
-1  12  16            0.220          4           4.298         64          64.002          50.831         -23.254     -529978.000     -291789.000     -544327.000     -193074.000     -653217.000     -117880.000     -564512.000     -189431.000 
-12435  
-1  22  17            0.993         12          12.012         64          64.001          40.519         -35.857      -12051.000     -137632.000      -26255.000     -128423.000      -51865.000     -148161.000      -26297.000     -143111.000 
-12435  
-1  12  18            0.213          4           4.298         64          64.001          50.726         -23.258     -527835.000     -295917.000     -542325.000     -197140.000     -652440.000     -122712.000     -562290.000     -193209.000 
-12435  
-1  22  19            1.000         12          12.014         64          64.003          40.684         -35.849      -20855.000     -136931.000      -34022.000     -127050.000      -60489.000     -145495.000      -34078.000     -140589.000 
-12435  
-1  12  20            0.223          4           4.298         64          64.002          50.755         -23.260     -517382.000     -314362.000     -535024.000     -216382.000     -646890.000     -146293.000     -555004.000     -213269.000 
-12435  
-1  22  21            1.007         12          12.015         64          64.002          40.797         -35.806      -29349.000     -135609.000      -41748.000     -125698.000      -68573.000     -142689.000      -42618.000     -139239.000 
-12435  
-1  12  22            0.217          4           4.298         64          64.003          50.925         -23.257     -528915.000     -293138.000     -543468.000     -195426.000     -653041.000     -120059.000     -563353.000     -190915.000 
-12435  
-1  22  23            0.997         12          12.016         64          64.001          40.775         -35.833      -39209.000     -132682.000      -51887.000     -121376.000      -81096.000     -135825.000      -53223.000     -134615.000 
-12435  
-1  12  24            0.217          4           4.298         64          64.001          50.961         -23.259     -529475.000     -293579.000     -542964.000     -194633.000     -652513.000     -119735.000     -563321.000     -191042.000 
-12435  
-1  22  25            1.000         12          12.016         64          64.000          40.762         -35.820      -11026.000     -138174.000      -25583.000     -129342.000      -50476.000     -149929.000      -24489.000     -143448.000 
-12435  
-1  12  26            0.213          4           4.298         64          64.002          51.104         -23.257     -523956.000     -303159.000     -539602.000     -203883.000     -650699.000     -131219.000     -559976.000     -200948.000 
-12435  
-1  22  27            1.003         12          12.014         64          63.999          40.969         -35.845       -9675.000     -137507.000      -25090.000     -129391.000      -49110.000     -149808.000      -23344.000     -143373.000 
-12435  
-1  12  28            0.207          4           4.298         64          64.003          51.119         -23.259     -531346.000     -289411.000     -544864.000     -190130.000     -653285.000     -114054.000     -565414.000     -186168.000 
-12435  
-1  22  29            1.003         12          12.016         64          64.001          40.873         -35.831      -22516.000     -136407.000      -36034.000     -126950.000      -62604.000     -144469.000      -35971.000     -141330.000 
-12435  
-1  12  30            0.210          4           4.298         64          64.003          51.016         -23.257     -529120.000     -293489.000     -543473.000     -194762.000     -652910.000     -119543.000     -563522.000     -190743.000 
-12435  
-1  22  31            0.997         12          12.015         64          64.001          40.938         -35.825      -18167.000     -137191.000      -33033.000     -127782.000      -59498.000     -146438.000      -32184.000     -141827.000 
-12435  
-1  12  32            0.210          4           4.298         64          64.002          51.317         -23.258     -519050.000     -310996.000     -536666.000     -212715.000     -647866.000     -141375.000     -557137.000     -209428.000 
-12435  
-1  22  33            1.007         12          12.014         64          64.001          40.760         -35.832      -28952.000     -135318.000      -42810.000     -125295.000      -69690.000     -141016.000      -42225.000     -139167.000 
-12435  
-1  12  34            0.217          4           4.298         64          64.001          51.143         -23.256     -527686.000     -296708.000     -541868.000     -198101.000     -652249.000     -123581.000     -562437.000     -194767.000 
-12435  
-1  22  35            0.993         12          12.013         64          64.000          40.812         -35.821      -28516.000     -135146.000      -41122.000     -125874.000      -69557.000     -142847.000      -42419.000     -138274.000 
-12435  
-1  12  36            0.203          4           4.298         64          64.002          50.979         -23.258     -534464.000     -283979.000     -546639.000     -184813.000     -654515.000     -107337.000     -567251.000     -180423.000 
-12435  
-1  22  37            1.000         12          12.012         64          64.004          40.911         -35.812      -19262.000     -137107.000      -33257.000     -127919.000      -59588.000     -146335.000      -32897.000     -142348.000 
-12435  
-1  12  38            0.210          4           4.298         64          64.001          50.965         -23.259     -530959.000     -290621.000     -544270.000     -191946.000     -652923.000     -115775.000     -564510.000     -187994.000 
-12435  
-1  22  39            1.010         12          12.017         64          64.000          40.729         -35.843      -23347.000     -136084.000      -36626.000     -126679.000      -63664.000     -144333.000      -35471.000     -140566.000 
-12435  
-1  12  40            0.213          4           4.298         64          64.000          50.648         -23.259     -531869.000     -288955.000     -544587.000     -189940.000     -653348.000     -114342.000     -565261.000     -185886.000 
-12435  
-1  22  41            1.007         12          12.013         64          64.004          40.623         -35.815      -11618.000     -137940.000      -26715.000     -128988.000      -50941.000     -150063.000      -25068.000     -143615.000 
-12435  
-1  12  42            0.210          4           4.298         64          64.002          50.758         -23.260     -526043.000     -297756.000     -542086.000     -198696.000     -652132.000     -124915.000     -561544.000     -194780.000 
-12435  
-1  22  43            0.993         12          12.015         64          64.001          40.825         -35.835      -18517.000     -136833.000      -30829.000     -128466.000      -58275.000     -146293.000      -31958.000     -141989.000 
-12435  
-1  12  44            0.210          4           4.298         64          64.001          51.633         -23.260     -521157.000     -306639.000     -538340.000     -208509.000     -649368.000     -135795.000     -558276.000     -204901.000 
-12435  
-1  22  45            1.000         12          12.013         64          64.002          40.808         -35.834      -12569.000     -137379.000      -27280.000     -128934.000      -52514.000     -149440.000      -25937.000     -142712.000 
-12435  
-1  12  46            0.213          4           4.298         64          64.001          51.143         -23.255     -536692.000     -279788.000     -548210.000     -181143.000     -655679.000     -103201.000     -568466.000     -176433.000 
-12435  
-1  22  47            1.010         12          12.016         64          63.998          40.756         -35.828      -23068.000     -135568.000      -37067.000     -127390.000      -62697.000     -144851.000      -36477.000     -141018.000 
-12435  
-1  12  48            0.217          4           4.298         64          64.001          51.040         -23.256     -536384.000     -280291.000     -547495.000     -181658.000     -655584.000     -104146.000     -568435.000     -177260.000 
-12435  
-1  22  49            0.997         12          12.018         64          64.005          40.645         -35.825      -27919.000     -135238.000      -42168.000     -124852.000      -69691.000     -142496.000      -42396.000     -138930.000 
-12435  
-1  12  50            0.210          4           4.298         64          64.001          50.876         -23.259     -526928.000     -296397.000     -542084.000     -197814.000     -652130.000     -123109.000     -562587.000     -194071.000 
-12435  
-1  22  51            1.003         12          12.016         64          64.001          40.720         -35.845      -22446.000     -136161.000      -36649.000     -126565.000      -63421.000     -144150.000      -35431.000     -140885.000 
-12435  
-1  12  52            0.203          4           4.298         64          64.001          51.024         -23.258     -532129.000     -287754.000     -545589.000     -188570.000     -654109.000     -112132.000     -565705.000     -184250.000 
-12435  
-1  22  53            1.003         12          12.013         64          64.004          40.865         -35.821      -18025.000     -137267.000      -31577.000     -128445.000      -57247.000     -147602.000      -31359.000     -141652.000 
-12435  
-1  12  54            0.220          4           4.298         64          64.001          51.088         -23.260     -535712.000     -280307.000     -547874.000     -181159.000     -655631.000     -104283.000     -567693.000     -176834.000 
-12435  
-1  22  55            1.000         12          12.012         64          64.003          40.685         -35.815      -11140.000     -137658.000      -26068.000     -130120.000      -50854.000     -149867.000      -25000.000     -143321.000 
-12435  
-1  12  56            0.213          4           4.298         64          64.001          50.768         -23.253     -524382.000     -302382.000     -539927.000     -204321.000     -650953.000     -131164.000     -560789.000     -200446.000 
-12435  
-1  22  57            1.000         12          12.015         64          63.999          40.806         -35.818      -12482.000     -138084.000      -25941.000     -129311.000      -51261.000     -149469.000      -25794.000     -143454.000 
-12435  
-1  12  58            0.213          4           4.298         64          64.002          51.266         -23.256     -539608.000     -274168.000     -550326.000     -175002.000     -656725.000      -95891.000     -570112.000     -170251.000 
-12435  
-1  22  59            1.000         12          12.013         64          64.003          40.782         -35.818      -11429.000     -138438.000      -26195.000     -129694.000      -51114.000     -149059.000      -24545.000     -143524.000 
-12435  
-1  12  60            0.210          4           4.298         64          64.002          51.302         -23.255     -529704.000     -293035.000     -543289.000     -193926.000     -653454.000     -119018.000     -563980.000     -190049.000 
-12435  
-1  22  61            1.007         12          12.015         64          64.004          41.219         -35.823      -22187.000     -137076.000      -35418.000     -126724.000      -61246.000     -145463.000      -35266.000     -141380.000 
-12435  
-1  12  62            0.213          4           4.298         64          64.002          51.750         -23.262     -540018.000     -271875.000     -550921.000     -172319.000     -656429.000      -93165.000     -570611.000     -167924.000 
-12435  
-1  22  63            1.003         12          12.014         64          63.997          40.512         -35.829      -22268.000     -136534.000      -36533.000     -127277.000      -62224.000     -144973.000      -36149.000     -140571.000 
-12435  
-1  12  64            0.213          4           4.298         64          64.001          50.626         -23.259     -533838.000     -285871.000     -546023.000     -186586.000     -654234.000     -109973.000     -565805.000     -182429.000 
-12435  
-1  22  65            1.003         12          12.013         64          64.003          40.732         -35.839      -32134.000     -133922.000      -45699.000     -123449.000      -73529.000     -139784.000      -46135.000     -138036.000 
-12435  
-1  12  66            0.217          4           4.298         64          64.001          50.739         -23.256     -532352.000     -287118.000     -545665.000     -188889.000     -653933.000     -112368.000     -566061.000     -184635.000 
-12435  
-1  22  67            0.993         12          12.015         64          64.000          40.508         -35.829      -21134.000     -136961.000      -35144.000     -127333.000      -61700.000     -145568.000      -35225.000     -140480.000 
-12435  
-1  12  68            0.213          4           4.298         64          64.002          50.974         -23.261     -533084.000     -285765.000     -546140.000     -186316.000     -654043.000     -110033.000     -566226.000     -182420.000 
-12435  
-1  22  69            1.003         12          12.013         64          64.002          40.638         -35.837      -12519.000     -137781.000      -27402.000     -128897.000      -51730.000     -148643.000      -25959.000     -143263.000 
-12435  
-1  12  70            0.207          4           4.298         64          64.001          51.404         -23.253     -535301.000     -282636.000     -547832.000     -183939.000     -654869.000     -106055.000     -568073.000     -179214.000 
-12435  
-1  22  71            0.993         12          12.014         64          64.001          40.734         -35.845      -10773.000     -137915.000      -26403.000     -129105.000      -51447.000     -148827.000      -25038.000     -142805.000 
-12435  
-1  12  72            0.213          4           4.298         64          64.001          50.797         -23.256     -525741.000     -299865.000     -541086.000     -201634.000     -651523.000     -127927.000     -560805.000     -197415.000 
-12435  
-1  22  73            1.020         12          12.012         64          64.002          40.866         -35.799      -26607.000     -135446.000      -40209.000     -126132.000      -66720.000     -143727.000      -39058.000     -141365.000 
-12435  
-1  12  74            0.213          4           4.298         64          64.002          51.078         -23.259     -523123.000     -303600.000     -539668.000     -205073.000     -650073.000     -132289.000     -559822.000     -201605.000 
-12435  
-1  22  75            0.997         12          12.012         64          64.003          40.967         -35.818       -6002.000     -138548.000      -21581.000     -130574.000      -45039.000     -151481.000      -20341.000     -143852.000 
-12435  
-1  12  76            0.213          4           4.297         64          64.002          51.131         -23.254     -531118.000     -289650.000     -545147.000     -190533.000     -653667.000     -114979.000     -565642.000     -186665.000 
-12435  
-1  22  77            1.000         12          12.013         64          64.000          40.781         -35.839      -13793.000     -137798.000      -27228.000     -129398.000      -52814.000     -148857.000      -26667.000     -141842.000 
-12435  
-1  12  78            0.213          4           4.298         64          64.001          51.094         -23.255     -525832.000     -299474.000     -541315.000     -201198.000     -650875.000     -127511.000     -562030.000     -197415.000 
-12435  
-1  22  79            1.007         12          12.013         64          64.001          40.659         -35.826      -11148.000     -138116.000      -25602.000     -129000.000      -50310.000     -150485.000      -24040.000     -142923.000 
-12435  
-1  12  80            0.203          4           4.298         64          64.002          51.096         -23.257     -521763.000     -306377.000     -539123.000     -207197.000     -649319.000     -134667.000     -559219.000     -203937.000 
-12435  
-1  22  81            1.003         12          12.012         64          64.000          40.626         -35.828      -11376.000     -137458.000      -25320.000     -129390.000      -50579.000     -150417.000      -24234.000     -143078.000 
-12435  
-1  12  82            0.207          4           4.298         64          64.003          50.874         -23.259     -530618.000     -290997.000     -544164.000     -192493.000     -652969.000     -116373.000     -564293.000     -188024.000 
-12435  
-1  22  83            1.003         12          12.013         64          64.003          40.778         -35.823      -22341.000     -136060.000      -36428.000     -127708.000      -62877.000     -145554.000      -35847.000     -140260.000 
-12435  
-1  12  84            0.213          4           4.298         64          64.003          50.432         -23.259     -526954.000     -297467.000     -541999.000     -198900.000     -651364.000     -124748.000     -562114.000     -194942.000 
-12435  
-1  22  85            0.997         12          12.014         64          64.001          40.645         -35.801       -6321.000     -139141.000      -21819.000     -130348.000      -45379.000     -150989.000      -20580.000     -144955.000 
-12435  
-1  12  86            0.210          4           4.298         64          64.002          50.616         -23.258     -540740.000     -271959.000     -550372.000     -172969.000     -656826.000      -93616.000     -570841.000     -167952.000 
-12435  
-1  22  87            1.003         12          12.017         64          64.004          40.756         -35.831       -9941.000     -138401.000      -25040.000     -129345.000      -49498.000     -149613.000      -22661.000     -143647.000 
-12435  
-1  12  88            0.220          4           4.298         64          64.003          50.544         -23.256     -532371.000     -287349.000     -545366.000     -188556.000     -654037.000     -112580.000     -566063.000     -184985.000 
-12435  
-1  22  89            0.997         12          12.016         64          64.003          40.857         -35.856      -11318.000     -137436.000      -25361.000     -129323.000      -50907.000     -149077.000      -24783.000     -142446.000 
-12435  
-1  12  90            0.213          4           4.298         64          64.002          50.879         -23.261     -534380.000     -283850.000     -546848.000     -184445.000     -654508.000     -107800.000     -566444.000     -180247.000 
-12435  
-1  22  91            1.003         12          12.012         64          64.003          40.963         -35.818      -26949.000     -135624.000      -40396.000     -126022.000      -67211.000     -142850.000      -40895.000     -140003.000 
-12435  
-1  12  92            0.217          4           4.298         64          64.003          51.429         -23.255     -524404.000     -302106.000     -540170.000     -203376.000     -651009.000     -130315.000     -560596.000     -200267.000 
-12435  
-1  22  93            0.990         12          12.017         64          64.002          40.532         -35.829       -6863.000     -138372.000      -20937.000     -130077.000      -46687.000     -150345.000      -20504.000     -144452.000 
-12435  
-1  12  94            0.220          4           4.298         64          64.002          51.006         -23.254     -524814.000     -301974.000     -540357.000     -203174.000     -650727.000     -130401.000     -560774.000     -200060.000 
-12435  
-1  22  95            0.997         12          12.012         64          63.999          40.581         -35.845      -11313.000     -137275.000      -25797.000     -128557.000      -51102.000     -149294.000      -25166.000     -143620.000 
-12435  
-1  12  96            0.220          4           4.298         64          64.002          51.193         -23.257     -529551.000     -292395.000     -543866.000     -193649.000     -653437.000     -118888.000     -563470.000     -189660.000 
-12435  
-1  22  97            1.000         12          12.016         64          64.000          40.900         -35.836      -11605.000     -137145.000      -25324.000     -129384.000      -51012.000     -149561.000      -24706.000     -143454.000 
-12435  
-1  12  98            0.217          4           4.298         64          64.003          51.062         -23.258     -531422.000     -289036.000     -544588.000     -190795.000     -653424.000     -114885.000     -565355.000     -186770.000 
-12435  
-1  22  99            0.990         12          12.014         64          64.001          40.702         -35.842      -21870.000     -136578.000      -35628.000     -126432.000      -62919.000     -144428.000      -36495.000     -140853.000 
-12435  
