-1  12  1           -0.500          3           3.025         64          64.005          20.972         -62.118      -11132.000        2861.000       -2910.000        1805.000       -6269.000        1908.000       -1755.000        2078.000 
-12435  
-1  22  2          -55.197         12          12.043         64          63.991          20.937         -55.695        2310.000       17342.000        4278.000      -12434.000       -4899.000       13299.000       10164.000       -8310.000 
-12435  
-1  12  3           -0.340          3           3.152         64          63.996          20.582         -62.270      -10886.000        3326.000       -2266.000        1479.000       -6541.000        2097.000        -944.000        1598.000 
-12435  
-1  22  4          -55.997         12          12.066         64          63.997          20.810         -55.702         209.000       17652.000        5684.000      -12180.000       -4909.000       12455.000       11242.000       -7271.000 
-12435  
-1  12  5           -0.710          3           3.057         64          64.009          20.753         -62.075      -11144.000        3382.000       -2747.000        1858.000       -6263.000        1989.000       -1245.000        2181.000 
-12435  
-1  22  6          -55.350         12          12.045         64          63.994          21.283         -55.546       -1530.000       18079.000        6962.000      -10902.000       -6590.000       12085.000       12929.000       -5352.000 
-12435  
-1  12  7           -0.730          3           3.007         64          64.002          20.973         -62.041      -11493.000        2179.000       -2574.000        2126.000       -6278.000        1466.000       -1736.000        2255.000 
-12435  
-1  22  8          -55.827         12          12.076         64          64.017          20.800         -55.921       -2624.000       17222.000        7180.000       -9480.000       -7831.000       10891.000       12600.000       -5030.000 
-12435  
-1  12  9           -0.567          3           2.901         64          64.006          20.855         -62.207      -11264.000        2188.000       -2610.000        1509.000       -6229.000        1852.000       -2023.000        1778.000 
-12435  
-1  22  10          -55.427         12          12.041         64          64.007          20.934         -55.759        -172.000       16792.000        6218.000      -11088.000       -6572.000       12189.000       12545.000       -6850.000 
-12435  
-1  12  11           -0.400          3           3.009         64          64.030          20.812         -62.287      -10798.000        3299.000       -2764.000        1945.000       -6230.000        2119.000       -1134.000        1805.000 
-12435  
-1  22  12          -55.977         12          12.054         64          64.008          21.172         -55.817        -604.000       17822.000        5847.000      -11064.000       -6192.000       11794.000       11467.000       -6708.000 
-12435  
-1  12  13           -0.130          3           2.987         64          63.977          20.474         -62.496      -10915.000        3153.000       -2356.000        1615.000       -5751.000        1976.000       -1406.000        1348.000 
-12435  
-1  22  14          -54.773         12          12.070         64          64.021          21.008         -55.528         563.000       18308.000        6018.000      -11202.000       -6243.000       12107.000       12730.000       -6374.000 
-12435  
-1  12  15           -0.390          3           3.090         64          64.001          20.490         -62.450      -10414.000        3397.000       -2483.000        1869.000       -6263.000        2320.000       -1325.000        1964.000 
-12435  
-1  22  16          -55.137         12          12.070         64          63.998          21.118         -55.699        2006.000       17810.000        4180.000      -12200.000       -5009.000       12506.000       11015.000       -7812.000 
-12435  
-1  12  17           -0.303          3           2.890         64          63.969          20.565         -62.244      -11164.000        2653.000       -2816.000        1340.000       -6241.000        1914.000       -1576.000        1465.000 
-12435  
-1  22  18          -55.853         12          12.094         64          63.971          20.746         -55.929       -1746.000       16987.000        5905.000      -11626.000       -6412.000       11853.000       11383.000       -5880.000 
-12435  
-1  12  19           -1.287          3           3.060         64          64.000          20.974         -62.185      -11073.000        2364.000       -2807.000        1871.000       -6414.000        2031.000       -1156.000        2239.000 
-12435  
-1  22  20          -56.113         12          12.063         64          63.998          20.945         -55.653        2539.000       17470.000        4889.000      -12055.000       -3803.000       12790.000       10996.000       -8974.000 
-12435  
-1  12  21           -1.007          3           2.998         64          63.984          20.810         -62.332      -11152.000        3011.000       -2484.000        2034.000       -5783.000        1483.000        -881.000        2162.000 
-12435  
-1  22  22          -54.720         12          12.051         64          63.990          20.911         -55.704        1369.000       17867.000        5393.000      -11846.000       -5046.000       12409.000       11623.000       -6724.000 
-12435  
-1  12  23           -0.793          3           3.063         64          64.001          20.898         -62.173      -11088.000        3259.000       -2449.000        1651.000       -6272.000        2088.000       -1233.000        2060.000 
-12435  
-1  22  24          -54.627         12          12.069         64          64.001          21.060         -55.787       -1086.000       17488.000        5749.000      -10907.000       -7383.000       11741.000       12487.000       -5184.000 
-12435  
-1  12  25           -0.210          3           3.099         64          64.032          21.279         -62.071      -11170.000        3113.000       -2202.000        2432.000       -6372.000        2060.000       -1510.000        1980.000 
-12435  
-1  22  26          -55.740         12          12.085         64          64.016          21.462         -55.508         674.000       18237.000        5580.000      -11794.000       -5736.000       12795.000       11461.000       -7634.000 
-12435  
-1  12  27           -0.690          3           3.115         64          63.980          20.685         -62.159      -11195.000        2801.000       -2444.000        1529.000       -6327.000        1704.000       -1705.000        2238.000 
-12435  
-1  22  28          -55.850         12          12.065         64          64.023          20.894         -55.888         -55.000       17444.000        6192.000      -10852.000       -6389.000       11057.000       11910.000       -7048.000 
-12435  
-1  12  29           -0.837          3           2.967         64          64.003          20.509         -62.335      -10870.000        3040.000       -2448.000        1378.000       -6405.000        1940.000        -977.000        1923.000 
-12435  
-1  22  30          -54.923         12          12.065         64          64.019          20.622         -56.232       -1143.000       17253.000        6283.000      -10303.000       -5876.000       10999.000       11453.000       -4655.000 
-12435  
-1  12  31           -0.573          3           3.091         64          64.003          21.045         -62.183      -10932.000        3248.000       -2642.000        1816.000       -6324.000        2131.000       -1429.000        2089.000 
-12435  
-1  22  32          -54.580         12          12.039         64          63.972          21.598         -55.398        2253.000       18393.000        4554.000      -12512.000       -5063.000       13163.000       11668.000       -7530.000 
-12435  
-1  12  33           -0.513          3           3.084         64          64.021          20.853         -62.212      -10931.000        2606.000       -2442.000        2172.000       -6569.000        1826.000       -1406.000        2140.000 
-12435  
-1  22  34          -56.117         12          12.070         64          64.002          21.293         -55.800       -1234.000       17699.000        6502.000      -10392.000       -6984.000       12094.000       11341.000       -6567.000 
-12435  
-1  12  35           -0.937          3           3.069         64          64.004          20.442         -62.486      -10959.000        2714.000       -2347.000        1957.000       -5884.000        1919.000        -790.000        1635.000 
-12435  
-1  22  36          -56.027         12          12.069         64          63.993          21.400         -55.685       -1910.000       17457.000        7300.000      -11407.000       -6077.000       12025.000       12129.000       -5792.000 
-12435  
-1  12  37           -0.360          3           3.008         64          63.983          20.635         -62.329      -10888.000        2712.000       -2262.000        1779.000       -6371.000        1946.000       -1673.000        1899.000 
-12435  
-1  22  38          -55.663         12          12.048         64          64.006          20.903         -55.614        1081.000       17794.000        5907.000      -11383.000       -4918.000       12855.000       11835.000       -7506.000 
-12435  
-1  12  39           -0.747          3           3.091         64          63.976          20.838         -62.508      -10612.000        2798.000       -2644.000        1598.000       -6166.000        1829.000       -1354.000        2077.000 
-12435  
-1  22  40          -55.827         12          12.068         64          64.006          21.082         -55.552          31.000       18074.000        5504.000      -11238.000       -6150.000       12781.000       12000.000       -7219.000 
-12435  
-1  12  41           -0.997          3           2.979         64          63.967          20.417         -62.396      -10941.000        2837.000       -2133.000        1732.000       -6049.000        2280.000       -1248.000        1873.000 
-12435  
-1  22  42          -54.910         12          12.068         64          64.022          21.027         -55.724         397.000       17409.000        6377.000      -11318.000       -6268.000       12292.000       11841.000       -6617.000 
-12435  
-1  12  43           -0.567          3           3.074         64          63.982          20.477         -62.522      -10452.000        2831.000       -2163.000        2241.000       -6368.000        1830.000       -1115.000        2201.000 
-12435  
-1  22  44          -55.220         12          12.081         64          63.974          21.017         -55.624         624.000       17532.000        5981.000      -11074.000       -6450.000       12585.000       12167.000       -7204.000 
-12435  
-1  12  45           -0.163          3           3.011         64          64.012          20.662         -62.275      -10603.000        2542.000       -2513.000        1845.000       -6877.000        2098.000       -1812.000        1921.000 
-12435  
-1  22  46          -54.857         12          12.048         64          64.012          21.172         -55.663        -175.000       17367.000        6301.000      -11532.000       -6677.000       12456.000       12018.000       -6320.000 
-12435  
-1  12  47           -0.560          3           2.968         64          64.023          20.534         -62.461      -10658.000        2888.000       -2921.000        1812.000       -6109.000        1965.000       -1163.000        1771.000 
-12435  
-1  22  48          -55.053         12          12.060         64          63.991          21.145         -55.702         -72.000       18144.000        5549.000      -11319.000       -6266.000       12422.000       11407.000       -6244.000 
-12435  
-1  12  49           -0.650          3           3.138         64          64.007          20.467         -62.459      -10966.000        2162.000       -2281.000        1729.000       -6201.000        1524.000       -1449.000        1873.000 
-12435  
-1  22  50          -55.813         12          12.074         64          64.021          20.950         -55.656         481.000       17676.000        5576.000      -11074.000       -6033.000       12588.000       11912.000       -7523.000 
-12435  
-1  12  51           -0.530          3           2.996         64          64.021          20.483         -62.431      -10802.000        2824.000       -2363.000        1616.000       -6276.000        1804.000       -1290.000        1871.000 
-12435  
-1  22  52          -55.480         12          12.069         64          63.989          21.192         -55.681        -689.000       17405.000        6368.000      -11311.000       -6627.000       12635.000       11703.000       -6517.000 
-12435  
-1  12  53           -0.883          3           3.058         64          64.020          20.716         -62.280      -11069.000        2701.000       -2351.000        1606.000       -6284.000        1834.000       -1365.000        2105.000 
-12435  
-1  22  54          -54.900         12          12.023         64          64.011          21.336         -55.571          25.000       18069.000        6469.000      -11587.000       -6772.000       11868.000       12062.000       -6483.000 
-12435  
-1  12  55           -0.550          3           2.960         64          64.028          20.581         -62.346      -10567.000        3121.000       -2505.000        1913.000       -6391.000        2295.000       -1506.000        2133.000 
-12435  
-1  22  56          -55.413         12          12.063         64          63.973          21.138         -55.482         516.000       18423.000        6189.000      -11548.000       -5787.000       12265.000       12248.000       -7045.000 
-12435  
-1  12  57           -0.877          3           2.990         64          63.997          20.890         -62.271      -11033.000        2572.000       -2981.000        1503.000       -6223.000        1948.000       -1376.000        1888.000 
-12435  
-1  22  58          -55.283         12          12.041         64          64.000          21.199         -55.551       -2118.000       17714.000        7295.000      -11509.000       -7004.000       11961.000       12562.000       -5191.000 
-12435  
-1  12  59           -0.210          3           2.944         64          63.980          20.597         -62.385      -10890.000        2726.000       -2866.000        1841.000       -6122.000        2071.000       -1229.000        1305.000 
-12435  
-1  22  60          -55.063         12          12.045         64          64.008          21.105         -55.673         -99.000       18005.000        6321.000      -11098.000       -6635.000       11607.000       12274.000       -6308.000 
-12435  
-1  12  61           -1.503          3           3.000         64          64.009          20.691         -62.369      -10794.000        2398.000       -3494.000        1793.000       -5814.000        2192.000       -1405.000        2238.000 
-12435  
-1  22  62          -55.250         12          12.056         64          64.002          21.264         -55.448         908.000       17953.000        5943.000      -11897.000       -5310.000       13191.000       12132.000       -7254.000 
-12435  
-1  12  63           -0.733          3           3.023         64          64.019          20.631         -62.123      -11216.000        2207.000       -2631.000        1580.000       -6693.000        1906.000       -1453.000        1820.000 
-12435  
-1  22  64          -56.077         12          12.078         64          64.019          21.189         -55.605       -1190.000       17741.000        6400.000      -11484.000       -7048.000       11525.000       12297.000       -6869.000 
-12435  
-1  12  65           -0.897          3           3.038         64          63.993          20.856         -62.276      -10777.000        3223.000       -2376.000        1706.000       -6381.000        2297.000       -1202.000        2173.000 
-12435  
-1  22  66          -55.387         12          12.094         64          64.009          20.903         -55.674         143.000       17621.000        5357.000      -11721.000       -6183.000       12614.000       11550.000       -6992.000 
-12435  
-1  12  67           -0.380          3           2.988         64          63.986          20.440         -62.409      -10653.000        3067.000       -2661.000        1679.000       -6202.000        1995.000       -1579.000        1968.000 
-12435  
-1  22  68          -55.187         12          12.074         64          64.006          21.400         -55.593       -1449.000       17580.000        7068.000      -11281.000       -6907.000       11803.000       12904.000       -5515.000 
-12435  
-1  12  69           -0.640          3           3.003         64          63.988          20.680         -62.399      -10890.000        2532.000       -2707.000        1470.000       -6266.000        1629.000       -1396.000        1914.000 
-12435  
-1  22  70          -54.637         12          12.090         64          63.985          21.447         -55.686        -695.000       17443.000        7001.000      -11288.000       -7271.000       11511.000       12430.000       -5736.000 
-12435  
-1  12  71           -0.443          3           3.007         64          64.002          20.681         -62.282      -10956.000        2873.000       -2694.000        1683.000       -6363.000        1840.000       -1236.000        1795.000 
-12435  
-1  22  72          -55.940         12          12.056         64          64.021          21.151         -55.679       -1737.000       17912.000        7003.000      -10679.000       -6739.000       11973.000       12024.000       -5910.000 
-12435  
-1  12  73           -1.003          3           3.054         64          64.008          20.641         -62.230      -11310.000        2643.000       -2482.000        2349.000       -5840.000        1885.000       -1090.000        1954.000 
-12435  
-1  22  74          -56.160         12          12.060         64          64.016          20.850         -55.920        -780.000       17309.000        5341.000      -11200.000       -6347.000       11453.000       11686.000       -6842.000 
-12435  
-1  12  75           -0.170          3           3.011         64          63.973          20.519         -62.565      -10659.000        2477.000       -2553.000        1837.000       -6112.000        1903.000       -1530.000        1486.000 
-12435  
-1  22  76          -56.147         12          12.050         64          63.971          21.267         -55.458       -1012.000       17925.000        5783.000      -11402.000       -6513.000       12852.000       12593.000       -6920.000 
-12435  
-1  12  77            0.090          3           3.090         64          63.978          20.581         -62.353      -10884.000        2960.000       -2502.000        2170.000       -6155.000        1539.000       -1500.000        1809.000 
-12435  
-1  22  78          -55.323         12          12.072         64          64.013          20.878         -55.826        2707.000       17933.000        4508.000      -11839.000       -4486.000       12391.000        9919.000       -8087.000 
-12435  
-1  12  79           -0.203          3           2.979         64          63.981          20.603         -62.156      -11089.000        3149.000       -2795.000        1944.000       -6284.000        1890.000       -1343.000        1777.000 
-12435  
-1  22  80          -54.887         12          12.049         64          64.002          21.225         -55.470        2284.000       17881.000        3947.000      -13200.000       -4355.000       13339.000       11099.000       -7911.000 
-12435  
-1  12  81           -0.570          3           3.027         64          63.991          20.533         -62.344      -10805.000        3238.000       -2926.000        1793.000       -5901.000        1774.000       -1557.000        2216.000 
-12435  
-1  22  82          -55.053         12          12.048         64          63.998          20.966         -55.796          15.000       17485.000        5679.000      -11677.000       -5732.000       11841.000       12113.000       -6202.000 
-12435  
-1  12  83           -0.003          3           3.123         64          64.005          20.306         -62.599      -10418.000        2767.000       -2047.000        1944.000       -6432.000        1671.000       -1434.000        1850.000 
-12435  
-1  22  84          -55.023         12          12.061         64          64.049          21.022         -55.636         134.000       17705.000        6202.000      -11824.000       -6371.000       11788.000       12184.000       -6629.000 
-12435  
-1  12  85           -0.907          3           2.938         64          63.986          20.918         -62.086      -11202.000        2660.000       -3038.000        1262.000       -6509.000        2131.000       -1381.000        1849.000 
-12435  
-1  22  86          -55.827         12          12.083         64          64.006          21.794         -55.484        -547.000       18081.000        5184.000      -12191.000       -5449.000       13059.000       12116.000       -6686.000 
-12435  
-1  12  87           -0.257          3           3.036         64          63.995          20.617         -62.255      -10799.000        2900.000       -2765.000        1822.000       -6472.000        1813.000       -1645.000        2067.000 
-12435  
-1  22  88          -54.950         12          12.083         64          63.988          21.107         -55.582       -1473.000       18145.000        6248.000      -11600.000       -6711.000       12103.000       12305.000       -5170.000 
-12435  
-1  12  89           -0.713          3           3.063         64          63.994          20.607         -62.393      -10940.000        3201.000       -2563.000        1795.000       -5740.000        2019.000       -1378.000        1906.000 
-12435  
-1  22  90          -55.377         12          12.051         64          63.990          21.294         -55.544         680.000       17518.000        5843.000      -12592.000       -5810.000       11966.000       12158.000       -7576.000 
-12435  
-1  12  91           -0.100          3           2.975         64          64.023          20.000         -62.691      -10270.000        3109.000       -2437.000        1892.000       -6110.000        2015.000       -1212.000        1627.000 
-12435  
-1  22  92          -55.593         12          12.064         64          63.974          21.132         -55.594        -355.000       18788.000        5574.000      -11529.000       -5189.000       11998.000       12122.000       -6102.000 
-12435  
-1  12  93           -0.010          3           2.969         64          63.996          20.780         -62.271      -10997.000        2726.000       -2716.000        1771.000       -6397.000        1672.000       -1495.000        1617.000 
-12435  
-1  22  94          -55.070         12          12.041         64          63.999          20.917         -55.725        2411.000       17779.000        3692.000      -12366.000       -4687.000       11894.000       11462.000       -7940.000 
-12435  
-1  12  95           -1.040          3           2.914         64          63.994          20.509         -62.638      -10750.000        2573.000       -2598.000        1853.000       -5649.000        2011.000       -1055.000        1686.000 
-12435  
-1  22  96          -55.663         12          12.084         64          63.988          21.337         -55.598        -364.000       17602.000        5898.000      -12028.000       -6174.000       12470.000       11819.000       -6967.000 
-12435  
-1  12  97           -0.360          3           2.959         64          64.054          20.679         -62.263      -10793.000        3303.000       -3102.000        1690.000       -6178.000        1874.000       -1457.000        2034.000 
-12435  
-1  22  98          -55.937         12          12.053         64          63.973          21.189         -55.694       -2279.000       17573.000        6923.000      -11393.000       -6467.000       12206.000       11792.000       -5536.000 
-12435  
-1  12  99            0.290          3           2.983         64          64.002          21.099         -62.131      -11228.000        2698.000       -2770.000        1635.000       -6543.000        1470.000       -1657.000        1483.000 
-12435  
