-1  22  1           43.880         12          11.723         64          63.989          17.766         -59.155        3624.000        1802.000       -8825.000       -3929.000       11994.000       -2267.000       -8292.000        7531.000 
-12435  
-1  12  2           -0.047          3           2.561         64          63.999          25.117         -57.915       -6382.000      -10467.000       -6646.000       -9034.000       -9889.000       -7106.000       -5925.000       -7183.000 
-12435  
-1  22  3           41.453         12          11.724         64          63.986          17.874         -58.948        2789.000        2368.000       -8467.000       -4144.000       13359.000       -1208.000       -8019.000        7509.000 
-12435  
-1  12  4            0.010          3           2.549         64          63.992          25.378         -58.029       -6477.000      -10645.000       -6081.000       -9195.000       -9215.000       -7308.000       -5583.000       -7183.000 
-12435  
-1  22  5           43.800         12          11.724         64          63.995          17.458         -59.171        2893.000        2165.000       -8800.000       -4176.000       12428.000       -1166.000       -8783.000        6468.000 
-12435  
-1  12  6            0.033          3           2.563         64          63.991          24.935         -57.943       -6272.000      -10742.000       -6896.000       -8944.000       -9311.000       -7540.000       -5766.000       -6980.000 
-12435  
-1  22  7           43.520         12          11.773         64          64.019          17.590         -58.976        3450.000        1729.000       -9370.000       -4168.000       11822.000       -2258.000       -8570.000        7869.000 
-12435  
-1  12  8            0.043          3           2.558         64          63.998          24.844         -58.009       -6288.000      -10484.000       -6821.000       -8905.000       -9524.000       -7176.000       -5637.000       -7136.000 
-12435  
-1  22  9           42.410         12          11.784         64          63.983          17.820         -58.868        3637.000        1673.000       -9025.000       -4505.000       12390.000       -2818.000       -8295.000        7895.000 
-12435  
-1  12  10            0.000          3           2.561         64          63.993          25.003         -58.026       -6576.000      -10595.000       -6700.000       -8399.000       -9988.000       -7114.000       -5556.000       -6787.000 
-12435  
-1  22  11           42.567         12          11.781         64          63.994          17.953         -58.776        3113.000        2385.000       -8576.000       -5273.000       12672.000       -1706.000       -9206.000        7360.000 
-12435  
-1  12  12            0.050          3           2.569         64          63.998          24.803         -58.076       -6789.000      -10139.000       -7076.000       -8566.000       -9592.000       -6986.000       -5974.000       -6605.000 
-12435  
-1  22  13           43.350         12          11.775         64          63.996          17.982         -58.987        3353.000        2191.000       -8132.000       -4443.000       12527.000       -2497.000       -8854.000        7470.000 
-12435  
-1  12  14           -0.023          3           2.546         64          63.993          25.071         -57.996       -6461.000      -10561.000       -6971.000       -8841.000       -9856.000       -7015.000       -5512.000       -6702.000 
-12435  
-1  22  15           41.827         12          11.774         64          64.010          17.334         -59.176        3525.000        1219.000       -8895.000       -4314.000       11683.000       -2816.000       -7885.000        8006.000 
-12435  
-1  12  16           -0.153          3           2.569         64          63.990          25.366         -57.900       -6299.000      -10307.000       -7092.000       -8892.000       -9955.000       -7291.000       -6370.000       -6686.000 
-12435  
-1  22  17           43.000         12          11.733         64          64.012          18.001         -59.057        2962.000        2021.000       -8446.000       -4028.000       12543.000       -1605.000       -8774.000        7460.000 
-12435  
-1  12  18           -0.033          3           2.558         64          64.012          25.017         -57.915       -6356.000      -10364.000       -7162.000       -9213.000       -9834.000       -6887.000       -5823.000       -7005.000 
-12435  
-1  22  19           43.430         12          11.758         64          63.964          17.946         -58.863        2584.000        3143.000       -7980.000       -5059.000       13061.000        -602.000       -9533.000        6572.000 
-12435  
-1  12  20           -0.070          3           2.545         64          64.012          25.271         -57.996       -6468.000      -10413.000       -6345.000       -8858.000       -9799.000       -7399.000       -5950.000       -6819.000 
-12435  
-1  22  21           43.100         12          11.757         64          63.994          18.086         -59.094        3457.000        2446.000       -8258.000       -4139.000       12449.000       -2270.000       -8084.000        7801.000 
-12435  
-1  12  22           -0.060          3           2.555         64          63.996          24.956         -58.071       -6542.000      -10374.000       -6659.000       -8737.000       -9811.000       -7080.000       -5703.000       -6564.000 
-12435  
-1  22  23           44.363         12          11.776         64          64.003          17.596         -59.066        3892.000        2222.000       -9059.000       -3824.000       12349.000       -2754.000       -7878.000        7291.000 
-12435  
-1  12  24           -0.040          3           2.559         64          63.998          24.969         -57.909       -6827.000      -10235.000       -7165.000       -9223.000      -10047.000       -6898.000       -5752.000       -6510.000 
-12435  
-1  22  25           44.087         12          11.781         64          64.027          18.302         -58.588        3122.000        2642.000       -8756.000       -5014.000       13261.000       -1490.000       -9827.000        6677.000 
-12435  
-1  12  26            0.233          3           2.554         64          63.989          24.988         -58.049       -6767.000      -10033.000       -6797.000       -8622.000       -9995.000       -7085.000       -5418.000       -7006.000 
-12435  
-1  22  27           43.210         12          11.746         64          63.990          17.692         -59.213        2558.000        2661.000       -8531.000       -4380.000       12119.000       -1560.000       -8631.000        7047.000 
-12435  
-1  12  28            0.033          3           2.557         64          64.012          25.216         -57.996       -7075.000      -10390.000       -6836.000       -8526.000       -9658.000       -6811.000       -6024.000       -6947.000 
-12435  
-1  22  29           42.563         12          11.777         64          64.013          17.955         -59.022        2266.000        1990.000       -8846.000       -4856.000       12568.000       -1127.000       -9336.000        6231.000 
-12435  
-1  12  30           -0.133          3           2.560         64          64.013          25.029         -57.984       -6810.000      -10355.000       -6826.000       -8844.000       -9898.000       -6946.000       -6112.000       -6411.000 
-12435  
-1  22  31           44.087         12          11.794         64          63.992          17.744         -59.166        3540.000        2383.000       -7825.000       -4547.000       12188.000       -1084.000       -9048.000        7177.000 
-12435  
-1  12  32            0.037          3           2.533         64          64.003          24.818         -58.235       -6460.000       -9925.000       -6562.000       -8803.000       -9487.000       -7367.000       -5499.000       -6287.000 
-12435  
-1  22  33           43.993         12          11.787         64          63.990          17.737         -59.104        3434.000        2197.000       -8267.000       -4621.000       12505.000        -744.000       -9080.000        6555.000 
-12435  
-1  12  34            0.043          3           2.555         64          64.010          24.911         -58.075       -6508.000      -10448.000       -6622.000       -8789.000       -9519.000       -6987.000       -5538.000       -7063.000 
-12435  
-1  22  35           42.617         12          11.725         64          64.044          17.904         -58.906        3597.000        1879.000       -8147.000       -3753.000       12460.000       -1870.000       -8421.000        8957.000 
-12435  
-1  12  36            0.010          3           2.553         64          64.000          25.397         -58.011       -6808.000      -10358.000       -6551.000       -9035.000       -9638.000       -6758.000       -5749.000       -7081.000 
-12435  
-1  22  37           43.370         12          11.760         64          63.992          17.296         -59.333        2769.000        2299.000       -8345.000       -4160.000       12192.000       -1346.000       -8552.000        6727.000 
-12435  
-1  12  38            0.000          3           2.556         64          63.995          25.076         -57.948       -6388.000      -10268.000       -6748.000       -8906.000       -9860.000       -7328.000       -5967.000       -7045.000 
-12435  
-1  22  39           42.810         12          11.782         64          63.971          18.241         -58.750        2775.000        2539.000       -7829.000       -5278.000       13188.000        -691.000       -9956.000        6699.000 
-12435  
-1  12  40            0.077          3           2.555         64          64.013          24.881         -58.015       -6752.000      -10355.000       -6738.000       -8837.000       -9642.000       -7134.000       -5628.000       -6897.000 
-12435  
-1  22  41           42.200         12          11.806         64          63.985          18.033         -58.875        3068.000        2176.000       -8058.000       -3820.000       13734.000        -789.000       -8529.000        7356.000 
-12435  
-1  12  42           -0.043          3           2.550         64          64.002          25.009         -58.039       -6297.000      -10209.000       -6835.000       -8706.000       -9840.000       -7172.000       -5967.000       -6817.000 
-12435  
-1  22  43           43.190         12          11.803         64          64.041          17.377         -59.216        2754.000        1858.000       -8302.000       -4663.000       12438.000       -1680.000       -9111.000        6045.000 
-12435  
-1  12  44           -0.163          3           2.555         64          63.990          24.838         -58.013       -6279.000      -10746.000       -6571.000       -8547.000       -9767.000       -7257.000       -5994.000       -6673.000 
-12435  
-1  22  45           41.460         12          11.733         64          64.007          18.437         -58.917        2466.000        1091.000       -8972.000       -4038.000       12807.000       -1661.000       -9015.000        7325.000 
-12435  
-1  12  46           -0.013          3           2.548         64          64.002          24.838         -58.140       -6541.000      -10375.000       -6294.000       -8849.000       -9208.000       -6675.000       -5982.000       -7195.000 
-12435  
-1  22  47           44.493         12          11.766         64          63.982          17.829         -58.839        3291.000        2540.000       -8542.000       -5393.000       12428.000       -1959.000       -9721.000        6404.000 
-12435  
-1  12  48           -0.027          3           2.558         64          63.999          25.284         -57.964       -6760.000      -10586.000       -6770.000       -8628.000       -9708.000       -6754.000       -6181.000       -7022.000 
-12435  
-1  22  49           41.233         12          11.759         64          64.017          17.767         -59.106        2257.000        2130.000       -7680.000       -5478.000       12173.000        -265.000       -9567.000        7077.000 
-12435  
-1  12  50           -0.083          3           2.545         64          63.997          25.098         -58.183       -5984.000      -10183.000       -6988.000       -8582.000       -9618.000       -6645.000       -5863.000       -6892.000 
-12435  
-1  22  51           43.780         12          11.731         64          63.991          17.524         -59.207        3753.000        2129.000       -8038.000       -3292.000       12615.000       -2045.000       -7785.000        7849.000 
-12435  
-1  12  52           -0.093          3           2.545         64          63.997          25.005         -58.132       -6305.000      -10668.000       -6198.000       -8867.000       -9503.000       -7140.000       -5449.000       -6677.000 
-12435  
-1  22  53           43.040         12          11.742         64          64.002          17.797         -58.998        2834.000        2843.000       -8429.000       -4113.000       12925.000       -1661.000       -8384.000        7355.000 
-12435  
-1  12  54           -0.070          3           2.556         64          63.992          24.932         -58.068       -6229.000      -10629.000       -6396.000       -9057.000       -9051.000       -7288.000       -6055.000       -6852.000 
-12435  
-1  22  55           42.890         12          11.758         64          63.956          18.027         -58.854        3264.000        2140.000       -8788.000       -4600.000       13010.000       -1148.000       -8855.000        7006.000 
-12435  
-1  12  56            0.147          3           2.565         64          64.013          25.271         -57.863       -7314.000      -10080.000       -6780.000       -8993.000      -10109.000       -7092.000       -5848.000       -6971.000 
-12435  
-1  22  57           43.290         12          11.759         64          63.999          17.447         -59.264        3055.000        1966.000       -8153.000       -5090.000       12147.000        -880.000       -9185.000        6029.000 
-12435  
-1  12  58           -0.413          3           2.548         64          63.989          24.929         -58.046       -6040.000      -10562.000       -6450.000       -9093.000       -9867.000       -7144.000       -5675.000       -6552.000 
-12435  
-1  22  59           41.743         12          11.765         64          63.990          17.753         -59.075        2830.000        1798.000       -8038.000       -5130.000       12739.000       -1101.000       -9144.000        6479.000 
-12435  
-1  12  60           -0.020          3           2.559         64          64.003          24.836         -58.139       -6686.000      -10392.000       -6730.000       -8640.000       -9536.000       -6691.000       -5723.000       -6653.000 
-12435  
-1  22  61           45.023         12          11.782         64          63.998          18.081         -58.890        2516.000        3208.000       -8733.000       -4113.000       13564.000        -645.000       -9189.000        5448.000 
-12435  
-1  12  62           -0.120          3           2.550         64          63.999          25.109         -57.981       -6659.000      -10399.000       -6507.000       -8820.000      -10083.000       -6920.000       -5932.000       -6782.000 
-12435  
-1  22  63           45.347         12          11.763         64          64.054          17.940         -58.787        4548.000        2927.000       -8413.000       -5853.000       12325.000        -958.000       -9266.000        6718.000 
-12435  
-1  12  64            0.033          3           2.552         64          64.009          24.779         -58.112       -6877.000      -10525.000       -6803.000       -8425.000       -9303.000       -6953.000       -5811.000       -6669.000 
-12435  
-1  22  65           43.847         12          11.795         64          63.988          17.582         -59.072        3754.000        1984.000       -8164.000       -3949.000       12530.000       -1566.000       -8612.000        7594.000 
-12435  
-1  12  66           -0.050          3           2.552         64          64.007          24.984         -58.006       -6555.000      -10596.000       -6480.000       -8542.000       -9851.000       -7082.000       -5934.000       -6918.000 
-12435  
-1  22  67           43.847         12          11.771         64          64.018          17.621         -58.874        3041.000        2206.000       -8421.000       -4574.000       12305.000       -1310.000       -9748.000        7464.000 
-12435  
-1  12  68           -0.217          3           2.556         64          64.006          24.990         -58.082       -6307.000      -10458.000       -6803.000       -8585.000       -9785.000       -6590.000       -6130.000       -6776.000 
-12435  
-1  22  69           44.820         12          11.769         64          64.008          17.630         -58.989        2938.000        2705.000       -8456.000       -4918.000       11996.000       -1501.000       -9802.000        6724.000 
-12435  
-1  12  70            0.000          3           2.551         64          64.011          24.992         -58.036       -6817.000      -10370.000       -6655.000       -8810.000       -9465.000       -7076.000       -6016.000       -6728.000 
-12435  
-1  22  71           44.447         12          11.760         64          63.998          17.876         -58.926        2986.000        2864.000       -8898.000       -4445.000       12545.000        -829.000       -9158.000        6851.000 
-12435  
-1  12  72            0.180          3           2.547         64          63.987          24.810         -58.151       -6619.000      -10475.000       -6462.000       -8657.000       -9127.000       -7123.000       -5363.000       -7146.000 
-12435  
-1  22  73           43.970         12          11.757         64          63.991          17.873         -58.958        3360.000        2412.000       -8853.000       -4448.000       12145.000       -1088.000       -8973.000        7585.000 
-12435  
-1  12  74            0.000          3           2.558         64          64.010          25.304         -58.075       -6652.000      -10159.000       -7017.000       -8765.000       -9543.000       -6911.000       -6018.000       -6639.000 
-12435  
-1  22  75           42.983         12          11.779         64          64.011          18.201         -58.657        3561.000        1979.000       -8835.000       -5259.000       12717.000       -1397.000       -9510.000        7378.000 
-12435  
-1  12  76           -0.007          3           2.568         64          63.998          24.865         -57.979       -6456.000      -10581.000       -6943.000       -8322.000      -10147.000       -6966.000       -5682.000       -6980.000 
-12435  
-1  22  77           43.617         12          11.761         64          63.981          17.959         -58.965        3382.000        1949.000       -8837.000       -4798.000       12345.000       -1555.000       -9117.000        6857.000 
-12435  
-1  12  78           -0.010          3           2.575         64          63.998          25.373         -57.805       -6817.000      -10281.000       -6989.000       -9038.000      -10500.000       -7044.000       -5799.000       -6928.000 
-12435  
-1  22  79           42.033         12          11.761         64          63.981          17.877         -59.156        2757.000        2682.000       -7691.000       -5346.000       12202.000        -684.000       -8947.000        7223.000 
-12435  
-1  12  80           -0.080          3           2.548         64          64.020          25.043         -58.059       -6481.000      -10747.000       -6757.000       -8825.000       -9511.000       -6992.000       -5619.000       -6518.000 
-12435  
-1  22  81           43.163         12          11.762         64          64.002          17.825         -58.907        3160.000        2601.000       -7930.000       -4928.000       12779.000        -693.000       -9371.000        7158.000 
-12435  
-1  12  82           -0.007          3           2.553         64          64.018          25.357         -57.947       -6635.000      -10511.000       -6496.000       -9081.000       -9614.000       -7150.000       -5868.000       -7081.000 
-12435  
-1  22  83           43.400         12          11.770         64          63.993          17.504         -59.200        3966.000         579.000       -9015.000       -3099.000       11744.000       -3537.000       -7617.000        8048.000 
-12435  
-1  12  84            0.497          3           2.549         64          63.997          24.917         -58.032       -6787.000      -10445.000       -6379.000       -8736.000       -9222.000       -7363.000       -5494.000       -7473.000 
-12435  
-1  22  85           41.913         12          11.780         64          63.981          17.915         -58.810        3271.000        2558.000       -8459.000       -4438.000       12633.000       -3390.000       -7902.000        8595.000 
-12435  
-1  12  86           -0.073          3           2.548         64          63.997          24.838         -58.101       -6444.000      -10461.000       -6479.000       -8371.000       -9829.000       -7145.000       -5880.000       -6664.000 
-12435  
-1  22  87           41.247         12          11.773         64          63.963          18.005         -58.870        2863.000        2010.000       -8373.000       -4822.000       13245.000        -964.000       -8752.000        7188.000 
-12435  
-1  12  88           -0.027          3           2.544         64          64.016          25.066         -58.057       -6757.000      -10408.000       -7104.000       -8835.000       -9568.000       -6328.000       -5849.000       -6808.000 
-12435  
-1  22  89           45.267         12          11.771         64          64.008          17.629         -58.929        3260.000        3085.000       -8833.000       -4229.000       12488.000       -2053.000       -8995.000        6894.000 
-12435  
-1  12  90           -0.077          3           2.555         64          64.010          25.000         -58.026       -6671.000      -10625.000       -7148.000       -8596.000       -9839.000       -6425.000       -5763.000       -6671.000 
-12435  
-1  22  91           43.493         12          11.765         64          63.998          17.782         -59.231        2982.000        2715.000       -8708.000       -3818.000       11800.000       -2214.000       -7969.000        7947.000 
-12435  
-1  12  92            0.060          3           2.544         64          63.981          25.036         -58.091       -6188.000      -10421.000       -6744.000       -8871.000       -9277.000       -7220.000       -5594.000       -7087.000 
-12435  
-1  22  93           41.233         12          11.754         64          63.996          17.667         -59.026        3130.000        1568.000       -8274.000       -5297.000       12644.000        -292.000       -9095.000        6655.000 
-12435  
-1  12  94            0.000          3           2.553         64          64.003          24.914         -58.051       -6294.000      -10547.000       -6770.000       -8869.000       -9227.000       -7210.000       -5873.000       -6954.000 
-12435  
-1  22  95           43.020         12          11.751         64          64.038          18.077         -58.826        3703.000        1631.000       -8503.000       -4946.000       12688.000       -2775.000       -9053.000        7116.000 
-12435  
-1  12  96            0.040          3           2.554         64          63.995          24.893         -57.978       -6476.000      -10515.000       -7061.000       -8321.000      -10035.000       -7447.000       -5653.000       -6631.000 
-12435  
-1  22  97           43.123         12          11.761         64          64.014          18.427         -58.550        3020.000        1963.000       -9710.000       -4728.000       12847.000       -2593.000       -9336.000        7285.000 
-12435  
-1  12  98           -0.017          3           2.553         64          63.994          24.960         -57.960       -6429.000      -10266.000       -6796.000       -8554.000       -9986.000       -7287.000       -6161.000       -6994.000 
-12435  
-1  22  99           42.660         12          11.791         64          63.954          17.840         -58.961        3543.000        1965.000       -8203.000       -5444.000       12500.000        -346.000       -9377.000        6639.000 
-12435  
