-1  12  1          -36.020          4           4.342         64          63.984          28.345         -53.678       10897.000       14626.000        7514.000      -17976.000      -17983.000        5253.000       11139.000       12984.000 
-12435  
-1  22  2          -34.197         12          12.034         64          63.998          36.420         -40.254      -19398.000       79848.000       80460.000      -28231.000      -82114.000      -58304.000      -29318.000       69286.000 
-12435  
-1  12  3          -36.000          4           4.325         64          64.009          28.478         -53.563       11764.000       14632.000        7821.000      -18190.000      -17908.000        5617.000       11464.000       12808.000 
-12435  
-1  22  4          -34.320         12          12.031         64          64.010          36.524         -40.299      -23498.000       79154.000       80361.000      -24750.000      -79467.000      -61140.000      -32683.000       67159.000 
-12435  
-1  12  5          -36.157          4           4.338         64          64.011          28.398         -53.530       11812.000       14272.000        7067.000      -18270.000      -17889.000        5877.000       12569.000       12781.000 
-12435  
-1  22  6          -34.517         12          12.034         64          64.007          36.479         -40.254       -8936.000       82447.000       75354.000      -38975.000      -89368.000      -45117.000      -20054.000       73005.000 
-12435  
-1  12  7          -36.163          4           4.338         64          64.006          28.426         -53.593       12742.000       13216.000        5637.000      -18723.000      -17355.000        7503.000       13355.000       11283.000 
-12435  
-1  22  8          -34.400         12          12.041         64          63.998          36.473         -40.275      -12959.000       81929.000       77343.000      -34615.000      -86070.000      -50200.000      -23893.000       71592.000 
-12435  
-1  12  9          -36.070          4           4.337         64          64.000          28.452         -53.577       12192.000       13569.000        5884.000      -18793.000      -17487.000        7540.000       12651.000       12016.000 
-12435  
-1  22  10          -34.390         12          12.035         64          63.998          36.372         -40.256       -9924.000       82559.000       75904.000      -37138.000      -88431.000      -47290.000      -21287.000       72453.000 
-12435  
-1  12  11          -36.073          4           4.326         64          63.999          28.619         -53.582       11039.000       14473.000        7351.000      -18108.000      -18343.000        5875.000       11784.000       12771.000 
-12435  
-1  22  12          -34.333         12          12.032         64          64.003          36.319         -40.249      -22317.000       80775.000       80616.000      -25972.000      -79286.000      -60277.000      -32554.000       68445.000 
-12435  
-1  12  13          -36.027          4           4.338         64          64.012          28.594         -53.525       10954.000       14948.000        8086.000      -17921.000      -18447.000        5488.000       11183.000       13375.000 
-12435  
-1  22  14          -34.487         12          12.030         64          64.003          36.397         -40.269      -14105.000       82071.000       77974.000      -33236.000      -84929.000      -51819.000      -24592.000       71430.000 
-12435  
-1  12  15          -36.110          4           4.327         64          64.003          28.430         -53.618       12221.000       13799.000        5933.000      -18517.000      -17369.000        7196.000       12465.000       12164.000 
-12435  
-1  22  16          -34.407         12          12.033         64          64.005          36.402         -40.310      -16383.000       80603.000       78183.000      -30942.000      -83643.000      -54605.000      -26132.000       70337.000 
-12435  
-1  12  17          -36.020          4           4.332         64          64.009          28.449         -53.659       12677.000       12916.000        4850.000      -19079.000      -16948.000        7716.000       12969.000       11472.000 
-12435  
-1  22  18          -34.530         12          12.034         64          63.998          36.283         -40.268      -11043.000       82577.000       75975.000      -37720.000      -87442.000      -48000.000      -21504.000       72005.000 
-12435  
-1  12  19          -36.310          4           4.335         64          64.009          28.264         -53.675       11849.000       13663.000        6230.000      -18102.000      -17518.000        7272.000       12859.000       11753.000 
-12435  
-1  22  20          -34.653         12          12.034         64          63.999          36.396         -40.296      -19728.000       80505.000       79227.000      -28277.000      -82258.000      -56457.000      -28808.000       69345.000 
-12435  
-1  12  21          -36.053          4           4.330         64          63.996          28.499         -53.549       11747.000       14734.000        7114.000      -18346.000      -18021.000        5557.000       11708.000       12714.000 
-12435  
-1  22  22          -34.170         12          12.033         64          64.003          36.347         -40.244      -14287.000       81345.000       78110.000      -33287.000      -85410.000      -53159.000      -25911.000       71234.000 
-12435  
-1  12  23          -35.900          4           4.334         64          63.996          28.452         -53.744       11332.000       13947.000        7153.000      -17935.000      -18150.000        5930.000       11103.000       12324.000 
-12435  
-1  22  24          -34.330         12          12.035         64          64.004          36.569         -40.309       -7416.000       81852.000       74307.000      -40702.000      -89046.000      -44195.000      -18559.000       72726.000 
-12435  
-1  12  25          -36.053          4           4.331         64          64.010          28.216         -53.672       11230.000       14430.000        7042.000      -18727.000      -17511.000        5073.000       11721.000       12377.000 
-12435  
-1  22  26          -34.423         12          12.029         64          64.004          36.504         -40.253       -7562.000       82941.000       75351.000      -39014.000      -89170.000      -45315.000      -18793.000       73063.000 
-12435  
-1  12  27          -36.067          4           4.325         64          64.004          28.331         -53.591       12075.000       13902.000        6464.000      -18574.000      -17452.000        6909.000       12286.000       12415.000 
-12435  
-1  22  28          -34.330         12          12.033         64          64.003          36.434         -40.287      -11154.000       82063.000       75564.000      -37434.000      -87854.000      -48835.000      -21318.000       71206.000 
-12435  
-1  12  29          -36.200          4           4.340         64          64.002          28.339         -53.546       11723.000       14291.000        6298.000      -18512.000      -18215.000        6639.000       12567.000       11832.000 
-12435  
-1  22  30          -34.287         12          12.033         64          64.000          36.475         -40.301      -19986.000       80125.000       79312.000      -27744.000      -82011.000      -57975.000      -29626.000       68252.000 
-12435  
-1  12  31          -36.190          4           4.339         64          64.007          28.257         -53.730       11095.000       14355.000        6864.000      -18073.000      -17432.000        5768.000       11842.000       12628.000 
-12435  
-1  22  32          -34.547         12          12.033         64          64.005          36.059         -40.286      -15094.000       81925.000       77399.000      -33053.000      -84644.000      -52749.000      -25072.000       70757.000 
-12435  
-1  12  33          -36.113          4           4.335         64          63.990          28.417         -53.589       11395.000       14578.000        6729.000      -18074.000      -18087.000        6454.000       11724.000       12786.000 
-12435  
-1  22  34          -34.140         12          12.029         64          63.999          36.235         -40.267      -19184.000       80271.000       80061.000      -29477.000      -82043.000      -57415.000      -29888.000       68740.000 
-12435  
-1  12  35          -36.033          4           4.328         64          64.013          28.433         -53.622       12006.000       14326.000        6739.000      -18130.000      -17775.000        5732.000       11856.000       12667.000 
-12435  
-1  22  36          -34.280         12          12.030         64          64.002          36.412         -40.262      -18258.000       80257.000       79630.000      -30616.000      -83043.000      -56270.000      -27808.000       69881.000 
-12435  
-1  12  37          -36.080          4           4.329         64          63.988          28.229         -53.715       11948.000       14167.000        6088.000      -18319.000      -17450.000        6099.000       11884.000       12047.000 
-12435  
-1  22  38          -34.420         12          12.033         64          64.005          36.331         -40.241      -12376.000       81451.000       76345.000      -36821.000      -86678.000      -50589.000      -22890.000       73133.000 
-12435  
-1  12  39          -36.093          4           4.339         64          64.003          28.217         -53.684       11976.000       13808.000        5913.000      -18374.000      -17398.000        6544.000       12349.000       12224.000 
-12435  
-1  22  40          -34.210         12          12.028         64          64.000          36.663         -40.279      -12221.000       81371.000       77064.000      -35394.000      -86924.000      -50296.000      -23187.000       71188.000 
-12435  
-1  12  41          -36.580          4           4.336         64          64.004          28.265         -53.701       11352.000       14543.000        6841.000      -17918.000      -17002.000        6152.000       12300.000       12736.000 
-12435  
-1  22  42          -34.570         12          12.031         64          64.004          36.516         -40.253      -11509.000       82022.000       76088.000      -37003.000      -87601.000      -49102.000      -21612.000       72532.000 
-12435  
-1  12  43          -36.187          4           4.337         64          63.993          28.649         -53.547       12174.000       14081.000        5918.000      -18812.000      -17548.000        6902.000       12714.000       12033.000 
-12435  
-1  22  44          -34.353         12          12.030         64          64.001          36.575         -40.283      -13986.000       81298.000       78467.000      -33006.000      -84621.000      -52149.000      -24412.000       71398.000 
-12435  
-1  12  45          -36.470          4           4.330         64          63.999          28.562         -53.630       11399.000       14854.000        6987.000      -18367.000      -17307.000        5968.000       12057.000       12399.000 
-12435  
-1  22  46          -34.590         12          12.028         64          64.006          36.397         -40.264      -13784.000       81715.000       77255.000      -35261.000      -86744.000      -50820.000      -22985.000       71037.000 
-12435  
-1  12  47          -36.060          4           4.332         64          64.006          28.253         -53.604       11646.000       13927.000        6406.000      -18739.000      -17399.000        7205.000       12058.000       12537.000 
-12435  
-1  22  48          -34.570         12          12.033         64          64.002          36.559         -40.247      -17566.000       80783.000       78969.000      -31047.000      -84332.000      -55615.000      -26226.000       70330.000 
-12435  
-1  12  49          -36.117          4           4.334         64          63.999          28.405         -53.667       11832.000       14543.000        7078.000      -18565.000      -17161.000        6022.000       11613.000       12146.000 
-12435  
-1  22  50          -34.203         12          12.028         64          63.999          36.247         -40.278      -17094.000       80209.000       78826.000      -30926.000      -83722.000      -55986.000      -26980.000       69942.000 
-12435  
-1  12  51          -36.177          4           4.335         64          64.004          28.622         -53.585       11040.000       14769.000        7414.000      -18039.000      -18342.000        5294.000       11941.000       12560.000 
-12435  
-1  22  52          -34.420         12          12.034         64          64.006          36.562         -40.256      -12723.000       81986.000       76864.000      -36081.000      -86057.000      -50321.000      -23510.000       72311.000 
-12435  
-1  12  53          -36.267          4           4.330         64          64.013          28.823         -53.700       10972.000       14296.000        6258.000      -18346.000      -17675.000        6538.000       12072.000       12148.000 
-12435  
-1  22  54          -34.420         12          12.032         64          64.007          36.314         -40.281       -4183.000       82501.000       72421.000      -42918.000      -91250.000      -41351.000      -15602.000       73835.000 
-12435  
-1  12  55          -36.213          4           4.330         64          64.000          28.438         -53.572       11389.000       14841.000        7107.000      -18051.000      -18011.000        5846.000       11880.000       12776.000 
-12435  
-1  22  56          -34.297         12          12.031         64          64.003          36.690         -40.264      -20345.000       80664.000       79921.000      -28325.000      -81464.000      -58630.000      -29608.000       68543.000 
-12435  
-1  12  57          -36.233          4           4.331         64          63.995          28.408         -53.629       11416.000       14048.000        6397.000      -18553.000      -17740.000        6737.000       12534.000       11879.000 
-12435  
-1  22  58          -34.240         12          12.030         64          64.001          36.376         -40.219      -13954.000       81867.000       77990.000      -33939.000      -86588.000      -52114.000      -25167.000       71364.000 
-12435  
-1  12  59          -36.337          4           4.334         64          63.989          28.372         -53.515       11538.000       14501.000        6720.000      -18619.000      -17820.000        6938.000       12487.000       12284.000 
-12435  
-1  22  60          -34.417         12          12.031         64          64.002          36.499         -40.234      -15480.000       81951.000       78173.000      -33346.000      -85264.000      -52369.000      -26373.000       71235.000 
-12435  
-1  12  61          -36.013          4           4.344         64          64.006          28.761         -53.557       11713.000       14418.000        6836.000      -18580.000      -18108.000        6426.000       11658.000       12329.000 
-12435  
-1  22  62          -34.217         12          12.034         64          64.000          36.595         -40.246      -22208.000       79649.000       80429.000      -26649.000      -80634.000      -60699.000      -31936.000       68271.000 
-12435  
-1  12  63          -36.233          4           4.327         64          64.009          28.497         -53.596       11704.000       14525.000        6485.000      -18363.000      -17653.000        6359.000       12178.000       12416.000 
-12435  
-1  22  64          -34.617         12          12.033         64          64.002          36.497         -40.243      -19573.000       80417.000       79912.000      -28832.000      -82719.000      -57524.000      -28128.000       69936.000 
-12435  
-1  12  65          -36.127          4           4.339         64          64.001          28.531         -53.573       11441.000       14870.000        7043.000      -18047.000      -18380.000        5511.000       11772.000       12452.000 
-12435  
-1  22  66          -34.297         12          12.034         64          64.007          36.427         -40.231      -18097.000       81362.000       79826.000      -29402.000      -83049.000      -56641.000      -28364.000       69914.000 
-12435  
-1  12  67          -36.013          4           4.343         64          64.003          28.316         -53.660       11661.000       14055.000        6816.000      -17897.000      -18151.000        5793.000       11912.000       12497.000 
-12435  
-1  22  68          -34.197         12          12.030         64          64.005          36.424         -40.249      -18186.000       80784.000       79484.000      -29543.000      -83336.000      -56580.000      -29122.000       69407.000 
-12435  
-1  12  69          -36.257          4           4.327         64          63.998          28.232         -53.681       11738.000       14215.000        6373.000      -17809.000      -17581.000        6899.000       12157.000       12361.000 
-12435  
-1  22  70          -34.610         12          12.033         64          64.002          36.383         -40.272      -13354.000       81786.000       76828.000      -35052.000      -86525.000      -50657.000      -23056.000       71576.000 
-12435  
-1  12  71          -36.117          4           4.333         64          63.999          28.347         -53.539       12025.000       13948.000        6572.000      -18695.000      -17660.000        7080.000       12536.000       12200.000 
-12435  
-1  22  72          -34.203         12          12.032         64          64.002          36.570         -40.253      -11921.000       82165.000       77519.000      -35617.000      -86715.000      -49906.000      -23630.000       71390.000 
-12435  
-1  12  73          -36.397          4           4.325         64          64.005          28.240         -53.576       11962.000       13799.000        6126.000      -18454.000      -17268.000        7327.000       13185.000       12273.000 
-12435  
-1  22  74          -34.277         12          12.033         64          64.000          36.551         -40.246      -13430.000       81609.000       76982.000      -34980.000      -86285.000      -51628.000      -24526.000       71953.000 
-12435  
-1  12  75          -35.870          4           4.343         64          63.992          28.530         -53.679       11908.000       13885.000        7417.000      -18092.000      -17894.000        6152.000       11365.000       12309.000 
-12435  
-1  22  76          -34.687         12          12.032         64          64.002          36.374         -40.298      -13648.000       81872.000       76881.000      -34970.000      -86152.000      -49909.000      -23179.000       71080.000 
-12435  
-1  12  77          -36.040          4           4.332         64          63.988          28.316         -53.596       11827.000       14079.000        6303.000      -18710.000      -17788.000        6303.000       12154.000       12246.000 
-12435  
-1  22  78          -34.360         12          12.030         64          64.003          36.427         -40.290      -19448.000       80253.000       79683.000      -29043.000      -81825.000      -56679.000      -29356.000       69274.000 
-12435  
-1  12  79          -36.180          4           4.329         64          64.002          28.274         -53.530       11889.000       14377.000        6538.000      -18958.000      -17626.000        6531.000       12432.000       12026.000 
-12435  
-1  22  80          -34.530         12          12.039         64          64.002          36.489         -40.278      -20544.000       80533.000       80170.000      -28321.000      -80862.000      -58014.000      -29428.000       68934.000 
-12435  
-1  12  81          -35.997          4           4.324         64          63.995          28.347         -53.700       10929.000       13874.000        7040.000      -18369.000      -17888.000        5883.000       11726.000       12571.000 
-12435  
-1  22  82          -34.767         12          12.032         64          64.002          36.277         -40.284      -12958.000       82284.000       77277.000      -35879.000      -85704.000      -50328.000      -21529.000       71294.000 
-12435  
-1  12  83          -36.220          4           4.324         64          64.008          28.132         -53.695       10955.000       14424.000        7575.000      -18084.000      -17438.000        5719.000       11845.000       12688.000 
-12435  
-1  22  84          -34.683         12          12.034         64          64.000          36.493         -40.278      -18242.000       80471.000       78929.000      -29875.000      -82729.000      -55567.000      -27668.000       70944.000 
-12435  
-1  12  85          -36.073          4           4.315         64          64.012          28.477         -53.661       11896.000       13497.000        5634.000      -18590.000      -17460.000        7152.000       12599.000       12061.000 
-12435  
-1  22  86          -34.293         12          12.034         64          64.002          36.227         -40.248       -3554.000       82547.000       73157.000      -44383.000      -91677.000      -40228.000      -15191.000       73938.000 
-12435  
-1  12  87          -36.193          4           4.328         64          64.002          28.500         -53.545       11056.000       14587.000        7032.000      -18397.000      -18173.000        5947.000       12185.000       12691.000 
-12435  
-1  22  88          -34.477         12          12.034         64          63.998          36.505         -40.266      -12755.000       81798.000       77504.000      -36159.000      -87050.000      -49213.000      -22521.000       71217.000 
-12435  
-1  12  89          -36.193          4           4.330         64          63.999          28.386         -53.633       11497.000       14505.000        7328.000      -18009.000      -17932.000        6480.000       11842.000       12062.000 
-12435  
-1  22  90          -34.320         12          12.033         64          64.002          36.409         -40.257      -17324.000       80758.000       78647.000      -31194.000      -83868.000      -55670.000      -27179.000       70365.000 
-12435  
-1  12  91          -36.107          4           4.332         64          64.000          28.504         -53.589       11552.000       14059.000        7089.000      -17990.000      -18177.000        6563.000       12266.000       12446.000 
-12435  
-1  22  92          -34.597         12          12.033         64          64.002          36.584         -40.285      -16575.000       80988.000       77712.000      -32060.000      -84115.000      -54372.000      -26036.000       70762.000 
-12435  
-1  12  93          -36.077          4           4.337         64          63.990          28.115         -53.655       11613.000       14052.000        6442.000      -18362.000      -17812.000        6708.000       11999.000       12074.000 
-12435  
-1  22  94          -34.333         12          12.034         64          63.999          36.468         -40.271      -13564.000       81973.000       78238.000      -34388.000      -86073.000      -50697.000      -23730.000       70417.000 
-12435  
-1  12  95          -36.003          4           4.332         64          64.001          28.591         -53.665       11058.000       14531.000        7231.000      -18482.000      -18205.000        6111.000       11083.000       11872.000 
-12435  
-1  22  96          -34.333         12          12.037         64          63.998          36.209         -40.268      -12453.000       81910.000       76731.000      -34786.000      -86525.000      -51202.000      -22953.000       71668.000 
-12435  
-1  12  97          -35.990          4           4.331         64          63.983          28.167         -53.710       10817.000       14261.000        6549.000      -17983.000      -18278.000        5944.000       11225.000       12792.000 
-12435  
-1  22  98          -34.387         12          12.033         64          64.004          36.375         -40.233      -12291.000       82107.000       77615.000      -35164.000      -87163.000      -50493.000      -22447.000       71877.000 
-12435  
-1  12  99          -36.083          4           4.324         64          64.002          28.371         -53.553       11906.000       14428.000        6715.000      -18624.000      -17866.000        6683.000       11926.000       12139.000 
-12435  
