-1  12  1           10.003          4           4.310         64          64.003          48.508         -30.979      -63005.000     -176475.000       39720.000     -261190.000       86009.000     -215672.000      263945.000     -154590.000 
-12435  
-1  22  2           10.030         12          11.957         64          64.001          43.560         -32.766       85828.000      125446.000       25182.000      213054.000      -22418.000      183630.000     -180502.000      177015.000 
-12435  
-1  12  3           10.003          4           4.309         64          64.002          48.507         -30.978      -68485.000     -174920.000       32605.000     -262477.000       79984.000     -217427.000      259459.000     -161890.000 
-12435  
-1  22  4           10.037         12          11.959         64          64.000          43.686         -32.740       90161.000      122740.000       32110.000      212798.000      -17204.000      184732.000     -175570.000      183111.000 
-12435  
-1  12  5           10.007          4           4.309         64          64.003          48.310         -30.982      -64744.000     -176297.000       37767.000     -261138.000       84381.000     -216194.000      262810.000     -156301.000 
-12435  
-1  22  6           10.033         12          11.959         64          64.002          43.649         -32.763       77706.000      130964.000       12192.000      213721.000      -34357.000      182140.000     -191402.000      165462.000 
-12435  
-1  12  7           10.003          4           4.309         64          64.001          47.975         -30.977      -66193.000     -176087.000       35488.000     -262078.000       82761.000     -217310.000      260788.000     -158389.000 
-12435  
-1  22  8           10.043         12          11.958         64          64.000          43.774         -32.758       90386.000      123818.000       31958.000      211678.000      -17902.000      184538.000     -175477.000      181858.000 
-12435  
-1  12  9           10.000          4           4.309         64          64.001          48.086         -30.988      -62823.000     -177064.000       40012.000     -260742.000       85660.000     -215580.000      263414.000     -154246.000 
-12435  
-1  22  10           10.050         12          11.959         64          64.001          43.528         -32.747       80325.000      130185.000       14618.000      213884.000      -32328.000      183407.000     -190217.000      166647.000 
-12435  
-1  12  11           10.003          4           4.309         64          64.000          48.400         -30.976      -58712.000     -178080.000       46350.000     -260006.000       91573.000     -214087.000      267667.000     -147621.000 
-12435  
-1  22  12           10.037         12          11.957         64          64.001          43.922         -32.759       78623.000      131514.000       12867.000      214071.000      -33981.000      181872.000     -190818.000      165573.000 
-12435  
-1  12  13           10.003          4           4.309         64          64.002          48.288         -30.973      -68041.000     -175324.000       32788.000     -262714.000       79530.000     -217632.000      259784.000     -161534.000 
-12435  
-1  22  14           10.040         12          11.956         64          64.003          43.532         -32.743       87310.000      125012.000       26999.000      213540.000      -22212.000      184452.000     -179454.000      178452.000 
-12435  
-1  12  15           10.000          4           4.310         64          64.002          48.018         -30.983      -68459.000     -174755.000       31462.000     -262095.000       78924.000     -218336.000      258721.000     -162625.000 
-12435  
-1  22  16           10.033         12          11.959         64          64.001          43.719         -32.734       78064.000      132528.000       11838.000      214038.000      -34318.000      183187.000     -192353.000      164841.000 
-12435  
-1  12  17            9.997          4           4.309         64          64.002          47.990         -30.970      -68122.000     -175524.000       32521.000     -262935.000       79213.000     -218168.000      259038.000     -162136.000 
-12435  
-1  22  18           10.030         12          11.957         64          63.999          43.601         -32.754       88041.000      123569.000       30387.000      211846.000      -18626.000      184880.000     -176966.000      181803.000 
-12435  
-1  12  19           10.003          4           4.309         64          64.002          48.125         -30.976      -57067.000     -178907.000       49185.000     -260025.000       93733.000     -212504.000      268844.000     -145178.000 
-12435  
-1  22  20           10.030         12          11.957         64          64.000          43.509         -32.734       90579.000      123183.000       32943.000      212808.000      -16657.000      184598.000     -174583.000      184142.000 
-12435  
-1  12  21           10.000          4           4.309         64          64.001          48.304         -30.973      -65812.000     -176028.000       36527.000     -262042.000       83120.000     -216986.000      261436.000     -158336.000 
-12435  
-1  22  22           10.027         12          11.958         64          64.001          43.735         -32.734       89902.000      124180.000       31409.000      213249.000      -17552.000      184895.000     -175295.000      182532.000 
-12435  
-1  12  23           10.000          4           4.308         64          64.000          48.205         -30.992      -62039.000     -177148.000       40707.000     -260792.000       86292.000     -214811.000      264158.000     -152999.000 
-12435  
-1  22  24           10.023         12          11.957         64          64.001          43.491         -32.760       73590.000      133928.000        5073.000      214439.000      -39511.000      180710.000     -196042.000      159662.000 
-12435  
-1  12  25           10.003          4           4.309         64          64.002          48.440         -30.970      -63319.000     -177197.000       39960.000     -261187.000       85751.000     -216223.000      264120.000     -154471.000 
-12435  
-1  22  26           10.030         12          11.959         64          64.004          43.720         -32.741       84169.000      127297.000       22960.000      212896.000      -25268.000      184327.000     -183459.000      175526.000 
-12435  
-1  12  27           10.003          4           4.308         64          64.000          48.444         -30.984      -67448.000     -175255.000       33534.000     -261911.000       80438.000     -217646.000      259942.000     -160379.000 
-12435  
-1  22  28           10.027         12          11.959         64          64.001          43.554         -32.740       91766.000      121781.000       35841.000      210772.000      -13453.000      185816.000     -172193.000      186922.000 
-12435  
-1  12  29           10.000          4           4.309         64          64.002          48.818         -30.980      -68498.000     -174675.000       31860.000     -262175.000       78981.000     -218206.000      258742.000     -163065.000 
-12435  
-1  22  30           10.037         12          11.960         64          64.001          43.614         -32.738       88501.000      125177.000       27177.000      213108.000      -21888.000      184456.000     -178777.000      179547.000 
-12435  
-1  12  31           10.000          4           4.309         64          64.003          48.223         -30.979      -68790.000     -174783.000       30737.000     -262165.000       78428.000     -218209.000      258761.000     -163476.000 
-12435  
-1  22  32           10.030         12          11.957         64          64.000          43.677         -32.737       88744.000      124380.000       29737.000      212370.000      -18310.000      184465.000     -178156.000      181553.000 
-12435  
-1  12  33           10.003          4           4.309         64          64.002          48.193         -30.970      -64984.000     -176634.000       37356.000     -261282.000       84567.000     -216702.000      262827.000     -157001.000 
-12435  
-1  22  34           10.030         12          11.957         64          64.001          43.912         -32.744       81063.000      129297.000       17641.000      214572.000      -29866.000      182812.000     -187282.000      170521.000 
-12435  
-1  12  35           10.007          4           4.308         64          64.002          48.052         -30.971      -57248.000     -178880.000       49030.000     -259685.000       93581.000     -212878.000      269558.000     -144994.000 
-12435  
-1  22  36           10.033         12          11.959         64          64.002          43.513         -32.762       80543.000      129117.000       16770.000      213940.000      -29782.000      182738.000     -187834.000      169301.000 
-12435  
-1  12  37           10.000          4           4.309         64          64.001          48.014         -30.975      -61148.000     -177319.000       42672.000     -260932.000       88491.000     -214791.000      265417.000     -152176.000 
-12435  
-1  22  38           10.037         12          11.958         64          64.003          43.723         -32.759       80088.000      129237.000       16074.000      213275.000      -31712.000      182852.000     -188765.000      169087.000 
-12435  
-1  12  39           10.003          4           4.309         64          64.001          48.300         -30.973      -59454.000     -178321.000       44899.000     -260598.000       90289.000     -214028.000      267233.000     -148806.000 
-12435  
-1  22  40           10.030         12          11.957         64          64.000          43.913         -32.750       78022.000      131658.000       11243.000      213581.000      -34736.000      182111.000     -192108.000      165594.000 
-12435  
-1  12  41           10.003          4           4.308         64          64.001          48.512         -30.978      -63319.000     -176646.000       38782.000     -261272.000       85474.000     -216104.000      263645.000     -154910.000 
-12435  
-1  22  42           10.027         12          11.957         64          64.003          43.744         -32.738       82995.000      128381.000       18588.000      213755.000      -27481.000      183722.000     -185912.000      172764.000 
-12435  
-1  12  43           10.000          4           4.309         64          64.001          48.166         -30.978      -64602.000     -176258.000       37266.000     -261649.000       83743.000     -216814.000      262160.000     -156925.000 
-12435  
-1  22  44           10.023         12          11.958         64          64.000          43.737         -32.731       89895.000      123843.000       33719.000      212410.000      -15795.000      185219.000     -174419.000      184328.000 
-12435  
-1  12  45           10.000          4           4.310         64          64.002          48.233         -30.980      -67541.000     -175103.000       33274.000     -262199.000       80238.000     -218001.000      259484.000     -161111.000 
-12435  
-1  22  46           10.040         12          11.956         64          63.999          43.845         -32.751       87946.000      124590.000       29034.000      211924.000      -20310.000      184440.000     -178856.000      179974.000 
-12435  
-1  12  47           10.003          4           4.309         64          64.003          48.066         -30.982      -63490.000     -176013.000       39427.000     -261721.000       85438.000     -215437.000      263512.000     -154979.000 
-12435  
-1  22  48           10.033         12          11.958         64          64.000          43.529         -32.743       90895.000      123253.000       31800.000      212616.000      -16787.000      184601.000     -175104.000      182888.000 
-12435  
-1  12  49           10.003          4           4.309         64          64.002          48.272         -30.980      -56822.000     -178907.000       49362.000     -259364.000       93700.000     -212856.000      269008.000     -144690.000 
-12435  
-1  22  50           10.027         12          11.959         64          64.003          43.501         -32.772       89517.000      122860.000       32076.000      211585.000      -16978.000      184246.000     -174139.000      183177.000 
-12435  
-1  12  51           10.000          4           4.309         64          64.001          48.216         -30.968      -67299.000     -175335.000       34191.000     -262381.000       80686.000     -218294.000      260499.000     -160462.000 
-12435  
-1  22  52           10.030         12          11.959         64          64.002          43.661         -32.741       79844.000      129979.000       14828.000      214206.000      -31708.000      182914.000     -189554.000      168715.000 
-12435  
-1  12  53           10.000          4           4.309         64          64.000          48.322         -30.983      -62487.000     -177017.000       40418.000     -261119.000       86555.000     -214946.000      263992.000     -153967.000 
-12435  
-1  22  54           10.033         12          11.959         64          64.001          43.449         -32.749       76406.000      130546.000        9941.000      214503.000      -36335.000      182862.000     -193092.000      163986.000 
-12435  
-1  12  55           10.007          4           4.309         64          64.000          48.304         -30.979      -67805.000     -174920.000       32998.000     -262617.000       80731.000     -217451.000      259784.000     -160896.000 
-12435  
-1  22  56           10.033         12          11.957         64          64.001          43.633         -32.751       87784.000      126019.000       26461.000      212882.000      -21971.000      183736.000     -179254.000      178503.000 
-12435  
-1  12  57           10.007          4           4.308         64          64.003          48.615         -30.982      -61369.000     -177305.000       43337.000     -260483.000       88615.000     -214946.000      265613.000     -150683.000 
-12435  
-1  22  58           10.037         12          11.959         64          64.000          43.569         -32.748       87478.000      124829.000       28679.000      212268.000      -20339.000      185120.000     -178708.000      179486.000 
-12435  
-1  12  59           10.003          4           4.309         64          64.002          48.509         -30.970      -61032.000     -177247.000       42654.000     -261052.000       88448.000     -214878.000      266321.000     -151395.000 
-12435  
-1  22  60           10.027         12          11.957         64          64.002          44.040         -32.735       82186.000      129540.000       17363.000      213932.000      -28473.000      183824.000     -187035.000      171051.000 
-12435  
-1  12  61           10.003          4           4.309         64          64.002          48.149         -30.976      -60156.000     -177787.000       44045.000     -260843.000       89831.000     -214024.000      266435.000     -150050.000 
-12435  
-1  22  62           10.027         12          11.961         64          64.000          43.525         -32.750       80459.000      129869.000       15982.000      213357.000      -30550.000      183171.000     -188184.000      169871.000 
-12435  
-1  12  63           10.003          4           4.309         64          64.001          48.427         -30.978      -70196.000     -174045.000       29446.000     -262805.000       77436.000     -218815.000      257327.000     -164970.000 
-12435  
-1  22  64           10.043         12          11.959         64          64.001          43.569         -32.734       83247.000      128644.000       19060.000      213359.000      -28364.000      183961.000     -186832.000      171955.000 
-12435  
-1  12  65           10.000          4           4.308         64          64.002          47.975         -30.978      -65953.000     -175989.000       35450.000     -262430.000       81538.000     -216836.000      260955.000     -158841.000 
-12435  
-1  22  66           10.033         12          11.958         64          63.999          43.606         -32.754       77810.000      131135.000       12802.000      213579.000      -34462.000      182284.000     -191557.000      166105.000 
-12435  
-1  12  67           10.003          4           4.309         64          64.001          48.061         -30.974      -63388.000     -176734.000       39995.000     -261637.000       86401.000     -215647.000      263691.000     -154624.000 
-12435  
-1  22  68           10.033         12          11.960         64          64.000          43.647         -32.736       77177.000      132165.000       11352.000      214611.000      -35634.000      182054.000     -192963.000      164779.000 
-12435  
-1  12  69           10.003          4           4.310         64          64.003          48.232         -30.979      -63395.000     -176683.000       39981.000     -261699.000       85564.000     -215723.000      263402.000     -154404.000 
-12435  
-1  22  70           10.047         12          11.960         64          64.001          43.533         -32.757       90230.000      122754.000       32311.000      211041.000      -17522.000      185107.000     -175901.000      182547.000 
-12435  
-1  12  71           10.007          4           4.308         64          64.002          48.177         -30.977      -59144.000     -178166.000       45331.000     -260416.000       90989.000     -213604.000      267414.000     -148304.000 
-12435  
-1  22  72           10.030         12          11.959         64          64.001          43.939         -32.746       90945.000      122617.000       33639.000      212381.000      -14805.000      184672.000     -174020.000      184098.000 
-12435  
-1  12  73           10.000          4           4.309         64          64.002          48.500         -30.970      -60315.000     -178184.000       44184.000     -260817.000       89448.000     -214688.000      266334.000     -150149.000 
-12435  
-1  22  74           10.033         12          11.958         64          64.001          43.700         -32.748       78263.000      130549.000       11837.000      214101.000      -33796.000      182630.000     -191898.000      165753.000 
-12435  
-1  12  75           10.007          4           4.309         64          64.001          48.158         -30.987      -67338.000     -175095.000       33269.000     -261773.000       80555.000     -217763.000      260104.000     -159895.000 
-12435  
-1  22  76           10.033         12          11.961         64          64.000          43.694         -32.750       88979.000      125162.000       29405.000      212497.000      -18654.000      184015.000     -177594.000      180318.000 
-12435  
-1  12  77           10.000          4           4.309         64          64.003          48.200         -30.983      -62915.000     -177050.000       39873.000     -261100.000       86175.000     -215569.000      263392.000     -154433.000 
-12435  
-1  22  78           10.030         12          11.959         64          64.002          43.571         -32.738       80196.000      129760.000       15902.000      213488.000      -30891.000      183118.000     -189469.000      169905.000 
-12435  
-1  12  79           10.003          4           4.309         64          64.003          48.304         -30.990      -64992.000     -176425.000       38331.000     -261232.000       83928.000     -216049.000      261985.000     -156091.000 
-12435  
-1  22  80           10.027         12          11.959         64          64.000          43.673         -32.722       84345.000      127095.000       22753.000      213011.000      -24879.000      184950.000     -184006.000      176409.000 
-12435  
-1  12  81           10.000          4           4.309         64          64.001          48.215         -30.980      -68407.000     -174998.000       32005.000     -262050.000       79622.000     -218302.000      258714.000     -162559.000 
-12435  
-1  22  82           10.037         12          11.960         64          64.001          43.655         -32.740      101580.000      114125.000       53188.000      207940.000         163.000      185030.000     -157028.000      199914.000 
-12435  
-1  12  83           10.003          4           4.309         64          64.001          48.526         -30.976      -64292.000     -176619.000       38439.000     -261570.000       84747.000     -215726.000      263262.000     -156044.000 
-12435  
-1  22  84           10.033         12          11.958         64          64.001          43.680         -32.761       87575.000      124515.000       27804.000      213074.000      -20520.000      183928.000     -178143.000      179182.000 
-12435  
-1  12  85           10.000          4           4.309         64          64.002          48.258         -30.978      -62401.000     -177170.000       40901.000     -261151.000       86406.000     -215426.000      264446.000     -153358.000 
-12435  
-1  22  86           10.030         12          11.957         64          64.001          43.702         -32.733       99160.000      117265.000       48428.000      209631.000       -3250.000      185713.000     -161102.000      195457.000 
-12435  
-1  12  87           10.003          4           4.309         64          64.001          48.515         -30.974      -60481.000     -177547.000       44270.000     -261230.000       89612.000     -214335.000      266028.000     -150282.000 
-12435  
-1  22  88           10.033         12          11.958         64          64.003          44.203         -32.737       83603.000      127818.000       21053.000      213632.000      -26345.000      183971.000     -185019.000      173813.000 
-12435  
-1  12  89           10.003          4           4.309         64          64.001          48.224         -30.978      -61119.000     -177628.000       43025.000     -260658.000       88323.000     -214379.000      266035.000     -151128.000 
-12435  
-1  22  90           10.033         12          11.957         64          64.001          43.692         -32.760       77723.000      130925.000       12081.000      213792.000      -34321.000      182373.000     -191465.000      165389.000 
-12435  
-1  12  91           10.000          4           4.308         64          64.002          48.491         -30.980      -62025.000     -177743.000       41233.000     -260831.000       87126.000     -214806.000      264640.000     -152936.000 
-12435  
-1  22  92           10.033         12          11.958         64          64.001          43.703         -32.745       81464.000      129106.000       18195.000      214411.000      -28750.000      183663.000     -187011.000      170051.000 
-12435  
-1  12  93           10.003          4           4.308         64          64.002          48.364         -30.975      -64310.000     -176169.000       38528.000     -261589.000       84584.000     -216670.000      262899.000     -156088.000 
-12435  
-1  22  94           10.030         12          11.958         64          64.000          43.576         -32.754       90153.000      122978.000       32254.000      211751.000      -16416.000      184819.000     -174819.000      183367.000 
-12435  
-1  12  95           10.000          4           4.309         64          64.002          48.416         -30.966      -72792.000     -173525.000       25508.000     -263111.000       73470.000     -220453.000      255472.000     -169146.000 
-12435  
-1  22  96           10.030         12          11.960         64          64.000          43.553         -32.747       73333.000      133544.000        5187.000      213858.000      -39249.000      181223.000     -197845.000      159734.000 
-12435  
-1  12  97           10.003          4           4.310         64          64.003          48.294         -30.984      -66289.000     -175840.000       35964.000     -261359.000       82486.000     -216743.000      261124.000     -158779.000 
-12435  
-1  22  98           10.023         12          11.959         64          64.002          43.605         -32.735       89264.000      123907.000       30745.000      212099.000      -17509.000      185301.000     -176312.000      183007.000 
-12435  
-1  12  99           10.003          4           4.310         64          64.002          48.240         -30.974      -56718.000     -179479.000       49112.000     -259664.000       94061.000     -212569.000      269276.000     -144494.000 
-12435  
