-1  12  1            1.160          3           2.690         64          64.011          21.178         -61.781       -1808.000        9423.000        1883.000        7425.000        1656.000        5235.000       -1216.000        5240.000 
-12435  
-1  22  2          -49.597         12          12.068         64          63.986          21.784         -55.296       -1507.000       18664.000        9927.000      -11143.000      -11641.000       10372.000       10675.000       -1953.000 
-12435  
-1  12  3            0.723          3           2.714         64          63.986          21.371         -61.665       -1530.000        9785.000        2365.000        7390.000        1601.000        5224.000        -115.000        5232.000 
-12435  
-1  22  4          -49.497         12          12.060         64          63.997          21.522         -55.279        3368.000       18444.000        6206.000      -14381.000       -7982.000       11963.000       10845.000       -4073.000 
-12435  
-1  12  5            1.447          3           2.707         64          63.977          21.166         -61.886       -1009.000        9648.000        2866.000        7444.000        1162.000        4744.000        -244.000        4817.000 
-12435  
-1  22  6          -49.947         12          12.062         64          64.014          21.362         -55.500        1766.000       18724.000        6947.000      -12520.000       -9100.000       10437.000       11454.000       -3110.000 
-12435  
-1  12  7            1.893          3           2.760         64          63.987          21.278         -61.748        -771.000        9293.000        2941.000        7473.000        1820.000        4957.000        -762.000        5614.000 
-12435  
-1  22  8          -50.550         12          12.034         64          64.014          21.708         -55.092       -1441.000       18913.000        9953.000      -12464.000      -11091.000        8982.000       12435.000       -2568.000 
-12435  
-1  12  9            1.180          3           2.742         64          64.016          21.606         -61.446       -1655.000        9940.000        2382.000        7528.000        1619.000        5219.000        -869.000        5672.000 
-12435  
-1  22  10          -50.040         12          12.065         64          64.003          21.578         -55.296       -1445.000       18781.000        8748.000      -11473.000      -11598.000        9930.000       11598.000       -1873.000 
-12435  
-1  12  11            1.990          3           2.686         64          64.010          20.945         -61.982       -1156.000        9400.000        2497.000        7652.000        1347.000        4676.000       -1111.000        4578.000 
-12435  
-1  22  12          -50.030         12          12.042         64          64.035          21.528         -55.366       -1116.000       18763.000        8816.000      -11640.000      -10719.000       10068.000       11552.000       -1724.000 
-12435  
-1  12  13            1.640          3           2.713         64          63.993          21.446         -61.816       -1913.000        9107.000        2736.000        7947.000        1334.000        4869.000       -1032.000        4939.000 
-12435  
-1  22  14          -50.857         12          12.064         64          63.998          21.397         -55.356         940.000       18401.000        7352.000      -12835.000       -9297.000       11480.000       11307.000       -4121.000 
-12435  
-1  12  15            1.747          3           2.755         64          64.006          21.646         -61.590       -1501.000        9665.000        2552.000        7667.000        1791.000        4945.000       -1274.000        5387.000 
-12435  
-1  22  16          -49.860         12          12.026         64          63.998          21.486         -55.032         -26.000       19411.000        8355.000      -12625.000      -11227.000       10494.000       11985.000       -2617.000 
-12435  
-1  12  17            1.077          3           2.690         64          63.993          21.140         -61.894       -1253.000        9054.000        1862.000        7792.000        1993.000        5065.000       -1027.000        5106.000 
-12435  
-1  22  18          -49.510         12          12.070         64          64.002          21.188         -55.481       -1609.000       18905.000        9436.000      -11599.000      -11506.000        8123.000       10430.000       -2103.000 
-12435  
-1  12  19            1.813          3           2.740         64          63.994          21.161         -61.800       -1485.000        9160.000        2314.000        7656.000        1547.000        4841.000       -1183.000        5622.000 
-12435  
-1  22  20          -50.137         12          12.062         64          63.999          21.371         -55.409       -1851.000       18262.000        9389.000      -12230.000      -10890.000        9014.000       11493.000       -1872.000 
-12435  
-1  12  21            1.997          3           2.721         64          64.030          21.209         -61.821       -1110.000        9479.000        2769.000        7552.000        1327.000        4763.000        -961.000        5173.000 
-12435  
-1  22  22          -49.390         12          12.066         64          63.990          21.589         -55.252         620.000       17985.000        8000.000      -13478.000      -10742.000       11180.000       11091.000       -3263.000 
-12435  
-1  12  23            1.880          3           2.742         64          63.989          20.987         -62.031       -1324.000        9376.000        2807.000        7408.000        1186.000        4578.000        -839.000        4757.000 
-12435  
-1  22  24          -49.477         12          12.047         64          64.007          21.566         -55.263         942.000       18533.000        8114.000      -11989.000      -10749.000       11223.000       11788.000       -2636.000 
-12435  
-1  12  25            1.170          3           2.743         64          64.017          21.396         -61.600       -1651.000        9603.000        2581.000        7843.000        1267.000        5078.000        -512.000        5291.000 
-12435  
-1  22  26          -50.810         12          12.062         64          64.013          21.673         -55.219         419.000       19009.000        8402.000      -12316.000       -9977.000       10627.000       11883.000       -3660.000 
-12435  
-1  12  27            1.497          3           2.729         64          64.023          21.096         -61.996       -1600.000        8876.000        2271.000        7876.000        1506.000        4761.000       -1033.000        5019.000 
-12435  
-1  22  28          -49.913         12          12.036         64          64.006          21.747         -55.177       -1479.000       19008.000        9391.000      -12158.000      -11260.000        9809.000       11587.000       -1830.000 
-12435  
-1  12  29            1.680          3           2.700         64          63.988          21.304         -61.752       -1343.000        9355.000        2488.000        7819.000        1790.000        4872.000       -1114.000        5139.000 
-12435  
-1  22  30          -50.647         12          12.042         64          63.990          21.370         -55.324          37.000       18224.000        7963.000      -12494.000      -10507.000       10628.000       11857.000       -3554.000 
-12435  
-1  12  31            1.160          3           2.730         64          63.967          21.610         -61.518       -1580.000        9613.000        2839.000        7764.000        1712.000        5146.000        -683.000        5461.000 
-12435  
-1  22  32          -50.757         12          12.055         64          64.001          21.211         -55.452        -429.000       18781.000        7611.000      -12436.000      -10026.000        9641.000       11545.000       -2982.000 
-12435  
-1  12  33            1.813          3           2.770         64          63.998          21.158         -61.658       -1614.000        9396.000        2877.000        7927.000        1243.000        4688.000        -888.000        5439.000 
-12435  
-1  22  34          -50.093         12          12.046         64          63.999          21.728         -55.116        -492.000       18920.000        7652.000      -12891.000      -11694.000       10501.000       11580.000       -3089.000 
-12435  
-1  12  35            1.203          3           2.723         64          63.997          21.248         -61.725       -1213.000        9285.000        2806.000        7620.000        1805.000        5276.000        -548.000        5251.000 
-12435  
-1  22  36          -49.543         12          12.064         64          63.996          21.335         -55.344         166.000       18447.000        7967.000      -12173.000      -11147.000       10643.000       11295.000       -2591.000 
-12435  
-1  12  37            1.710          3           2.723         64          64.011          21.278         -61.732       -1315.000        9434.000        2782.000        7853.000        1337.000        4803.000        -696.000        5173.000 
-12435  
-1  22  38          -49.830         12          12.064         64          63.979          21.222         -55.505         329.000       18082.000        8077.000      -12445.000      -10310.000       10068.000       11272.000       -2870.000 
-12435  
-1  12  39            1.990          3           2.746         64          64.024          21.293         -61.565       -1085.000        9595.000        2305.000        7808.000        1623.000        5133.000       -1292.000        5513.000 
-12435  
-1  22  40          -49.990         12          12.055         64          63.981          21.463         -55.319         404.000       18927.000        7478.000      -11993.000      -11195.000        9483.000       12162.000       -2790.000 
-12435  
-1  12  41            1.067          3           2.777         64          64.005          21.145         -61.624       -1985.000        9449.000        2712.000        7740.000        1653.000        4950.000        -839.000        5398.000 
-12435  
-1  22  42          -50.510         12          12.055         64          64.028          21.479         -55.337         790.000       19263.000        7666.000      -12618.000       -9295.000       10476.000       11337.000       -3320.000 
-12435  
-1  12  43            1.800          3           2.747         64          64.005          21.507         -61.683        -963.000        9903.000        2657.000        7559.000        1384.000        4569.000        -733.000        5302.000 
-12435  
-1  22  44          -49.130         12          12.039         64          64.023          21.538         -55.174        2334.000       18836.000        7274.000      -12784.000      -10464.000       11858.000       11023.000       -3543.000 
-12435  
-1  12  45            1.263          3           2.721         64          64.020          21.348         -61.699       -1391.000        9475.000        2661.000        7888.000        1522.000        5002.000        -644.000        5006.000 
-12435  
-1  22  46          -49.283         12          12.061         64          64.028          21.447         -55.417         616.000       18201.000        7887.000      -13051.000      -10243.000        9900.000       11665.000       -2305.000 
-12435  
-1  12  47            2.000          3           2.724         64          63.999          20.969         -61.853       -1483.000        9247.000        2535.000        7635.000        1143.000        5119.000       -1116.000        5021.000 
-12435  
-1  22  48          -50.713         12          12.031         64          63.994          21.273         -55.464        -772.000       18217.000        9134.000      -11907.000      -10493.000        9160.000       11732.000       -3062.000 
-12435  
-1  12  49            0.970          3           2.738         64          64.003          21.194         -61.803       -1409.000        9306.000        2793.000        7623.000        1752.000        4946.000        -318.000        5161.000 
-12435  
-1  22  50          -49.993         12          12.077         64          63.997          21.866         -55.251        -174.000       19033.000        7986.000      -13071.000      -10183.000       10110.000       11621.000       -2436.000 
-12435  
-1  12  51            2.010          3           2.734         64          64.004          21.207         -61.729       -1356.000        9212.000        1945.000        7935.000        1133.000        5073.000       -1257.000        5506.000 
-12435  
-1  22  52          -50.270         12          12.064         64          63.993          21.480         -55.335         331.000       18539.000        7995.000      -12503.000      -10538.000       10731.000       11052.000       -3642.000 
-12435  
-1  12  53            1.797          3           2.756         64          64.000          21.403         -61.563       -1490.000        9673.000        2978.000        7720.000        1506.000        4866.000        -969.000        5433.000 
-12435  
-1  22  54          -49.070         12          12.054         64          63.996          21.563         -55.148         937.000       19310.000        8578.000      -12804.000      -10651.000       10644.000       11041.000       -2573.000 
-12435  
-1  12  55            1.507          3           2.735         64          64.006          21.471         -61.618       -1615.000        9528.000        2811.000        7735.000        1533.000        5136.000        -876.000        5220.000 
-12435  
-1  22  56          -50.133         12          12.038         64          63.986          21.586         -55.201       -1547.000       18834.000        9994.000      -12404.000      -10810.000        9697.000       11307.000       -2285.000 
-12435  
-1  12  57            1.893          3           2.762         64          64.009          21.345         -61.557       -1433.000        9402.000        2535.000        7781.000        1633.000        5197.000       -1226.000        5687.000 
-12435  
-1  22  58          -49.970         12          12.043         64          64.008          21.402         -55.161        1991.000       18952.000        7286.000      -13588.000       -9414.000       11829.000       10808.000       -4177.000 
-12435  
-1  12  59            1.130          3           2.706         64          63.994          21.704         -61.748       -1472.000        9488.000        2554.000        7703.000        1748.000        4851.000        -792.000        5117.000 
-12435  
-1  22  60          -49.457         12          12.064         64          64.002          21.267         -55.439        -521.000       18501.000        9641.000      -11555.000      -10854.000        9081.000       11454.000       -1857.000 
-12435  
-1  12  61            1.927          3           2.728         64          63.988          21.350         -61.584       -1386.000        9752.000        2499.000        8140.000        1188.000        4854.000       -1018.000        4904.000 
-12435  
-1  22  62          -50.633         12          12.044         64          64.006          21.393         -55.417         965.000       18457.000        7087.000      -12753.000      -10282.000       10279.000       11115.000       -4356.000 
-12435  
-1  12  63            1.307          3           2.721         64          64.003          21.544         -61.709       -1532.000        9766.000        2153.000        7666.000        1277.000        4818.000        -804.000        5169.000 
-12435  
-1  22  64          -49.893         12          12.026         64          63.973          21.567         -55.371        3093.000       18355.000        6083.000      -13340.000       -8928.000       12063.000       10481.000       -4659.000 
-12435  
-1  12  65            1.680          3           2.763         64          64.025          21.120         -61.878       -1199.000        9199.000        2971.000        7338.000        1843.000        4603.000        -864.000        5581.000 
-12435  
-1  22  66          -49.060         12          12.043         64          64.003          21.751         -55.142        3424.000       19171.000        6909.000      -13781.000       -9481.000       11134.000       11041.000       -3894.000 
-12435  
-1  12  67            1.903          3           2.749         64          63.994          21.395         -61.751       -1096.000        9503.000        2988.000        7729.000        1486.000        4726.000        -845.000        5084.000 
-12435  
-1  22  68          -48.993         12          12.049         64          64.027          21.379         -55.452        1018.000       18075.000        8516.000      -13450.000      -10345.000       10070.000        9954.000       -3538.000 
-12435  
-1  12  69            2.393          3           2.708         64          64.011          20.964         -61.952       -1263.000        9062.000        2512.000        7726.000        1219.000        4945.000       -1476.000        4888.000 
-12435  
-1  22  70          -49.737         12          12.042         64          64.021          21.392         -55.186       -1611.000       18830.000       10856.000      -11886.000      -11184.000        8975.000       11520.000       -1848.000 
-12435  
-1  12  71            1.387          3           2.779         64          64.013          21.028         -61.798       -1808.000        9311.000        2346.000        7489.000        1077.000        4903.000        -756.000        5630.000 
-12435  
-1  22  72          -49.503         12          12.060         64          63.996          21.114         -55.491        2601.000       17877.000        7003.000      -13354.000       -8794.000       11673.000       10482.000       -3987.000 
-12435  
-1  12  73            1.073          3           2.706         64          64.006          20.959         -61.945       -1393.000        9404.000        2416.000        7394.000        1807.000        4531.000        -781.000        5174.000 
-12435  
-1  22  74          -49.090         12          12.049         64          63.999          21.385         -55.455        -886.000       18641.000        8462.000      -11762.000      -11477.000        9320.000       11045.000       -1325.000 
-12435  
-1  12  75            2.067          3           2.746         64          63.990          21.218         -61.629       -1451.000        9430.000        2791.000        7874.000        1076.000        5055.000       -1059.000        5354.000 
-12435  
-1  22  76          -50.907         12          12.054         64          64.015          21.283         -55.372         273.000       18527.000        8000.000      -12599.000      -10413.000       10257.000       10880.000       -4443.000 
-12435  
-1  12  77            1.247          3           2.744         64          64.017          21.460         -61.618       -1574.000        9365.000        2413.000        7900.000        1878.000        4991.000       -1100.000        5458.000 
-12435  
-1  22  78          -49.497         12          12.056         64          63.996          21.208         -55.452        -739.000       18250.000        9433.000      -11683.000      -10545.000        9930.000       11397.000       -1526.000 
-12435  
-1  12  79            1.713          3           2.778         64          63.990          21.093         -61.899       -1385.000        9434.000        2313.000        7545.000        1447.000        4296.000       -1051.000        5419.000 
-12435  
-1  22  80          -49.940         12          12.050         64          63.995          21.722         -55.235        -300.000       19065.000        9136.000      -12157.000      -10711.000       10231.000       11216.000       -2699.000 
-12435  
-1  12  81            2.063          3           2.700         64          64.026          21.615         -61.654       -1300.000        9627.000        2357.000        7991.000        1266.000        4809.000       -1304.000        5085.000 
-12435  
-1  22  82          -50.187         12          12.062         64          64.004          21.634         -55.061        1879.000       19166.000        7756.000      -13910.000       -9652.000       11685.000       10415.000       -4841.000 
-12435  
-1  12  83            1.897          3           2.733         64          63.968          21.062         -62.008       -1423.000        9290.000        2112.000        7374.000        1316.000        4815.000       -1227.000        5056.000 
-12435  
-1  22  84          -49.360         12          12.034         64          64.010          21.473         -55.242        -332.000       18758.000        9159.000      -12297.000      -10436.000       10043.000       12139.000       -1248.000 
-12435  
-1  12  85            1.557          3           2.782         64          63.996          21.557         -61.734       -1375.000        9629.000        2437.000        7749.000        1236.000        4489.000        -719.000        5416.000 
-12435  
-1  22  86          -49.833         12          12.061         64          64.016          21.246         -55.339        2551.000       18046.000        7396.000      -13607.000       -8889.000       11669.000       10887.000       -4381.000 
-12435  
-1  12  87            1.763          3           2.793         64          63.984          21.134         -61.608       -1672.000        9323.000        2603.000        8301.000        1377.000        4568.000       -1042.000        5397.000 
-12435  
-1  22  88          -49.500         12          12.041         64          64.005          21.483         -55.445        -792.000       18470.000        8963.000      -12311.000      -10770.000        9234.000       11140.000       -1909.000 
-12435  
-1  12  89            0.927          3           2.710         64          64.016          21.143         -61.669       -1278.000        9706.000        2523.000        7640.000        2188.000        4843.000        -617.000        5111.000 
-12435  
-1  22  90          -50.180         12          12.048         64          64.013          21.514         -55.442         828.000       18423.000        7439.000      -12836.000       -9664.000       10767.000       11028.000       -3465.000 
-12435  
-1  12  91            1.127          3           2.724         64          63.991          21.006         -61.789       -1749.000        9620.000        2443.000        7512.000        1505.000        4943.000        -828.000        4905.000 
-12435  
-1  22  92          -49.100         12          12.057         64          64.014          21.318         -55.453          57.000       18250.000        9116.000      -11623.000      -10867.000       10217.000       11112.000       -1912.000 
-12435  
-1  12  93            1.673          3           2.765         64          64.010          21.463         -61.576       -1296.000        9685.000        2492.000        8208.000        1543.000        4943.000        -930.000        4822.000 
-12435  
-1  22  94          -50.640         12          12.043         64          63.999          21.600         -55.328       -1399.000       18665.000        8871.000      -11963.000      -10959.000        9266.000       11963.000       -2467.000 
-12435  
-1  12  95            1.277          3           2.723         64          64.013          21.324         -61.705       -1360.000        9409.000        2406.000        7575.000        1399.000        5040.000        -568.000        5683.000 
-12435  
-1  22  96          -49.947         12          12.075         64          64.031          21.382         -55.327        -747.000       18419.000        8986.000      -12031.000      -10507.000       10516.000       11724.000       -1926.000 
-12435  
-1  12  97            1.637          3           2.742         64          63.994          21.170         -61.947        -947.000        9336.000        3011.000        7606.000        1593.000        4633.000        -573.000        4759.000 
-12435  
-1  22  98          -49.420         12          12.056         64          63.998          21.497         -55.220        1366.000       18824.000        7986.000      -13279.000      -10084.000       10541.000       11490.000       -3061.000 
-12435  
-1  12  99            1.940          3           2.778         64          63.983          21.079         -61.683       -1502.000        9111.000        2592.000        7924.000        1247.000        4959.000       -1041.000        5714.000 
-12435  
