-1  22  1          -23.910         12          11.999         64          63.997          39.502         -37.166      103087.000      -51527.000      -26306.000      -99839.000     -140969.000        9275.000       -3661.000      129667.000 
-12435  
-1  12  2          -23.483          4           4.350         64          64.005          35.534         -46.409       29063.000      -12505.000      -12736.000      -25641.000      -51640.000       13167.000       -8185.000       50024.000 
-12435  
-1  22  3          -23.903         12          11.998         64          64.004          39.196         -37.183      105469.000      -47019.000      -20870.000     -100553.000     -139996.000        3070.000      -10029.000      129983.000 
-12435  
-1  12  4          -23.653          4           4.354         64          64.002          35.373         -46.449       28560.000      -14287.000      -14215.000      -24001.000      -50583.000       16765.000       -4964.000       50013.000 
-12435  
-1  22  5          -23.957         12          11.999         64          64.006          39.534         -37.169       98912.000      -60281.000      -34090.000      -96880.000     -138737.000       22192.000        8918.000      130033.000 
-12435  
-1  12  6          -23.223          4           4.358         64          64.007          35.501         -46.458       26166.000      -17111.000      -17245.000      -22542.000      -48877.000       21497.000         133.000       50143.000 
-12435  
-1  22  7          -23.927         12          11.999         64          64.002          39.643         -37.144       94995.000      -65999.000      -40256.000      -94812.000     -137844.000       28335.000       15283.000      130432.000 
-12435  
-1  12  8          -23.250          4           4.357         64          63.998          35.314         -46.396       26533.000      -17493.000      -17040.000      -21969.000      -49887.000       21726.000         494.000       50073.000 
-12435  
-1  22  9          -23.943         12          12.001         64          64.000          39.301         -37.191       96098.000      -63723.000      -37765.000      -94715.000     -137650.000       26837.000       13005.000      129839.000 
-12435  
-1  12  10          -23.250          4           4.360         64          63.996          35.445         -46.439       27332.000      -16200.000      -16268.000      -23224.000      -49895.000       19407.000       -2063.000       49958.000 
-12435  
-1  22  11          -23.870         12          12.000         64          63.996          39.732         -37.162      101691.000      -55212.000      -29558.000      -99399.000     -140266.000       14213.000        -152.000      129456.000 
-12435  
-1  12  12          -23.443          4           4.353         64          64.001          35.345         -46.441       27927.000      -14965.000      -15324.000      -23599.000      -50537.000       17352.000       -3529.000       50130.000 
-12435  
-1  22  13          -23.950         12          12.000         64          64.003          39.504         -37.181      100997.000      -55841.000      -30477.000      -97922.000     -139367.000       16341.000        2764.000      130326.000 
-12435  
-1  12  14          -23.227          4           4.352         64          64.003          35.528         -46.445       27143.000      -16029.000      -15892.000      -23122.000      -50370.000       18756.000       -2067.000       49951.000 
-12435  
-1  22  15          -23.923         12          12.000         64          64.004          39.536         -37.174       90597.000      -71062.000      -44674.000      -91889.000     -135913.000       36389.000       22627.000      128871.000 
-12435  
-1  12  16          -23.253          4           4.356         64          64.002          35.316         -46.449       27307.000      -16614.000      -15787.000      -22959.000      -49634.000       19589.000       -2228.000       50132.000 
-12435  
-1  22  17          -23.933         12          11.998         64          64.002          39.559         -37.150       88489.000      -73870.000      -48168.000      -90601.000     -134765.000       41765.000       26911.000      128495.000 
-12435  
-1  12  18          -23.210          4           4.349         64          64.005          35.347         -46.397       27527.000      -16595.000      -16379.000      -23335.000      -49829.000       19593.000       -2256.000       50310.000 
-12435  
-1  22  19          -23.907         12          12.000         64          64.000          39.547         -37.184      101519.000      -53726.000      -28112.000      -98924.000     -139990.000       12479.000       -1023.000      130196.000 
-12435  
-1  12  20          -23.210          4           4.358         64          64.001          35.307         -46.439       28125.000      -14993.000      -14973.000      -23841.000      -50688.000       16702.000       -4828.000       49991.000 
-12435  
-1  22  21          -23.940         12          12.000         64          64.002          39.633         -37.185       99360.000      -58018.000      -32890.000      -97793.000     -139115.000       18833.000        5586.000      129764.000 
-12435  
-1  12  22          -23.370          4           4.353         64          63.997          35.412         -46.374       28577.000      -14352.000      -14660.000      -24374.000      -50911.000       16370.000       -5600.000       50646.000 
-12435  
-1  22  23          -23.953         12          12.001         64          64.003          39.141         -37.200       99834.000      -57254.000      -32785.000      -97329.000     -138579.000       18402.000        4949.000      129961.000 
-12435  
-1  12  24          -23.280          4           4.354         64          64.000          35.788         -46.405       27206.000      -15768.000      -15660.000      -23475.000      -50336.000       18308.000       -2529.000       50744.000 
-12435  
-1  22  25          -23.943         12          12.001         64          64.004          39.560         -37.186       92070.000      -69904.000      -44661.000      -92551.000     -135259.000       35297.000       21194.000      128594.000 
-12435  
-1  12  26          -23.653          4           4.356         64          64.004          35.338         -46.469       27129.000      -16031.000      -15711.000      -22728.000      -49401.000       20205.000       -1357.000       50229.000 
-12435  
-1  22  27          -23.947         12          12.000         64          64.001          39.331         -37.187      102387.000      -52646.000      -28111.000      -98893.000     -139900.000       12916.000       -1250.000      129912.000 
-12435  
-1  12  28          -23.173          4           4.357         64          64.002          35.534         -46.435       27473.000      -15809.000      -15829.000      -23581.000      -50316.000       18127.000       -3122.000       50054.000 
-12435  
-1  22  29          -23.927         12          12.000         64          63.999          39.412         -37.159      100798.000      -56129.000      -30650.000      -98365.000     -139622.000       15706.000        2190.000      130991.000 
-12435  
-1  12  30          -23.263          4           4.357         64          64.002          35.421         -46.431       28055.000      -15126.000      -15237.000      -23845.000      -50881.000       16941.000       -3856.000       49858.000 
-12435  
-1  22  31          -23.847         12          11.998         64          64.002          39.564         -37.194      102013.000      -51390.000      -25740.000      -99303.000     -141135.000        9191.000       -4536.000      129407.000 
-12435  
-1  12  32          -23.230          4           4.360         64          63.998          35.188         -46.430       27321.000      -15504.000      -15822.000      -23426.000      -50165.000       18769.000       -3277.000       50289.000 
-12435  
-1  22  33          -23.947         12          12.001         64          64.002          39.592         -37.168      103626.000      -51661.000      -26265.000      -98300.000     -140861.000        9629.000       -2871.000      130381.000 
-12435  
-1  12  34          -23.313          4           4.356         64          64.002          35.710         -46.391       28519.000      -14803.000      -15304.000      -24535.000      -50908.000       16964.000       -4528.000       49909.000 
-12435  
-1  22  35          -23.930         12          11.998         64          64.003          39.238         -37.185      102106.000      -53201.000      -28009.000      -98714.000     -139589.000       11851.000       -1262.000      130582.000 
-12435  
-1  12  36          -23.143          4           4.354         64          63.999          35.401         -46.429       27417.000      -15121.000      -14584.000      -23935.000      -51028.000       16964.000       -4888.000       50153.000 
-12435  
-1  22  37          -23.933         12          11.998         64          64.002          39.757         -37.178       98057.000      -60790.000      -35253.000      -96229.000     -138179.000       23216.000        8501.000      130550.000 
-12435  
-1  12  38          -23.147          4           4.354         64          64.001          35.578         -46.425       27641.000      -15331.000      -15018.000      -23580.000      -50781.000       17324.000       -4724.000       50203.000 
-12435  
-1  22  39          -23.940         12          11.999         64          63.999          39.409         -37.188       93684.000      -66566.000      -41719.000      -93569.000     -137175.000       30977.000       17047.000      129025.000 
-12435  
-1  12  40          -23.170          4           4.355         64          64.001          35.445         -46.424       27952.000      -15110.000      -15545.000      -23804.000      -50662.000       16480.000       -4192.000       50299.000 
-12435  
-1  22  41          -23.933         12          12.000         64          64.004          39.352         -37.201       99254.000      -58309.000      -31990.000      -96888.000     -139144.000       19682.000        5514.000      129604.000 
-12435  
-1  12  42          -23.200          4           4.355         64          64.007          35.447         -46.446       27372.000      -15949.000      -15677.000      -23510.000      -50045.000       18486.000       -3026.000       50101.000 
-12435  
-1  22  43          -23.907         12          11.999         64          64.001          39.469         -37.189      102751.000      -50909.000      -25801.000      -99542.000     -140369.000        8162.000       -4385.000      129994.000 
-12435  
-1  12  44          -23.163          4           4.355         64          64.003          35.428         -46.412       27476.000      -15537.000      -15671.000      -23316.000      -50905.000       18122.000       -3464.000       50065.000 
-12435  
-1  22  45          -23.953         12          12.001         64          64.002          39.348         -37.185      103100.000      -52141.000      -27541.000      -99080.000     -139401.000       12412.000       -1754.000      130172.000 
-12435  
-1  12  46          -23.383          4           4.359         64          64.007          35.203         -46.436       27635.000      -15205.000      -15361.000      -23576.000      -50294.000       18360.000       -3418.000       50189.000 
-12435  
-1  22  47          -23.900         12          12.000         64          64.001          39.674         -37.184       91340.000      -70535.000      -43872.000      -92351.000     -135965.000       35715.000       20860.000      128508.000 
-12435  
-1  12  48          -23.210          4           4.351         64          64.003          35.586         -46.410       27371.000      -15262.000      -15105.000      -23602.000      -50870.000       17293.000       -3730.000       50585.000 
-12435  
-1  22  49          -23.923         12          12.003         64          64.004          39.539         -37.179       91206.000      -70402.000      -44390.000      -92460.000     -135557.000       36145.000       21469.000      128880.000 
-12435  
-1  12  50          -23.427          4           4.357         64          63.999          35.478         -46.419       27557.000      -15267.000      -15619.000      -23360.000      -50273.000       18026.000       -2979.000       50695.000 
-12435  
-1  22  51          -23.917         12          12.001         64          63.999          39.648         -37.162       91000.000      -70594.000      -44602.000      -92651.000     -135803.000       36080.000       21658.000      129364.000 
-12435  
-1  12  52          -23.237          4           4.353         64          64.004          35.876         -46.428       27785.000      -14836.000      -15538.000      -23613.000      -50637.000       17658.000       -4289.000       50128.000 
-12435  
-1  22  53          -23.910         12          12.000         64          63.999          39.386         -37.214       96474.000      -61413.000      -35860.000      -95352.000     -138521.000       23077.000        9460.000      129609.000 
-12435  
-1  12  54          -23.220          4           4.351         64          63.998          35.594         -46.404       27259.000      -16756.000      -16319.000      -23098.000      -49580.000       19843.000       -2009.000       50583.000 
-12435  
-1  22  55          -23.937         12          12.000         64          64.001          39.287         -37.194      102656.000      -50891.000      -25760.000      -99715.000     -140249.000        9188.000       -3361.000      129771.000 
-12435  
-1  12  56          -23.353          4           4.354         64          63.998          35.311         -46.426       28289.000      -15723.000      -15653.000      -23632.000      -50070.000       17990.000       -3380.000       50088.000 
-12435  
-1  22  57          -23.953         12          11.997         64          64.000          39.600         -37.192       98612.000      -59597.000      -34569.000      -96512.000     -138064.000       22833.000        7851.000      130140.000 
-12435  
-1  12  58          -23.237          4           4.360         64          64.003          35.462         -46.490       27177.000      -15234.000      -15373.000      -23475.000      -50255.000       18104.000       -3304.000       49736.000 
-12435  
-1  22  59          -23.920         12          11.999         64          64.000          39.421         -37.160      102240.000      -53386.000      -28077.000      -99728.000     -139744.000       12669.000       -1524.000      130716.000 
-12435  
-1  12  60          -23.417          4           4.350         64          64.000          35.473         -46.402       27851.000      -15816.000      -15737.000      -23521.000      -50167.000       19090.000       -2753.000       50259.000 
-12435  
-1  22  61          -23.930         12          11.999         64          64.001          39.531         -37.162      102760.000      -53125.000      -27304.000      -99810.000     -140168.000       11632.000       -1397.000      130038.000 
-12435  
-1  12  62          -23.140          4           4.356         64          63.996          35.398         -46.364       27544.000      -16572.000      -16254.000      -23806.000      -50521.000       18893.000       -2459.000       50249.000 
-12435  
-1  22  63          -23.907         12          11.995         64          64.001          39.518         -37.176       98659.000      -59560.000      -34564.000      -96514.000     -139543.000       20664.000        6350.000      129833.000 
-12435  
-1  12  64          -23.123          4           4.351         64          64.005          35.476         -46.415       27118.000      -16286.000      -16676.000      -22986.000      -50047.000       19181.000       -2335.000       50348.000 
-12435  
-1  22  65          -23.887         12          11.999         64          64.002          39.293         -37.190      102354.000      -53055.000      -27043.000      -99157.000     -140176.000       11527.000       -2524.000      129454.000 
-12435  
-1  12  66          -23.250          4           4.359         64          63.997          35.584         -46.444       27782.000      -14654.000      -15095.000      -23690.000      -51041.000       17458.000       -4425.000       49668.000 
-12435  
-1  22  67          -23.933         12          12.002         64          63.997          39.510         -37.151       90769.000      -71803.000      -46037.000      -91917.000     -136014.000       37751.000       23531.000      128464.000 
-12435  
-1  12  68          -23.327          4           4.357         64          63.998          35.531         -46.438       28095.000      -14627.000      -14546.000      -24250.000      -50297.000       15996.000       -5091.000       50671.000 
-12435  
-1  22  69          -23.940         12          11.998         64          64.003          39.507         -37.186       98069.000      -59614.000      -35074.000      -96854.000     -139126.000       21909.000        7946.000      129498.000 
-12435  
-1  12  70          -23.657          4           4.354         64          64.005          35.406         -46.379       28607.000      -14353.000      -14943.000      -24104.000      -50796.000       16447.000       -4599.000       50790.000 
-12435  
-1  22  71          -23.937         12          11.999         64          64.004          39.643         -37.188      104483.000      -48863.000      -23765.000      -99561.000     -140354.000        6042.000       -6522.000      129839.000 
-12435  
-1  12  72          -23.347          4           4.359         64          63.998          35.438         -46.459       26669.000      -16141.000      -17031.000      -22922.000      -49265.000       20676.000        -806.000       50038.000 
-12435  
-1  22  73          -23.897         12          11.999         64          64.002          39.343         -37.158       99393.000      -58790.000      -32466.000      -97619.000     -139644.000       18899.000        4800.000      130557.000 
-12435  
-1  12  74          -23.137          4           4.359         64          64.000          35.840         -46.371       27294.000      -15837.000      -15891.000      -23904.000      -50938.000       18005.000       -2919.000       50454.000 
-12435  
-1  22  75          -23.890         12          11.999         64          64.001          39.915         -37.172      102461.000      -52389.000      -26260.000      -99716.000     -140272.000       10603.000       -3359.000      130282.000 
-12435  
-1  12  76          -23.560          4           4.355         64          64.002          35.513         -46.420       27743.000      -15383.000      -15497.000      -23328.000      -50442.000       18734.000       -2730.000       50168.000 
-12435  
-1  22  77          -23.930         12          11.999         64          63.996          39.377         -37.172       99345.000      -59669.000      -34074.000      -96349.000     -139327.000       20908.000        6695.000      129934.000 
-12435  
-1  12  78          -23.230          4           4.356         64          64.007          35.482         -46.443       27607.000      -16119.000      -16375.000      -22978.000      -49631.000       19045.000       -2663.000       50221.000 
-12435  
-1  22  79          -23.927         12          11.998         64          63.999          39.546         -37.182      100478.000      -56627.000      -30871.000      -97564.000     -139913.000       17156.000        3051.000      129828.000 
-12435  
-1  12  80          -23.440          4           4.351         64          64.004          35.339         -46.429       28295.000      -14488.000      -15156.000      -24204.000      -50448.000       17210.000       -4640.000       50070.000 
-12435  
-1  22  81          -23.910         12          12.001         64          64.001          39.433         -37.188      102231.000      -53459.000      -27415.000      -98417.000     -139634.000       11087.000       -1743.000      130571.000 
-12435  
-1  12  82          -23.590          4           4.355         64          64.002          35.371         -46.455       27425.000      -14581.000      -15495.000      -23605.000      -50083.000       18202.000       -3336.000       50399.000 
-12435  
-1  22  83          -23.933         12          11.998         64          63.999          39.362         -37.217       97568.000      -61483.000      -35562.000      -96063.000     -137881.000       23677.000        9670.000      128716.000 
-12435  
-1  12  84          -23.623          4           4.356         64          64.003          35.286         -46.455       28140.000      -14807.000      -15069.000      -22895.000      -50398.000       17359.000       -3824.000       50345.000 
-12435  
-1  22  85          -23.877         12          11.998         64          64.004          39.439         -37.167      102491.000      -52402.000      -25987.000      -99962.000     -140362.000        9073.000       -3407.000      130408.000 
-12435  
-1  12  86          -23.243          4           4.357         64          64.008          35.848         -46.474       27460.000      -15275.000      -15627.000      -23088.000      -50176.000       18185.000       -3524.000       49960.000 
-12435  
-1  22  87          -23.950         12          11.997         64          64.002          39.250         -37.180      100188.000      -57466.000      -32264.000      -97073.000     -139320.000       19013.000        4878.000      130159.000 
-12435  
-1  12  88          -23.233          4           4.357         64          64.005          35.633         -46.366       27653.000      -16086.000      -15869.000      -23524.000      -50718.000       18854.000       -2697.000       50367.000 
-12435  
-1  22  89          -23.940         12          12.001         64          64.003          39.545         -37.165      101579.000      -54907.000      -29414.000      -98740.000     -139667.000       15016.000        1120.000      130632.000 
-12435  
-1  12  90          -23.170          4           4.358         64          64.006          35.508         -46.453       27115.000      -16187.000      -15966.000      -23225.000      -50316.000       19298.000       -2338.000       49545.000 
-12435  
-1  22  91          -23.930         12          12.002         64          64.001          39.418         -37.208       97881.000      -59994.000      -34793.000      -96214.000     -137898.000       22380.000        7632.000      130070.000 
-12435  
-1  12  92          -23.243          4           4.350         64          64.006          35.645         -46.461       27008.000      -16016.000      -15473.000      -23220.000      -50075.000       18811.000       -2442.000       50122.000 
-12435  
-1  22  93          -23.943         12          11.994         64          63.999          39.691         -37.220      101866.000      -52501.000      -28124.000      -99019.000     -138680.000       11568.000       -1215.000      129914.000 
-12435  
-1  12  94          -23.437          4           4.350         64          64.010          35.367         -46.412       28007.000      -15168.000      -15432.000      -23259.000      -50296.000       17630.000       -3698.000       50756.000 
-12435  
-1  22  95          -23.947         12          12.001         64          63.999          39.369         -37.162      100183.000      -56864.000      -30987.000      -98016.000     -140052.000       17061.000        4306.000      130489.000 
-12435  
-1  12  96          -23.287          4           4.353         64          64.005          35.458         -46.463       27787.000      -15250.000      -15592.000      -23493.000      -50309.000       17833.000       -3475.000       49798.000 
-12435  
-1  22  97          -23.940         12          11.997         64          64.002          39.573         -37.203       98206.000      -59498.000      -33886.000      -96102.000     -139104.000       21412.000        7561.000      129566.000 
-12435  
-1  12  98          -23.253          4           4.357         64          63.997          35.273         -46.450       27426.000      -15175.000      -15358.000      -23543.000      -50592.000       18008.000       -3503.000       49927.000 
-12435  
-1  22  99          -23.887         12          12.000         64          64.002          39.472         -37.180      100735.000      -56108.000      -29662.000      -98356.000     -139670.000       15017.000        1226.000      130190.000 
-12435  
