-1  12  1           -8.007          4           4.407         64          63.991          33.317         -48.877        8436.000      -37080.000      -13118.000      -25316.000      -26161.000      -22943.000      -24847.000       -2920.000 
-12435  
-1  22  2           -9.000         12          12.015         64          63.997          42.090         -34.418       69320.000      171314.000      132860.000       45342.000      186284.000       -4515.000      127369.000      -97707.000 
-12435  
-1  12  3           -8.007          4           4.414         64          64.001          33.150         -48.951       11738.000      -36549.000      -10394.000      -26198.000      -23304.000      -24962.000      -23858.000       -4787.000 
-12435  
-1  22  4           -9.000         12          12.013         64          64.003          42.104         -34.441       64372.000      173630.000      130689.000       49272.000      186269.000         428.000      129188.000      -92521.000 
-12435  
-1  12  5           -8.010          4           4.405         64          64.002          32.782         -48.908        8762.000      -37213.000      -13031.000      -25387.000      -25331.000      -23079.000      -24678.000       -2623.000 
-12435  
-1  22  6           -9.000         12          12.013         64          64.005          42.026         -34.448       78778.000      166457.000      134596.000       38019.000      186099.000      -15260.000      120633.000     -103298.000 
-12435  
-1  12  7           -8.003          4           4.412         64          64.010          33.079         -48.903        4911.000      -37991.000      -15636.000      -24051.000      -27807.000      -20539.000      -24199.000        -187.000 
-12435  
-1  22  8           -9.000         12          12.013         64          64.005          42.057         -34.415       74605.000      169424.000      133507.000       41587.000      186661.000       -9779.000      124183.000     -101193.000 
-12435  
-1  12  9           -8.007          4           4.411         64          63.989          33.032         -48.989        8104.000      -37141.000      -13481.000      -24915.000      -25605.000      -22138.000      -24325.000       -2388.000 
-12435  
-1  22  10           -9.000         12          12.015         64          63.997          42.004         -34.408       79592.000      167778.000      135458.000       37663.000      185788.000      -15017.000      121290.000     -104340.000 
-12435  
-1  12  11           -8.020          4           4.415         64          64.000          33.003         -48.957        8757.000      -36996.000      -13128.000      -24803.000      -25877.000      -22818.000      -24313.000       -2560.000 
-12435  
-1  22  12           -9.000         12          12.014         64          63.999          42.057         -34.427       70770.000      170725.000      133124.000       44992.000      186229.000       -6538.000      126402.000      -97475.000 
-12435  
-1  12  13           -8.003          4           4.413         64          63.999          33.480         -48.868       10396.000      -37260.000      -11863.000      -26011.000      -24681.000      -24110.000      -24147.000       -4035.000 
-12435  
-1  22  14           -9.000         12          12.012         64          63.999          42.383         -34.431       72209.000      169807.000      134134.000       43248.000      186299.000       -7389.000      124693.000      -98847.000 
-12435  
-1  12  15           -8.000          4           4.409         64          64.008          33.113         -48.885        9124.000      -37883.000      -13238.000      -24785.000      -25183.000      -23469.000      -24246.000       -2632.000 
-12435  
-1  22  16           -9.000         12          12.014         64          64.005          42.112         -34.450       65807.000      171685.000      130819.000       48523.000      185988.000         -53.000      129272.000      -94434.000 
-12435  
-1  12  17           -7.987          4           4.414         64          64.005          32.987         -48.878        6645.000      -37497.000      -14188.000      -25083.000      -26579.000      -22327.000      -24619.000       -1727.000 
-12435  
-1  22  18           -9.000         12          12.012         64          64.002          42.002         -34.440       69563.000      170645.000      132965.000       45947.000      185853.000       -4530.000      126906.000      -96620.000 
-12435  
-1  12  19           -7.963          4           4.402         64          63.997          33.340         -48.909        7426.000      -37791.000      -13567.000      -24923.000      -25840.000      -22758.000      -24159.000       -2683.000 
-12435  
-1  22  20           -9.000         12          12.012         64          64.003          42.158         -34.421       78709.000      167723.000      135100.000       37907.000      185649.000      -14894.000      121287.000     -104104.000 
-12435  
-1  12  21           -8.003          4           4.405         64          63.996          33.004         -48.850        7910.000      -37689.000      -13567.000      -25121.000      -26170.000      -22901.000      -24677.000       -2225.000 
-12435  
-1  22  22           -9.000         12          12.014         64          64.001          42.000         -34.446       71304.000      170532.000      133072.000       44136.000      184719.000       -6491.000      126224.000      -98367.000 
-12435  
-1  12  23           -8.010          4           4.408         64          63.999          32.997         -48.916        9217.000      -37585.000      -12144.000      -25725.000      -25042.000      -23317.000      -23926.000       -2934.000 
-12435  
-1  22  24           -9.000         12          12.014         64          64.000          42.276         -34.418       61269.000      175200.000      130329.000       52301.000      186740.000        5289.000      130368.000      -90972.000 
-12435  
-1  12  25           -8.007          4           4.408         64          63.996          33.146         -48.940        6712.000      -37917.000      -14146.000      -24402.000      -26657.000      -21401.000      -24232.000       -1444.000 
-12435  
-1  22  26           -9.000         12          12.014         64          64.004          42.110         -34.443       71333.000      170266.000      133244.000       43721.000      186111.000       -6427.000      125191.000      -97864.000 
-12435  
-1  12  27           -8.020          4           4.409         64          64.000          32.832         -48.858        9168.000      -37606.000      -12954.000      -25443.000      -25956.000      -22965.000      -24295.000       -2884.000 
-12435  
-1  22  28           -9.000         12          12.014         64          63.999          42.001         -34.439       63924.000      173678.000      130922.000       50274.000      185114.000        2152.000      130775.000      -92150.000 
-12435  
-1  12  29           -8.017          4           4.422         64          64.006          33.029         -48.952        8557.000      -37642.000      -12945.000      -24846.000      -25450.000      -22720.000      -24116.000       -2247.000 
-12435  
-1  22  30           -9.000         12          12.013         64          64.002          42.230         -34.430       78957.000      168017.000      134067.000       39029.000      185215.000      -13666.000      122141.000     -103202.000 
-12435  
-1  12  31           -7.950          4           4.406         64          63.996          33.043         -48.878        7705.000      -37493.000      -14296.000      -24783.000      -25974.000      -23196.000      -24350.000       -2311.000 
-12435  
-1  22  32           -9.000         12          12.014         64          64.000          42.339         -34.428       74552.000      169362.000      133640.000       42273.000      185630.000      -10002.000      124462.000     -100686.000 
-12435  
-1  12  33           -8.010          4           4.410         64          63.995          32.882         -48.922        7294.000      -37979.000      -13218.000      -24512.000      -26516.000      -22236.000      -24110.000       -1741.000 
-12435  
-1  22  34           -9.000         12          12.013         64          64.005          42.074         -34.425       85568.000      163962.000      136561.000       33333.000      185913.000      -20868.000      116576.000     -107730.000 
-12435  
-1  12  35           -8.003          4           4.412         64          64.000          32.905         -48.957        8401.000      -37298.000      -12874.000      -25379.000      -25227.000      -22957.000      -24074.000       -2549.000 
-12435  
-1  22  36           -9.000         12          12.013         64          64.003          42.251         -34.440       63292.000      173202.000      130804.000       51007.000      186256.000        1675.000      129883.000      -92080.000 
-12435  
-1  12  37           -8.043          4           4.412         64          64.001          32.816         -48.928        8244.000      -37622.000      -13758.000      -24989.000      -25784.000      -22270.000      -24228.000       -1523.000 
-12435  
-1  22  38           -9.003         12          12.013         64          64.002          41.930         -34.430       73148.000      170157.000      134058.000       42879.000      186373.000       -8941.000      123280.000      -99504.000 
-12435  
-1  12  39           -7.997          4           4.405         64          64.009          33.247         -48.891        6777.000      -38334.000      -14622.000      -24186.000      -26830.000      -20992.000      -24553.000       -2186.000 
-12435  
-1  22  40           -9.000         12          12.014         64          64.001          41.964         -34.435       72268.000      170302.000      133499.000       43547.000      186001.000       -6611.000      124360.000      -99204.000 
-12435  
-1  12  41           -8.010          4           4.410         64          64.003          32.887         -48.933        7890.000      -37680.000      -13625.000      -24486.000      -26330.000      -22256.000      -24129.000       -2148.000 
-12435  
-1  22  42           -9.000         12          12.014         64          64.002          42.284         -34.428       60014.000      175438.000      129755.000       53631.000      185690.000        6280.000      132442.000      -89036.000 
-12435  
-1  12  43           -8.037          4           4.413         64          63.999          32.937         -48.965        7647.000      -37650.000      -13898.000      -24590.000      -26513.000      -21489.000      -23928.000       -1575.000 
-12435  
-1  22  44           -9.000         12          12.015         64          64.000          42.233         -34.439       59759.000      174367.000      129502.000       52944.000      186685.000        6572.000      131818.000      -89252.000 
-12435  
-1  12  45           -7.990          4           4.409         64          64.006          32.950         -48.865        8366.000      -37622.000      -12755.000      -25496.000      -25445.000      -23382.000      -24595.000       -3056.000 
-12435  
-1  22  46           -9.000         12          12.011         64          64.001          42.331         -34.419       61394.000      174595.000      130460.000       51792.000      185958.000        4842.000      132662.000      -90351.000 
-12435  
-1  12  47           -7.993          4           4.408         64          64.002          32.994         -48.879        7369.000      -37848.000      -13486.000      -24893.000      -26278.000      -22504.000      -24561.000       -2326.000 
-12435  
-1  22  48           -9.000         12          12.012         64          64.001          42.264         -34.438       74135.000      168857.000      134039.000       42097.000      185964.000       -9838.000      124161.000      -99865.000 
-12435  
-1  12  49           -7.983          4           4.409         64          63.996          33.227         -48.886        6543.000      -37823.000      -14262.000      -24953.000      -26504.000      -22322.000      -24178.000       -1441.000 
-12435  
-1  22  50           -9.000         12          12.012         64          64.000          41.945         -34.424       76898.000      168657.000      134319.000       40612.000      185829.000      -11509.000      123019.000     -101721.000 
-12435  
-1  12  51           -8.013          4           4.408         64          64.004          33.131         -48.972        6964.000      -37603.000      -14217.000      -24411.000      -26299.000      -21595.000      -24224.000       -1327.000 
-12435  
-1  22  52           -9.000         12          12.015         64          63.998          41.892         -34.432       69245.000      171246.000      132518.000       46155.000      186417.000       -3799.000      127093.000      -96160.000 
-12435  
-1  12  53           -8.010          4           4.408         64          64.003          33.119         -48.920        7482.000      -37522.000      -13891.000      -24693.000      -26499.000      -22009.000      -24453.000       -1975.000 
-12435  
-1  22  54           -8.997         12          12.011         64          63.998          42.263         -34.457       55638.000      176373.000      127430.000       56894.000      185220.000       11618.000      134239.000      -84689.000 
-12435  
-1  12  55           -8.003          4           4.406         64          63.999          32.989         -48.952        8009.000      -37199.000      -13793.000      -24915.000      -25761.000      -22354.000      -24440.000       -2328.000 
-12435  
-1  22  56           -9.000         12          12.014         64          64.003          41.939         -34.440       76614.000      167441.000      134480.000       39387.000      186191.000      -12240.000      122459.000     -101995.000 
-12435  
-1  12  57           -7.987          4           4.411         64          63.999          33.195         -48.894        9813.000      -37369.000      -12486.000      -25782.000      -24900.000      -24046.000      -23577.000       -3466.000 
-12435  
-1  22  58           -9.000         12          12.012         64          63.999          41.937         -34.438       83828.000      164535.000      135736.000       34654.000      185205.000      -19980.000      118237.000     -106771.000 
-12435  
-1  12  59           -8.027          4           4.408         64          64.010          33.139         -48.827       11091.000      -37120.000      -11645.000      -26020.000      -24702.000      -24547.000      -24527.000       -3869.000 
-12435  
-1  22  60           -9.000         12          12.013         64          64.005          41.999         -34.438       70999.000      169533.000      133215.000       43961.000      186541.000       -7167.000      126052.000      -98105.000 
-12435  
-1  12  61           -7.997          4           4.410         64          63.989          33.090         -48.883        7989.000      -37971.000      -13124.000      -25259.000      -25962.000      -22899.000      -23869.000       -2430.000 
-12435  
-1  22  62           -9.000         12          12.014         64          64.002          42.067         -34.434       75860.000      168117.000      134648.000       40160.000      185822.000      -12315.000      123167.000     -101555.000 
-12435  
-1  12  63           -7.993          4           4.411         64          64.003          33.133         -48.999        7694.000      -37468.000      -13324.000      -24530.000      -25699.000      -22380.000      -23922.000       -2409.000 
-12435  
-1  22  64           -9.000         12          12.014         64          64.003          41.865         -34.408       70571.000      172281.000      131701.000       45264.000      186461.000       -4385.000      127639.000      -97304.000 
-12435  
-1  12  65           -8.023          4           4.413         64          64.002          32.901         -48.963        8879.000      -37841.000      -13160.000      -24921.000      -25336.000      -22518.000      -23577.000       -2196.000 
-12435  
-1  22  66           -9.000         12          12.014         64          64.003          42.038         -34.424       72424.000      170723.000      133268.000       44024.000      185964.000       -7772.000      125171.000      -98916.000 
-12435  
-1  12  67           -8.003          4           4.415         64          64.014          33.421         -48.937        8507.000      -37235.000      -12475.000      -25357.000      -25326.000      -23309.000      -24289.000       -2696.000 
-12435  
-1  22  68           -9.000         12          12.013         64          64.001          42.111         -34.430       61547.000      174384.000      130343.000       52275.000      185942.000        5019.000      130871.000      -91471.000 
-12435  
-1  12  69           -8.030          4           4.411         64          64.001          33.353         -48.885        6426.000      -37991.000      -14132.000      -25025.000      -26617.000      -21917.000      -24253.000        -493.000 
-12435  
-1  22  70           -9.000         12          12.013         64          64.002          42.074         -34.439       71878.000      170180.000      133798.000       42964.000      184952.000       -7373.000      126164.000      -98711.000 
-12435  
-1  12  71           -8.010          4           4.403         64          64.003          33.072         -48.890        7188.000      -37650.000      -13692.000      -24899.000      -26268.000      -22623.000      -24546.000       -1418.000 
-12435  
-1  22  72           -9.000         12          12.014         64          63.999          42.243         -34.424       70350.000      171224.000      132473.000       44928.000      186189.000       -4823.000      126715.000      -97926.000 
-12435  
-1  12  73           -8.000          4           4.411         64          63.999          32.853         -48.880        8048.000      -37628.000      -13229.000      -25278.000      -25727.000      -22942.000      -24582.000       -2367.000 
-12435  
-1  22  74           -9.000         12          12.014         64          63.999          42.347         -34.428       87181.000      163086.000      137033.000       30950.000      184690.000      -23727.000      115429.000     -110207.000 
-12435  
-1  12  75           -8.003          4           4.412         64          64.004          33.230         -48.856        8158.000      -37921.000      -13149.000      -25164.000      -26196.000      -22773.000      -24363.000       -2544.000 
-12435  
-1  22  76           -9.000         12          12.013         64          64.002          42.415         -34.427       81535.000      166154.000      135372.000       36402.000      185609.000      -17401.000      119624.000     -105540.000 
-12435  
-1  12  77           -8.007          4           4.409         64          64.002          32.967         -48.895        8219.000      -37702.000      -13262.000      -24915.000      -26610.000      -22563.000      -23841.000       -2658.000 
-12435  
-1  22  78           -9.000         12          12.014         64          64.003          42.179         -34.412       93994.000      160155.000      137632.000       26319.000      183757.000      -30786.000      112730.000     -113801.000 
-12435  
-1  12  79           -7.997          4           4.408         64          64.007          33.041         -48.977        7202.000      -37250.000      -12765.000      -25038.000      -26104.000      -22503.000      -24079.000       -2313.000 
-12435  
-1  22  80           -9.000         12          12.012         64          64.003          41.837         -34.455       65260.000      172722.000      130641.000       49014.000      185875.000         982.000      129100.000      -92746.000 
-12435  
-1  12  81           -8.007          4           4.410         64          64.000          32.901         -48.887        8526.000      -37349.000      -12751.000      -25719.000      -25478.000      -23021.000      -24659.000       -2751.000 
-12435  
-1  22  82           -9.000         12          12.015         64          64.000          42.040         -34.414       59677.000      175028.000      129448.000       53680.000      186657.000        6583.000      132655.000      -90219.000 
-12435  
-1  12  83           -8.033          4           4.407         64          64.004          32.855         -48.947        9085.000      -36849.000      -12631.000      -25388.000      -25845.000      -23291.000      -23826.000       -2650.000 
-12435  
-1  22  84           -9.000         12          12.012         64          64.001          42.059         -34.425       66524.000      173220.000      131466.000       49402.000      185923.000         906.000      128882.000      -93989.000 
-12435  
-1  12  85           -8.000          4           4.414         64          64.001          32.940         -48.919        8932.000      -37125.000      -13122.000      -25612.000      -25507.000      -23158.000      -23958.000       -2913.000 
-12435  
-1  22  86           -9.000         12          12.012         64          64.004          42.040         -34.437       76751.000      168341.000      134397.000       40136.000      185672.000      -12559.000      122732.000     -101207.000 
-12435  
-1  12  87           -7.993          4           4.406         64          64.004          32.950         -48.876        7771.000      -37948.000      -13870.000      -25011.000      -25848.000      -22737.000      -24255.000       -2045.000 
-12435  
-1  22  88           -9.000         12          12.012         64          64.003          42.140         -34.424       75417.000      168895.000      134232.000       41304.000      185752.000      -10073.000      124255.000     -101022.000 
-12435  
-1  12  89           -7.977          4           4.407         64          63.997          32.867         -48.923        6644.000      -37701.000      -13835.000      -24538.000      -26594.000      -22172.000      -24274.000       -2229.000 
-12435  
-1  22  90           -9.000         12          12.012         64          64.002          42.017         -34.430       66435.000      173131.000      131649.000       48245.000      185856.000       -1136.000      128079.000      -95013.000 
-12435  
-1  12  91           -7.977          4           4.412         64          63.998          32.856         -48.922        7287.000      -37925.000      -14232.000      -24429.000      -26354.000      -21882.000      -24141.000       -2595.000 
-12435  
-1  22  92           -8.997         12          12.013         64          64.001          42.232         -34.417       75379.000      168563.000      134442.000       41295.000      186608.000      -10039.000      124223.000     -100734.000 
-12435  
-1  12  93           -8.013          4           4.403         64          64.000          32.961         -48.895        8047.000      -37489.000      -12923.000      -24837.000      -26085.000      -23071.000      -24637.000       -2142.000 
-12435  
-1  22  94           -9.000         12          12.014         64          64.000          42.423         -34.427       61756.000      175387.000      129766.000       51386.000      186896.000        4615.000      130286.000      -90066.000 
-12435  
-1  12  95           -8.003          4           4.412         64          63.999          32.892         -48.890        8147.000      -37172.000      -12931.000      -25421.000      -26195.000      -23028.000      -24441.000       -2726.000 
-12435  
-1  22  96           -9.000         12          12.013         64          64.002          42.334         -34.424       72752.000      170295.000      133478.000       43431.000      185308.000       -6545.000      126397.000      -99106.000 
-12435  
-1  12  97           -8.020          4           4.408         64          64.013          33.044         -48.934        9778.000      -36881.000      -12533.000      -25674.000      -24688.000      -23819.000      -24182.000       -2916.000 
-12435  
-1  22  98           -9.000         12          12.015         64          64.000          42.179         -34.440       74634.000      169390.000      133563.000       41866.000      185337.000      -10360.000      123622.000     -100885.000 
-12435  
-1  12  99           -7.990          4           4.411         64          63.999          33.091         -48.883        7880.000      -37976.000      -13584.000      -25592.000      -25932.000      -22604.000      -23599.000       -2364.000 
-12435  
