-1  22  1          -38.883         12          12.243         64          63.993          23.653         -52.984       21140.000      -10723.000      -20195.000       -7876.000        7770.000       18194.000        6967.000      -10919.000 
-12435  
-1  12  2          -42.027          4           4.051         64          63.986          26.402         -55.670      -10465.000       -5513.000        1814.000       19744.000        7280.000       -7324.000      -12039.000        8515.000 
-12435  
-1  22  3          -38.123         12          12.247         64          63.997          23.725         -53.004       22637.000       -4868.000      -18358.000      -12805.000        2389.000       19771.000        8797.000       -8502.000 
-12435  
-1  12  4          -41.740          4           4.051         64          63.992          26.133         -55.594       -9182.000       -7381.000        -629.000       20429.000        8728.000       -6326.000      -12279.000        6981.000 
-12435  
-1  22  5          -38.813         12          12.255         64          64.006          23.648         -53.160       21924.000       -6122.000      -18560.000      -10722.000        4415.000       19633.000        7652.000       -9305.000 
-12435  
-1  12  6          -41.927          4           4.069         64          64.016          26.372         -55.663      -10901.000       -5562.000        2482.000       19754.000        7273.000       -7165.000      -11513.000        8683.000 
-12435  
-1  22  7          -38.023         12          12.234         64          64.005          23.627         -53.051       22537.000       -6655.000      -18334.000      -11483.000        3567.000       19727.000        8314.000       -8670.000 
-12435  
-1  12  8          -42.677          4           4.039         64          64.009          26.199         -55.768      -11011.000       -4086.000        4757.000       18909.000        5360.000       -8204.000      -10913.000       10229.000 
-12435  
-1  22  9          -38.793         12          12.235         64          64.024          23.649         -53.035       21690.000      -10502.000      -19963.000       -7584.000        7673.000       18459.000        6190.000       -9870.000 
-12435  
-1  12  10          -41.853          4           4.035         64          64.015          26.114         -55.692      -11022.000       -4483.000        3940.000       20014.000        5747.000       -7612.000      -10945.000        9183.000 
-12435  
-1  22  11          -38.013         12          12.225         64          63.998          23.443         -53.097       21781.000       -6148.000      -19353.000      -10798.000        5226.000       19561.000        8438.000       -8076.000 
-12435  
-1  12  12          -42.093          4           4.083         64          64.008          26.327         -55.658      -10316.000       -6024.000        1563.000       19866.000        7488.000       -7258.000      -11915.000        8303.000 
-12435  
-1  22  13          -38.183         12          12.246         64          63.999          23.660         -53.033       22281.000       -5760.000      -18245.000      -11517.000        3420.000       20232.000        8688.000       -9016.000 
-12435  
-1  12  14          -42.227          4           4.071         64          64.001          26.270         -55.605      -10005.000       -6541.000        1187.000       19966.000        7675.000       -7536.000      -12157.000        7973.000 
-12435  
-1  22  15          -38.107         12          12.235         64          64.016          23.791         -53.117       21984.000       -6003.000      -18861.000      -10143.000        4425.000       19499.000        9607.000       -8530.000 
-12435  
-1  12  16          -42.303          4           4.083         64          64.014          26.373         -55.617      -10711.000       -5871.000        2767.000       19862.000        7044.000       -7531.000      -11438.000        8889.000 
-12435  
-1  22  17          -38.917         12          12.235         64          63.999          23.945         -53.112       22452.000       -7021.000      -19276.000       -9609.000        5577.000       18882.000        7659.000       -9002.000 
-12435  
-1  12  18          -41.970          4           4.050         64          63.998          26.355         -55.622      -11221.000       -4431.000        3938.000       19645.000        6300.000       -7920.000      -11212.000        9563.000 
-12435  
-1  22  19          -38.017         12          12.240         64          63.997          23.510         -53.155       21976.000       -7376.000      -19176.000       -9680.000        5079.000       19404.000        7699.000       -8311.000 
-12435  
-1  12  20          -41.953          4           4.045         64          63.998          26.496         -55.519      -11440.000       -4915.000        3120.000       20178.000        6666.000       -7291.000      -11420.000        9346.000 
-12435  
-1  22  21          -37.960         12          12.224         64          63.991          24.330         -53.009       21586.000       -9080.000      -20206.000       -9494.000        6139.000       19346.000        6521.000       -8956.000 
-12435  
-1  12  22          -42.273          4           4.089         64          63.987          26.312         -55.555      -10988.000       -5821.000        2576.000       19879.000        7281.000       -7719.000      -11253.000        9188.000 
-12435  
-1  22  23          -38.707         12          12.233         64          64.008          23.724         -53.062       22226.000       -7201.000      -17982.000      -11266.000        4328.000       19492.000        8537.000       -9733.000 
-12435  
-1  12  24          -42.263          4           4.080         64          63.998          26.413         -55.506      -10946.000       -6114.000        2482.000       20021.000        7180.000       -7346.000      -12169.000        8493.000 
-12435  
-1  22  25          -38.237         12          12.236         64          64.011          23.701         -52.936       22377.000       -5852.000      -18513.000      -11307.000        3703.000       20498.000        9127.000       -9256.000 
-12435  
-1  12  26          -42.827          4           4.065         64          64.007          26.606         -55.657      -10797.000       -5877.000        2501.000       19735.000        6602.000       -7295.000      -11486.000        9166.000 
-12435  
-1  22  27          -38.003         12          12.250         64          64.014          23.598         -53.175       21751.000       -6536.000      -18905.000      -11566.000        4489.000       19103.000        7867.000       -8276.000 
-12435  
-1  12  28          -42.457          4           4.046         64          63.999          26.462         -55.538      -10571.000       -5045.000        2561.000       20059.000        6836.000       -7763.000      -11592.000        9796.000 
-12435  
-1  22  29          -38.523         12          12.220         64          63.998          23.351         -53.074       21870.000       -8321.000      -19561.000       -9093.000        6458.000       18767.000        7883.000       -9449.000 
-12435  
-1  12  30          -41.680          4           4.024         64          63.997          26.111         -55.768      -10834.000       -4875.000        3550.000       19460.000        7280.000       -6930.000      -10936.000        9212.000 
-12435  
-1  22  31          -38.320         12          12.264         64          63.999          23.314         -53.202       21947.000       -5664.000      -18268.000      -11360.000        4545.000       19658.000        7562.000       -8491.000 
-12435  
-1  12  32          -42.123          4           4.070         64          64.010          26.075         -55.751      -10593.000       -5879.000        2238.000       19514.000        6982.000       -7539.000      -11620.000        8242.000 
-12435  
-1  22  33          -37.843         12          12.239         64          63.996          23.611         -53.143       21709.000       -7356.000      -19338.000      -10064.000        5498.000       19662.000        7595.000       -7644.000 
-12435  
-1  12  34          -42.440          4           4.079         64          63.997          26.787         -55.503      -10619.000       -6190.000        3008.000       19939.000        6899.000       -8501.000      -11655.000        8791.000 
-12435  
-1  22  35          -38.780         12          12.223         64          64.009          23.517         -53.114       22227.000       -4862.000      -18258.000      -11174.000        3919.000       19950.000        8946.000       -8640.000 
-12435  
-1  12  36          -42.127          4           4.073         64          64.013          26.277         -55.708      -11056.000       -5188.000        3219.000       19887.000        6308.000       -7265.000      -10926.000        9085.000 
-12435  
-1  22  37          -38.017         12          12.229         64          63.998          23.601         -53.221       21232.000       -7590.000      -18699.000       -9765.000        6211.000       19480.000        7736.000       -8665.000 
-12435  
-1  12  38          -42.180          4           4.047         64          63.998          26.444         -55.637      -10773.000       -4987.000        2951.000       19787.000        6519.000       -7539.000      -11842.000        9099.000 
-12435  
-1  22  39          -38.017         12          12.254         64          64.001          23.500         -53.151       21853.000       -5897.000      -18683.000      -11147.000        3597.000       19459.000        9145.000       -8369.000 
-12435  
-1  12  40          -41.887          4           4.089         64          63.995          26.644         -55.410      -11001.000       -5559.000        2186.000       20484.000        7409.000       -7358.000      -12060.000        8900.000 
-12435  
-1  22  41          -38.023         12          12.235         64          63.986          23.792         -53.353       21194.000       -6301.000      -18134.000      -11004.000        4159.000       19394.000        7630.000       -8418.000 
-12435  
-1  12  42          -42.070          4           4.061         64          64.009          26.419         -55.630      -10504.000       -5722.000        2139.000       19706.000        7423.000       -7969.000      -11561.000        8755.000 
-12435  
-1  22  43          -38.030         12          12.238         64          64.002          23.510         -53.143       22073.000       -6205.000      -18259.000      -11044.000        3861.000       20032.000        8123.000       -8393.000 
-12435  
-1  12  44          -42.577          4           4.071         64          64.000          26.446         -55.615      -10464.000       -5606.000        2641.000       19694.000        7049.000       -7593.000      -11814.000        9237.000 
-12435  
-1  22  45          -38.107         12          12.267         64          64.005          23.499         -53.310       21376.000       -7778.000      -19294.000       -8924.000        6908.000       18426.000        7070.000       -8325.000 
-12435  
-1  12  46          -42.153          4           4.045         64          63.994          26.196         -55.678      -11228.000       -5499.000        2717.000       19357.000        6806.000       -7446.000      -11956.000        8502.000 
-12435  
-1  22  47          -38.123         12          12.221         64          64.006          23.539         -53.197       21217.000       -8683.000      -19670.000       -9115.000        6889.000       18438.000        6810.000       -9228.000 
-12435  
-1  12  48          -42.617          4           4.051         64          63.996          26.477         -55.667      -11061.000       -5060.000        3811.000       19685.000        6020.000       -7500.000      -11055.000        9638.000 
-12435  
-1  22  49          -38.053         12          12.239         64          63.991          23.594         -53.179       22012.000       -7627.000      -18913.000       -9943.000        4287.000       18961.000        8103.000       -8831.000 
-12435  
-1  12  50          -42.050          4           4.064         64          64.011          26.468         -55.596      -10972.000       -5416.000        3506.000       19886.000        6630.000       -7684.000      -11549.000        8824.000 
-12435  
-1  22  51          -37.940         12          12.249         64          64.009          23.523         -53.274       21106.000       -7330.000      -18252.000      -10965.000        4960.000       19100.000        8820.000       -8267.000 
-12435  
-1  12  52          -41.553          4           4.056         64          64.002          26.425         -55.685      -11091.000       -4871.000        3183.000       19668.000        6734.000       -8289.000      -10808.000        8916.000 
-12435  
-1  22  53          -38.600         12          12.244         64          63.992          23.618         -53.111       22283.000       -5664.000      -19056.000      -10790.000        4806.000       19122.000        8747.000       -8457.000 
-12435  
-1  12  54          -42.580          4           4.057         64          63.986          26.257         -55.650      -10554.000       -5942.000        1844.000       19656.000        7100.000       -7562.000      -11761.000        8869.000 
-12435  
-1  22  55          -38.193         12          12.251         64          63.999          23.494         -53.124       21273.000       -8556.000      -19862.000       -9027.000        7496.000       18676.000        6941.000       -9232.000 
-12435  
-1  12  56          -41.980          4           4.079         64          64.001          26.253         -55.559      -10684.000       -5722.000        1780.000       19813.000        7536.000       -7496.000      -12397.000        8365.000 
-12435  
-1  22  57          -38.013         12          12.240         64          63.997          23.675         -52.973       21482.000       -8505.000      -19301.000      -10112.000        7110.000       19693.000        8056.000       -9109.000 
-12435  
-1  12  58          -41.553          4           4.056         64          64.008          26.521         -55.628      -10826.000       -5556.000        2198.000       20013.000        7353.000       -7371.000      -11607.000        8295.000 
-12435  
-1  22  59          -38.287         12          12.254         64          64.011          23.333         -53.348       21581.000       -6936.000      -18385.000       -9836.000        5508.000       18761.000        7635.000       -8572.000 
-12435  
-1  12  60          -42.250          4           4.065         64          64.010          26.268         -55.671      -11469.000       -5022.000        3243.000       19462.000        6541.000       -7648.000      -10995.000        9417.000 
-12435  
-1  22  61          -38.007         12          12.241         64          64.005          23.541         -53.158       22365.000       -6180.000      -18273.000      -11010.000        4704.000       19566.000        8411.000       -7695.000 
-12435  
-1  12  62          -41.897          4           4.053         64          63.996          26.124         -55.746      -10774.000       -5239.000        2995.000       19696.000        6784.000       -7333.000      -11188.000        8767.000 
-12435  
-1  22  63          -37.947         12          12.244         64          64.005          23.735         -53.096       22312.000       -5796.000      -18068.000      -12600.000        3648.000       19672.000        8725.000       -7572.000 
-12435  
-1  12  64          -41.500          4           4.035         64          63.998          26.524         -55.576      -10788.000       -4928.000        3002.000       19945.000        7451.000       -7611.000      -11571.000        9002.000 
-12435  
-1  22  65          -38.150         12          12.250         64          64.008          23.543         -53.095       21701.000       -7798.000      -18914.000      -10740.000        5793.000       19272.000        7273.000       -9368.000 
-12435  
-1  12  66          -42.030          4           4.074         64          63.994          26.145         -55.684      -10588.000       -5680.000        2760.000       19727.000        6996.000       -7572.000      -11611.000        8484.000 
-12435  
-1  22  67          -38.007         12          12.236         64          63.994          23.724         -53.118       21607.000       -8620.000      -19202.000       -9847.000        5823.000       19340.000        6917.000       -8928.000 
-12435  
-1  12  68          -42.387          4           4.075         64          64.001          26.547         -55.625      -10829.000       -5815.000        2711.000       19847.000        6508.000       -7760.000      -11648.000        8685.000 
-12435  
-1  22  69          -39.017         12          12.234         64          63.989          23.576         -53.154       21322.000      -10132.000      -19845.000       -7144.000        7357.000       17912.000        6100.000      -10747.000 
-12435  
-1  12  70          -41.983          4           4.078         64          64.008          26.128         -55.656      -10691.000       -5773.000        2078.000       19695.000        7259.000       -7593.000      -11833.000        8338.000 
-12435  
-1  22  71          -38.790         12          12.238         64          64.028          23.527         -53.192       22375.000       -6989.000      -19097.000       -9351.000        5145.000       18713.000        7844.000       -8751.000 
-12435  
-1  12  72          -42.067          4           4.071         64          63.998          26.192         -55.624      -10815.000       -6076.000        2440.000       19925.000        7200.000       -7389.000      -11472.000        8447.000 
-12435  
-1  22  73          -38.013         12          12.228         64          64.023          23.570         -53.045       22033.000       -8245.000      -18614.000      -10101.000        5372.000       19660.000        8020.000       -9322.000 
-12435  
-1  12  74          -41.977          4           4.069         64          63.997          26.465         -55.602      -10804.000       -5585.000        2782.000       20133.000        6964.000       -7239.000      -11482.000        8770.000 
-12435  
-1  22  75          -38.490         12          12.249         64          63.996          23.493         -53.149       22532.000       -5279.000      -18572.000      -11020.000        4058.000       19136.000        8959.000       -8153.000 
-12435  
-1  12  76          -42.237          4           4.056         64          64.011          26.249         -55.737      -10960.000       -5352.000        3256.000       19424.000        6360.000       -7462.000      -11676.000        8651.000 
-12435  
-1  22  77          -37.983         12          12.257         64          63.996          23.365         -53.273       21421.000       -7318.000      -18266.000      -10744.000        4313.000       19233.000        8312.000       -8313.000 
-12435  
-1  12  78          -41.727          4           4.074         64          64.006          26.641         -55.593      -11040.000       -5622.000        2627.000       19583.000        7491.000       -8308.000      -11391.000        8583.000 
-12435  
-1  22  79          -38.010         12          12.235         64          63.992          23.803         -53.129       21150.000       -7550.000      -19773.000       -9775.000        6424.000       19026.000        8207.000       -8787.000 
-12435  
-1  12  80          -41.690          4           4.057         64          64.001          26.341         -55.589      -11197.000       -5496.000        1944.000       19877.000        7494.000       -7266.000      -11693.000        8547.000 
-12435  
-1  22  81          -38.033         12          12.258         64          63.998          23.551         -53.139       21585.000       -9018.000      -19213.000       -8290.000        6263.000       19080.000        7872.000       -9205.000 
-12435  
-1  12  82          -42.863          4           4.067         64          64.001          26.549         -55.549      -10374.000       -6380.000        1605.000       19825.000        7334.000       -7292.000      -12397.000        8756.000 
-12435  
-1  22  83          -38.077         12          12.222         64          64.009          23.709         -53.042       21612.000       -8525.000      -19666.000       -9044.000        6132.000       19035.000        8268.000       -9642.000 
-12435  
-1  12  84          -42.260          4           4.083         64          64.004          26.739         -55.454      -11143.000       -6123.000        2248.000       20261.000        7220.000       -7526.000      -11673.000        8864.000 
-12435  
-1  22  85          -38.327         12          12.237         64          63.989          24.036         -52.985       21739.000       -6840.000      -20046.000      -10149.000        5643.000       19479.000        8107.000       -9436.000 
-12435  
-1  12  86          -41.993          4           4.069         64          64.007          26.262         -55.701      -10742.000       -5256.000        3133.000       19654.000        6433.000       -7975.000      -11516.000        8620.000 
-12435  
-1  22  87          -37.903         12          12.228         64          64.011          23.694         -53.027       21749.000       -6621.000      -19336.000      -11642.000        4862.000       19454.000        9134.000       -7954.000 
-12435  
-1  12  88          -42.183          4           4.051         64          64.001          26.778         -55.445      -11424.000       -5475.000        2628.000       19748.000        7249.000       -7653.000      -12393.000        8971.000 
-12435  
-1  22  89          -38.127         12          12.237         64          64.034          23.525         -53.183       20949.000       -9075.000      -19663.000       -8486.000        7422.000       18567.000        6976.000       -9555.000 
-12435  
-1  12  90          -41.063          4           4.041         64          64.002          26.702         -55.498      -11004.000       -5338.000        2624.000       20713.000        6997.000       -7740.000      -11472.000        8099.000 
-12435  
-1  22  91          -38.113         12          12.235         64          63.996          23.635         -52.891       22642.000       -7323.000      -20089.000       -9841.000        5702.000       19837.000        7596.000       -8644.000 
-12435  
-1  12  92          -42.633          4           4.043         64          63.990          26.442         -55.613      -11024.000       -5368.000        2364.000       19726.000        6680.000       -7416.000      -11621.000        9417.000 
-12435  
-1  22  93          -38.040         12          12.229         64          64.007          24.063         -52.853       22125.000       -8445.000      -20348.000      -10064.000        6172.000       19141.000        8106.000       -9643.000 
-12435  
-1  12  94          -42.270          4           4.051         64          64.014          26.154         -55.730       -9859.000       -5854.000        2201.000       19684.000        7313.000       -7509.000      -11777.000        8538.000 
-12435  
-1  22  95          -38.380         12          12.251         64          64.013          23.545         -53.194       21191.000       -7603.000      -19224.000      -10299.000        6040.000       18874.000        7086.000       -9501.000 
-12435  
-1  12  96          -42.007          4           4.075         64          64.011          26.419         -55.543      -10647.000       -5713.000        2497.000       20256.000        7034.000       -7748.000      -11565.000        8752.000 
-12435  
-1  22  97          -38.033         12          12.236         64          64.008          23.709         -53.054       21922.000       -5312.000      -18286.000      -12031.000        4106.000       20626.000        8171.000       -8259.000 
-12435  
-1  12  98          -41.940          4           4.088         64          64.001          26.572         -55.560      -10843.000       -5420.000        2913.000       19715.000        6985.000       -8490.000      -11712.000        8765.000 
-12435  
-1  22  99          -38.003         12          12.217         64          63.995          23.371         -53.122       21148.000       -8684.000      -19664.000       -8866.000        6755.000       18922.000        7971.000       -9268.000 
-12435  
