-1  12  1           17.477          4           4.394         64          64.002          34.168         -47.628      -23894.000      -15152.000       12338.000      -38777.000       24359.000      -24160.000       41225.000       11299.000 
-12435  
-1  22  2           19.013         12          11.945         64          64.000          42.679         -33.987      162366.000       -6605.000       54670.000      177571.000      -30646.000      137778.000     -210438.000       33774.000 
-12435  
-1  12  3           17.773          4           4.387         64          63.999          34.127         -47.606      -23722.000      -16757.000       14512.000      -37849.000       25699.000      -22673.000       40332.000       14162.000 
-12435  
-1  22  4           19.007         12          11.942         64          64.000          42.371         -33.980      162172.000        2176.000       45679.000      180948.000      -37350.000      136697.000     -211472.000       23036.000 
-12435  
-1  12  5           17.457          4           4.387         64          64.002          34.427         -47.520      -24146.000      -15743.000       13055.000      -38834.000       24666.000      -24141.000       41888.000       11914.000 
-12435  
-1  22  6           19.007         12          11.943         64          64.001          42.376         -33.982      162197.000         141.000       46759.000      180423.000      -35903.000      136687.000     -211551.000       25230.000 
-12435  
-1  12  7           17.603          4           4.389         64          63.997          34.274         -47.617      -23556.000      -15476.000       13272.000      -38685.000       25009.000      -23293.000       41026.000       12472.000 
-12435  
-1  22  8           19.013         12          11.942         64          64.000          42.700         -33.987      162386.000       -8023.000       56521.000      176621.000      -28965.000      138629.000     -210096.000       35320.000 
-12435  
-1  12  9           17.233          4           4.396         64          64.000          34.243         -47.621      -22475.000      -16846.000       15149.000      -38317.000       25543.000      -22984.000       40234.000       13523.000 
-12435  
-1  22  10           19.007         12          11.940         64          64.002          42.527         -33.994      159393.000      -24804.000       73103.000      170495.000      -13895.000      141070.000     -205611.000       57229.000 
-12435  
-1  12  11           17.577          4           4.391         64          64.002          34.438         -47.633      -23397.000      -16303.000       13991.000      -38195.000       25534.000      -22664.000       40617.000       13069.000 
-12435  
-1  22  12           19.017         12          11.943         64          64.001          42.720         -33.998      161611.000       -4586.000       52689.000      178258.000      -32151.000      136872.000     -211130.000       30376.000 
-12435  
-1  12  13           17.347          4           4.394         64          64.001          34.600         -47.587      -23349.000      -14936.000       12939.000      -38956.000       24358.000      -24441.000       41589.000       11743.000 
-12435  
-1  22  14           19.013         12          11.943         64          64.002          42.376         -33.989      161484.000       13580.000       32801.000      183114.000      -46371.000      133421.000     -212939.000        7038.000 
-12435  
-1  12  15           17.537          4           4.396         64          64.002          34.228         -47.576      -24535.000      -14995.000       12606.000      -38977.000       24147.000      -24680.000       41306.000       11097.000 
-12435  
-1  22  16           19.010         12          11.943         64          64.001          42.651         -33.977      162240.000       -3290.000       51520.000      178966.000      -32616.000      138158.000     -211027.000       29200.000 
-12435  
-1  12  17           17.510          4           4.394         64          64.003          34.320         -47.609      -24442.000      -15419.000       11624.000      -38827.000       24117.000      -24529.000       41329.000       10725.000 
-12435  
-1  22  18           19.013         12          11.943         64          63.999          42.294         -33.974      162280.000       -2667.000       51297.000      179050.000      -32790.000      137564.000     -211703.000       28454.000 
-12435  
-1  12  19           17.287          4           4.386         64          64.003          34.309         -47.602      -23345.000      -15798.000       14227.000      -38812.000       25200.000      -23416.000       40735.000       12113.000 
-12435  
-1  22  20           19.013         12          11.941         64          63.999          42.467         -33.975      162471.000       -7100.000       54685.000      177684.000      -29777.000      138644.000     -210639.000       33688.000 
-12435  
-1  12  21           17.480          4           4.390         64          64.002          34.598         -47.578      -22765.000      -17128.000       15421.000      -38167.000       26146.000      -21905.000       40532.000       14523.000 
-12435  
-1  22  22           19.010         12          11.942         64          63.999          42.439         -33.983      161562.000       -8223.000       56474.000      177284.000      -28059.000      138449.000     -210585.000       35994.000 
-12435  
-1  12  23           17.690          4           4.392         64          64.002          34.582         -47.573      -23360.000      -16513.000       15196.000      -38078.000       25664.000      -22213.000       40878.000       14386.000 
-12435  
-1  22  24           19.010         12          11.940         64          64.002          42.291         -33.977      161659.000        1781.000       45744.000      180477.000      -36863.000      137498.000     -212068.000       22665.000 
-12435  
-1  12  25           17.307          4           4.393         64          64.005          34.524         -47.583      -22890.000      -16077.000       14727.000      -38403.000       25071.000      -23274.000       41186.000       13274.000 
-12435  
-1  22  26           19.007         12          11.944         64          64.004          42.680         -33.961      161876.000       10411.000       35082.000      183598.000      -44142.000      135172.000     -213164.000       11481.000 
-12435  
-1  12  27           17.573          4           4.392         64          64.003          34.206         -47.617      -24583.000      -14596.000       11458.000      -39195.000       23928.000      -24512.000       41367.000       10209.000 
-12435  
-1  22  28           19.007         12          11.944         64          64.002          42.430         -33.985      162559.000         840.000       46328.000      179691.000      -36546.000      136209.000     -212022.000       25265.000 
-12435  
-1  12  29           17.707          4           4.386         64          64.002          34.076         -47.620      -24428.000      -14965.000       12272.000      -39076.000       24362.000      -24007.000       40899.000       11392.000 
-12435  
-1  22  30           19.010         12          11.942         64          64.000          42.732         -33.980      162681.000       -1778.000       48880.000      178748.000      -33844.000      138331.000     -211280.000       27359.000 
-12435  
-1  12  31           17.637          4           4.396         64          64.005          34.523         -47.507      -23544.000      -16439.000       15320.000      -38202.000       25928.000      -23144.000       41000.000       14383.000 
-12435  
-1  22  32           19.010         12          11.941         64          64.001          42.715         -33.958      161887.000       -4643.000       53838.000      178073.000      -31169.000      138897.000     -212140.000       32011.000 
-12435  
-1  12  33           17.447          4           4.391         64          64.003          34.251         -47.575      -22835.000      -16798.000       15027.000      -38484.000       26238.000      -22295.000       40430.000       14006.000 
-12435  
-1  22  34           19.007         12          11.941         64          64.000          42.545         -33.979      162057.000       -7262.000       55469.000      177315.000      -28571.000      138967.000     -210449.000       35288.000 
-12435  
-1  12  35           17.510          4           4.392         64          64.009          34.619         -47.491      -23126.000      -17630.000       15741.000      -37981.000       26629.000      -22587.000       40694.000       14943.000 
-12435  
-1  22  36           19.007         12          11.943         64          64.002          42.674         -33.971      161441.000        9251.000       36965.000      182577.000      -42783.000      135403.000     -213399.000       13038.000 
-12435  
-1  12  37           17.747          4           4.388         64          63.996          34.300         -47.656      -24280.000      -14698.000       12355.000      -39009.000       24345.000      -23498.000       40845.000       11464.000 
-12435  
-1  22  38           19.007         12          11.942         64          64.002          42.380         -33.997      161283.000       11676.000       35186.000      182290.000      -44291.000      133385.000     -213271.000       11022.000 
-12435  
-1  12  39           17.510          4           4.393         64          63.997          34.186         -47.558      -23885.000      -15573.000       12502.000      -38476.000       25050.000      -23654.000       42127.000       11740.000 
-12435  
-1  22  40           19.013         12          11.944         64          64.001          42.584         -33.970      161508.000      -17617.000       67721.000      173532.000      -20373.000      140082.000     -208137.000       48007.000 
-12435  
-1  12  41           17.447          4           4.392         64          64.000          34.393         -47.551      -23911.000      -15262.000       12813.000      -38386.000       24716.000      -24353.000       42109.000       11755.000 
-12435  
-1  22  42           19.007         12          11.942         64          64.001          42.589         -34.003      160230.000       17915.000       27436.000      183602.000      -50369.000      131913.000     -213060.000        2193.000 
-12435  
-1  12  43           17.247          4           4.392         64          64.003          34.513         -47.557      -22739.000      -17081.000       14959.000      -38290.000       26160.000      -22911.000       40731.000       13525.000 
-12435  
-1  22  44           19.007         12          11.941         64          64.000          42.548         -33.981      161757.000        1831.000       45115.000      181358.000      -36191.000      137260.000     -211445.000       22216.000 
-12435  
-1  12  45           17.627          4           4.384         64          64.005          34.481         -47.555      -23563.000      -16132.000       14424.000      -38579.000       24851.000      -23034.000       41308.000       13660.000 
-12435  
-1  22  46           19.003         12          11.942         64          64.000          42.593         -33.986      161083.000      -23248.000       72786.000      170995.000      -14582.000      140890.000     -204923.000       56600.000 
-12435  
-1  12  47           17.480          4           4.391         64          64.002          34.481         -47.607      -23333.000      -16372.000       14240.000      -38248.000       25144.000      -23269.000       40713.000       13296.000 
-12435  
-1  22  48           19.013         12          11.943         64          63.999          42.483         -33.964      162240.000       -5692.000       53694.000      178311.000      -30758.000      139024.000     -211227.000       31709.000 
-12435  
-1  12  49           17.537          4           4.390         64          63.999          34.558         -47.568      -22756.000      -16554.000       15339.000      -38221.000       26619.000      -22111.000       40531.000       14394.000 
-12435  
-1  22  50           19.010         12          11.943         64          64.001          42.573         -33.998      161466.000       10762.000       36305.000      182225.000      -45014.000      134317.000     -212194.000       11652.000 
-12435  
-1  12  51           17.423          4           4.391         64          64.006          34.269         -47.613      -22836.000      -16026.000       14220.000      -38701.000       25336.000      -23438.000       40385.000       13379.000 
-12435  
-1  22  52           19.010         12          11.942         64          64.000          42.477         -33.990      161577.000        7631.000       38610.000      181405.000      -42019.000      134336.000     -213480.000       15676.000 
-12435  
-1  12  53           17.680          4           4.393         64          63.998          34.353         -47.533      -23686.000      -16269.000       14246.000      -38641.000       25612.000      -23472.000       40789.000       13749.000 
-12435  
-1  22  54           19.010         12          11.942         64          64.003          42.432         -33.977      162004.000        2788.000       44538.000      180209.000      -38139.000      136794.000     -212609.000       22065.000 
-12435  
-1  12  55           17.663          4           4.391         64          64.006          34.294         -47.618      -23519.000      -15868.000       14949.000      -38159.000       25072.000      -22739.000       40660.000       13752.000 
-12435  
-1  22  56           19.017         12          11.943         64          64.002          42.430         -33.986      161713.000       -3192.000       49655.000      179159.000      -33376.000      137800.000     -211443.000       27530.000 
-12435  
-1  12  57           17.520          4           4.390         64          63.994          34.342         -47.562      -24141.000      -15506.000       13532.000      -38632.000       24938.000      -23941.000       41301.000       12007.000 
-12435  
-1  22  58           19.007         12          11.941         64          64.002          42.410         -33.975      161787.000       -1674.000       49449.000      179468.000      -33673.000      137581.000     -211984.000       28142.000 
-12435  
-1  12  59           17.600          4           4.392         64          63.999          34.338         -47.575      -23100.000      -16193.000       14198.000      -38411.000       25610.000      -22382.000       41362.000       13666.000 
-12435  
-1  22  60           19.003         12          11.944         64          63.999          42.703         -33.988      160637.000       11333.000       33478.000      182996.000      -45399.000      134556.000     -213124.000       10718.000 
-12435  
-1  12  61           17.720          4           4.390         64          64.008          34.491         -47.608      -24308.000      -14193.000       12033.000      -39262.000       24036.000      -24275.000       41398.000       11246.000 
-12435  
-1  22  62           19.010         12          11.941         64          64.000          42.322         -33.982      159966.000      -20870.000       71142.000      171785.000      -17390.000      140425.000     -207472.000       52555.000 
-12435  
-1  12  63           17.433          4           4.388         64          64.009          34.405         -47.552      -22641.000      -16903.000       14725.000      -37740.000       26510.000      -22806.000       41069.000       14387.000 
-12435  
-1  22  64           19.007         12          11.942         64          64.001          42.412         -33.997      161586.000       -5929.000       55393.000      177131.000      -30072.000      138640.000     -210028.000       34010.000 
-12435  
-1  12  65           17.607          4           4.394         64          64.003          34.255         -47.572      -23070.000      -16434.000       15175.000      -38524.000       25983.000      -22510.000       40360.000       14278.000 
-12435  
-1  22  66           19.010         12          11.943         64          64.002          42.460         -33.977      161906.000       -7255.000       54977.000      177347.000      -29303.000      139189.000     -210677.000       34770.000 
-12435  
-1  12  67           17.500          4           4.391         64          64.001          34.413         -47.605      -23272.000      -16194.000       13606.000      -38826.000       25367.000      -23164.000       40584.000       12886.000 
-12435  
-1  22  68           19.010         12          11.941         64          64.003          42.505         -34.008      161028.000       -1362.000       48910.000      179583.000      -34300.000      137026.000     -210801.000       26363.000 
-12435  
-1  12  69           17.563          4           4.388         64          63.995          34.460         -47.612      -23796.000      -15194.000       12481.000      -39059.000       24829.000      -23914.000       40963.000       11645.000 
-12435  
-1  22  70           19.003         12          11.944         64          64.001          42.568         -33.971      161735.000         760.000       46951.000      179762.000      -36605.000      138035.000     -212177.000       25641.000 
-12435  
-1  12  71           17.457          4           4.394         64          64.001          34.200         -47.621      -24383.000      -14664.000       10875.000      -39498.000       23508.000      -24810.000       41406.000        9925.000 
-12435  
-1  22  72           19.010         12          11.942         64          64.000          42.427         -33.968      162307.000        -636.000       48546.000      179089.000      -34517.000      137407.000     -212692.000       27013.000 
-12435  
-1  12  73           17.517          4           4.394         64          64.008          34.187         -47.582      -23351.000      -16681.000       13992.000      -38555.000       25031.000      -22720.000       41123.000       13367.000 
-12435  
-1  22  74           19.007         12          11.939         64          63.998          42.444         -34.011      160694.000        6638.000       38525.000      181125.000      -40887.000      135454.000     -212450.000       16241.000 
-12435  
-1  12  75           17.433          4           4.389         64          63.999          34.050         -47.512      -22875.000      -16807.000       15413.000      -38433.000       26515.000      -22829.000       40696.000       14399.000 
-12435  
-1  22  76           19.013         12          11.942         64          64.002          42.504         -34.003      161755.000        4438.000       41720.000      180596.000      -38988.000      135528.000     -212187.000       18755.000 
-12435  
-1  12  77           17.587          4           4.393         64          64.000          34.321         -47.553      -22894.000      -17743.000       15757.000      -37694.000       26234.000      -22302.000       40336.000       15326.000 
-12435  
-1  22  78           19.013         12          11.939         64          64.004          42.500         -34.001      161482.000        6661.000       39837.000      180589.000      -41684.000      135375.000     -212662.000       15900.000 
-12435  
-1  12  79           17.640          4           4.388         64          63.994          34.144         -47.579      -23829.000      -15887.000       13879.000      -38812.000       25274.000      -23331.000       40659.000       12890.000 
-12435  
-1  22  80           19.013         12          11.941         64          64.000          42.484         -33.965      162066.000      -18279.000       67754.000      173619.000      -19684.000      140196.000     -207704.000       48862.000 
-12435  
-1  12  81           17.687          4           4.392         64          63.998          34.311         -47.596      -24310.000      -15484.000       12638.000      -38692.000       24242.000      -24207.000       41165.000       12051.000 
-12435  
-1  22  82           19.013         12          11.943         64          64.002          42.437         -33.972      162636.000        -827.000       47672.000      179585.000      -34805.000      137597.000     -211952.000       25794.000 
-12435  
-1  12  83           17.347          4           4.389         64          64.000          34.300         -47.618      -23655.000      -15689.000       12959.000      -38923.000       24704.000      -23540.000       41067.000       11521.000 
-12435  
-1  22  84           19.003         12          11.940         64          64.000          42.405         -33.985      161129.000       11407.000       34382.000      182791.000      -45436.000      134649.000     -212898.000       11458.000 
-12435  
-1  12  85           17.383          4           4.387         64          63.997          34.455         -47.575      -23219.000      -16182.000       14613.000      -38845.000       25310.000      -23427.000       40506.000       13149.000 
-12435  
-1  22  86           19.010         12          11.941         64          64.001          42.628         -34.006      161114.000        6229.000       39298.000      182043.000      -40439.000      134669.000     -212101.000       16501.000 
-12435  
-1  12  87           17.413          4           4.389         64          64.008          34.383         -47.490      -23832.000      -17283.000       14974.000      -38449.000       25837.000      -23403.000       40841.000       13541.000 
-12435  
-1  22  88           19.010         12          11.942         64          64.002          42.475         -33.979      161476.000       -5085.000       52808.000      178923.000      -31522.000      138568.000     -210841.000       30844.000 
-12435  
-1  12  89           17.410          4           4.389         64          64.005          34.163         -47.610      -23102.000      -16291.000       14621.000      -38056.000       25847.000      -23285.000       40409.000       13343.000 
-12435  
-1  22  90           19.010         12          11.941         64          64.002          42.321         -33.984      161686.000      -10692.000       59230.000      176544.000      -26829.000      138534.000     -209721.000       39201.000 
-12435  
-1  12  91           17.693          4           4.393         64          63.997          34.089         -47.637      -23894.000      -16114.000       12776.000      -38356.000       24659.000      -23415.000       40880.000       12517.000 
-12435  
-1  22  92           19.010         12          11.942         64          64.001          42.391         -33.990      161833.000       -3172.000       50630.000      178896.000      -32508.000      136933.000     -211502.000       29669.000 
-12435  
-1  12  93           17.467          4           4.390         64          64.005          34.400         -47.573      -23386.000      -16077.000       14616.000      -38342.000       25550.000      -23320.000       40830.000       13276.000 
-12435  
-1  22  94           19.007         12          11.943         64          64.001          42.422         -33.972      161937.000        9355.000       37214.000      182706.000      -43355.000      134933.000     -212922.000       13934.000 
-12435  
-1  12  95           17.673          4           4.393         64          63.999          34.550         -47.525      -23796.000      -16525.000       14470.000      -38492.000       25934.000      -23190.000       40761.000       13724.000 
-12435  
-1  22  96           19.007         12          11.942         64          64.000          42.523         -33.984      161740.000       -3180.000       50494.000      179201.000      -31727.000      137808.000     -211320.000       29700.000 
-12435  
-1  12  97           17.637          4           4.392         64          63.999          34.416         -47.528      -23140.000      -16912.000       15433.000      -37992.000       26786.000      -22662.000       40437.000       14772.000 
-12435  
-1  22  98           19.003         12          11.940         64          64.004          42.554         -33.978      161979.000        8505.000       37678.000      181926.000      -42205.000      135043.000     -213188.000       15407.000 
-12435  
-1  12  99           17.413          4           4.390         64          63.999          34.225         -47.549      -22733.000      -16923.000       15366.000      -38122.000       26180.000      -22771.000       40659.000       14495.000 
-12435  
