-1  22  1           16.000         12          11.943         64          64.003          40.844         -35.923      113482.000      -25223.000       93043.000      107425.000       46935.000      113365.000     -116859.000      135797.000 
-12435  
-1  12  2           16.967          4           4.302         64          64.006          36.228         -45.628      -41668.000        9588.000      -34331.000      -32695.000      -17556.000      -34507.000       39279.000      -39203.000 
-12435  
-1  22  3           16.000         12          11.946         64          64.001          40.460         -35.920      115033.000      -18379.000       85522.000      112801.000       39129.000      116905.000     -125917.000      127432.000 
-12435  
-1  12  4           16.947          4           4.302         64          63.999          36.492         -45.615      -40672.000       12073.000      -36552.000      -30921.000      -19059.000      -33810.000       36391.000      -41926.000 
-12435  
-1  22  5           16.000         12          11.945         64          64.001          40.815         -35.897      112415.000      -28023.000       96167.000      105078.000       49797.000      113274.000     -114352.000      138715.000 
-12435  
-1  12  6           16.910          4           4.305         64          64.002          36.155         -45.591      -40963.000       11138.000      -36192.000      -31260.000      -18659.000      -33779.000       37279.000      -41947.000 
-12435  
-1  22  7           15.997         12          11.946         64          64.004          40.823         -35.905      115253.000      -13486.000       83076.000      115464.000       36571.000      118067.000     -129495.000      124254.000 
-12435  
-1  12  8           16.987          4           4.302         64          63.999          36.301         -45.556      -40311.000       12903.000      -37365.000      -30839.000      -19604.000      -34198.000       36603.000      -42020.000 
-12435  
-1  22  9           16.000         12          11.947         64          64.004          40.550         -35.897      114026.000      -19913.000       87982.000      112168.000       42055.000      115976.000     -124320.000      130151.000 
-12435  
-1  12  10           16.970          4           4.303         64          64.000          36.343         -45.606      -40972.000       10788.000      -36012.000      -31705.000      -18339.000      -34342.000       37948.000      -40561.000 
-12435  
-1  22  11           16.000         12          11.946         64          63.999          40.582         -35.926      113059.000      -25927.000       94736.000      106467.000       48554.000      113046.000     -115712.000      136035.000 
-12435  
-1  12  12           16.960          4           4.303         64          64.004          36.116         -45.581      -41451.000       10990.000      -35482.000      -31573.000      -18566.000      -34822.000       37848.000      -40776.000 
-12435  
-1  22  13           15.997         12          11.946         64          63.998          40.803         -35.918      115394.000      -15802.000       84328.000      114584.000       37637.000      117332.000     -126959.000      125877.000 
-12435  
-1  12  14           16.977          4           4.303         64          64.011          36.377         -45.587      -41151.000       10225.000      -35033.000      -32707.000      -17277.000      -34860.000       39024.000      -40052.000 
-12435  
-1  22  15           16.000         12          11.946         64          64.001          40.541         -35.899      115054.000      -16412.000       84705.000      114938.000       37494.000      117698.000     -127946.000      125618.000 
-12435  
-1  12  16           16.963          4           4.300         64          63.998          36.324         -45.577      -41241.000       11310.000      -36040.000      -31700.000      -18894.000      -34244.000       37637.000      -40956.000 
-12435  
-1  22  17           15.997         12          11.948         64          64.003          40.718         -35.904      113143.000      -24077.000       92570.000      108567.000       46385.000      114531.000     -118308.000      134902.000 
-12435  
-1  12  18           16.957          4           4.304         64          64.004          36.258         -45.600      -40965.000       10670.000      -34987.000      -32392.000      -18040.000      -34404.000       38431.000      -40731.000 
-12435  
-1  22  19           16.000         12          11.947         64          64.004          40.593         -35.900      110824.000      -33487.000      101369.000      100621.000       55905.000      110537.000     -107420.000      143527.000 
-12435  
-1  12  20           16.980          4           4.302         64          64.000          36.239         -45.529      -41636.000       10803.000      -35598.000      -32290.000      -17652.000      -34790.000       38986.000      -40638.000 
-12435  
-1  22  21           16.000         12          11.946         64          64.003          40.949         -35.903      113081.000      -25676.000       93205.000      107632.000       47080.000      114581.000     -116798.000      136066.000 
-12435  
-1  12  22           16.980          4           4.298         64          64.005          36.404         -45.586      -40913.000       12554.000      -36246.000      -30914.000      -19153.000      -33988.000       36972.000      -41809.000 
-12435  
-1  22  23           16.000         12          11.944         64          64.000          40.625         -35.906      110063.000      -37777.000      104269.000       95418.000       59560.000      108041.000     -101902.000      148518.000 
-12435  
-1  12  24           16.980          4           4.302         64          64.003          36.429         -45.566      -40611.000       11712.000      -36065.000      -31563.000      -18578.000      -33886.000       38246.000      -41706.000 
-12435  
-1  22  25           16.000         12          11.945         64          64.003          40.546         -35.883      112441.000      -29956.000       97264.000      104563.000       51502.000      113062.000     -113106.000      139457.000 
-12435  
-1  12  26           16.973          4           4.308         64          64.000          36.432         -45.545      -41051.000       11405.000      -35872.000      -31788.000      -18546.000      -34728.000       38112.000      -41290.000 
-12435  
-1  22  27           15.997         12          11.949         64          63.999          40.538         -35.908      110156.000      -36367.000      103637.000       97418.000       58704.000      108293.000     -102554.000      147503.000 
-12435  
-1  12  28           16.980          4           4.300         64          63.996          36.778         -45.610      -40527.000       11996.000      -36028.000      -31655.000      -18626.000      -34024.000       37393.000      -41232.000 
-12435  
-1  22  29           16.000         12          11.947         64          64.000          40.493         -35.918      112648.000      -27912.000       95427.000      105781.000       49735.000      112859.000     -113648.000      138036.000 
-12435  
-1  12  30           16.973          4           4.304         64          64.001          36.277         -45.569      -41260.000       10426.000      -35276.000      -32184.000      -17641.000      -35055.000       38811.000      -40419.000 
-12435  
-1  22  31           16.000         12          11.944         64          64.000          40.671         -35.906      113630.000      -25066.000       93060.000      107108.000       47771.000      114497.000     -117190.000      135532.000 
-12435  
-1  12  32           16.977          4           4.301         64          64.002          36.089         -45.566      -41214.000       11713.000      -35509.000      -31794.000      -18608.000      -34849.000       37752.000      -41033.000 
-12435  
-1  22  33           15.997         12          11.944         64          64.003          40.893         -35.902      110218.000      -37036.000      104616.000       96718.000       59699.000      108453.000     -101534.000      147636.000 
-12435  
-1  12  34           16.950          4           4.302         64          64.003          36.355         -45.564      -41125.000       12485.000      -36617.000      -31023.000      -18437.000      -34070.000       36410.000      -42500.000 
-12435  
-1  22  35           15.997         12          11.947         64          64.003          40.735         -35.911      112486.000      -25424.000       92993.000      107853.000       47086.000      113626.000     -117054.000      136665.000 
-12435  
-1  12  36           16.983          4           4.307         64          63.999          36.050         -45.596      -40933.000       10905.000      -35554.000      -31382.000      -18026.000      -34613.000       38603.000      -40750.000 
-12435  
-1  22  37           16.000         12          11.948         64          64.000          40.601         -35.902      113887.000      -24901.000       92647.000      107919.000       47342.000      114051.000     -117747.000      135346.000 
-12435  
-1  12  38           16.967          4           4.301         64          64.005          36.245         -45.619      -41195.000       11316.000      -35757.000      -31588.000      -18681.000      -33888.000       37564.000      -40775.000 
-12435  
-1  22  39           16.000         12          11.947         64          64.003          41.041         -35.923      113974.000      -23756.000       92152.000      108236.000       45954.000      113485.000     -118766.000      134136.000 
-12435  
-1  12  40           16.973          4           4.300         64          64.001          36.166         -45.580      -40770.000       11375.000      -36279.000      -31253.000      -18851.000      -34413.000       37759.000      -41237.000 
-12435  
-1  22  41           16.000         12          11.951         64          64.003          40.685         -35.900      113316.000      -24674.000       92663.000      108531.000       46551.000      114541.000     -118125.000      135031.000 
-12435  
-1  12  42           16.973          4           4.304         64          64.006          36.409         -45.571      -41512.000       10672.000      -34758.000      -31718.000      -18445.000      -34653.000       39030.000      -40642.000 
-12435  
-1  22  43           16.000         12          11.947         64          64.003          40.518         -35.930      115384.000      -12991.000       81005.000      115953.000       34700.000      118782.000     -130330.000      122198.000 
-12435  
-1  12  44           16.973          4           4.299         64          64.000          36.435         -45.610      -41322.000       10253.000      -35289.000      -32446.000      -17375.000      -34728.000       38514.000      -39851.000 
-12435  
-1  22  45           16.000         12          11.945         64          64.002          40.869         -35.898      113643.000      -22087.000       90773.000      110058.000       44920.000      115258.000     -120888.000      132847.000 
-12435  
-1  12  46           16.977          4           4.300         64          63.997          36.244         -45.653      -41197.000       11723.000      -35394.000      -30840.000      -18797.000      -33762.000       37364.000      -40933.000 
-12435  
-1  22  47           16.000         12          11.946         64          64.003          40.927         -35.894      111437.000      -36467.000      102733.000       99064.000       58248.000      108475.000     -104210.000      145796.000 
-12435  
-1  12  48           16.967          4           4.303         64          64.000          36.322         -45.610      -40404.000       11439.000      -35874.000      -31521.000      -18625.000      -34549.000       37472.000      -41251.000 
-12435  
-1  22  49           16.000         12          11.946         64          64.003          40.501         -35.890      113551.000      -27497.000       94899.000      105869.000       49066.000      113111.000     -114639.000      138766.000 
-12435  
-1  12  50           16.970          4           4.302         64          64.002          36.423         -45.622      -41182.000       12590.000      -36695.000      -30240.000      -19762.000      -33226.000       36204.000      -41766.000 
-12435  
-1  22  51           16.000         12          11.946         64          63.999          40.657         -35.903      114354.000      -20086.000       87431.000      112088.000       42331.000      116222.000     -123472.000      130349.000 
-12435  
-1  12  52           16.947          4           4.300         64          64.003          36.296         -45.605      -41106.000       11769.000      -36002.000      -31233.000      -18572.000      -33991.000       36846.000      -41724.000 
-12435  
-1  22  53           16.000         12          11.946         64          63.999          40.534         -35.887      114016.000      -27275.000       95175.000      106389.000       49242.000      112846.000     -115664.000      137347.000 
-12435  
-1  12  54           16.983          4           4.305         64          64.003          36.291         -45.560      -41627.000       11747.000      -35609.000      -31968.000      -18540.000      -34278.000       37995.000      -40843.000 
-12435  
-1  22  55           15.997         12          11.946         64          63.999          40.772         -35.894      113131.000      -27868.000       95028.000      105580.000       50332.000      113604.000     -113783.000      138758.000 
-12435  
-1  12  56           16.977          4           4.300         64          63.999          36.323         -45.557      -41363.000       10815.000      -35836.000      -32357.000      -17591.000      -34672.000       38443.000      -40600.000 
-12435  
-1  22  57           16.000         12          11.947         64          64.005          40.951         -35.923      114517.000      -14236.000       81425.000      115269.000       36577.000      117878.000     -131234.000      123158.000 
-12435  
-1  12  58           16.980          4           4.304         64          64.000          36.284         -45.607      -41308.000       10689.000      -35532.000      -32178.000      -17488.000      -34500.000       38352.000      -40123.000 
-12435  
-1  22  59           16.000         12          11.948         64          64.001          40.665         -35.912      112530.000      -28349.000       96174.000      104561.000       50987.000      112492.000     -113496.000      138801.000 
-12435  
-1  12  60           16.970          4           4.305         64          64.001          36.399         -45.565      -40938.000       13586.000      -37804.000      -29748.000      -19904.000      -33329.000       35414.000      -42936.000 
-12435  
-1  22  61           16.000         12          11.946         64          64.002          40.792         -35.914      113661.000      -21092.000       90207.000      110723.000       43253.000      114793.000     -121644.000      131933.000 
-12435  
-1  12  62           16.980          4           4.299         64          64.004          36.343         -45.544      -40572.000       13769.000      -37284.000      -30126.000      -20436.000      -33931.000       35794.000      -42882.000 
-12435  
-1  22  63           16.000         12          11.945         64          63.999          40.509         -35.886      113582.000      -23642.000       92115.000      109203.000       45967.000      114323.000     -120063.000      134457.000 
-12435  
-1  12  64           16.963          4           4.304         64          64.001          36.308         -45.600      -40789.000       12285.000      -36703.000      -31065.000      -18369.000      -33861.000       36478.000      -42051.000 
-12435  
-1  22  65           16.000         12          11.947         64          64.003          40.342         -35.907      112403.000      -25676.000       94364.000      106750.000       48546.000      114612.000     -116500.000      135963.000 
-12435  
-1  12  66           16.990          4           4.304         64          64.006          36.320         -45.568      -40858.000       13327.000      -37159.000      -30225.000      -19656.000      -33778.000       36596.000      -42016.000 
-12435  
-1  22  67           16.000         12          11.946         64          64.000          40.574         -35.896      112707.000      -29045.000       97307.000      104217.000       51323.000      112357.000     -112428.000      139963.000 
-12435  
-1  12  68           16.960          4           4.305         64          63.999          36.423         -45.605      -41053.000       10004.000      -35067.000      -32203.000      -17683.000      -34887.000       38766.000      -40183.000 
-12435  
-1  22  69           15.997         12          11.943         64          64.001          41.040         -35.939      113932.000      -16110.000       85281.000      114508.000       39002.000      116931.000     -126485.000      125453.000 
-12435  
-1  12  70           16.973          4           4.306         64          64.001          36.145         -45.614      -41657.000        9600.000      -33944.000      -32904.000      -16794.000      -35007.000       39608.000      -39278.000 
-12435  
-1  22  71           15.997         12          11.947         64          63.999          40.446         -35.922      115452.000      -16194.000       85052.000      114248.000       38979.000      116817.000     -126176.000      126156.000 
-12435  
-1  12  72           16.953          4           4.302         64          64.006          36.138         -45.608      -40529.000       10881.000      -36021.000      -31873.000      -18216.000      -34747.000       37545.000      -40861.000 
-12435  
-1  22  73           15.997         12          11.943         64          64.003          40.627         -35.903      114744.000      -16553.000       85491.000      114092.000       39399.000      117575.000     -126642.000      126646.000 
-12435  
-1  12  74           16.953          4           4.304         64          64.003          36.425         -45.589      -41259.000       11926.000      -35817.000      -31207.000      -18576.000      -34475.000       36835.000      -41706.000 
-12435  
-1  22  75           16.000         12          11.945         64          64.004          40.719         -35.927      114341.000      -16345.000       84913.000      114839.000       38320.000      116572.000     -127109.000      125816.000 
-12435  
-1  12  76           16.967          4           4.305         64          64.004          36.647         -45.617      -40740.000       12397.000      -35934.000      -31239.000      -19027.000      -34123.000       36573.000      -41611.000 
-12435  
-1  22  77           16.000         12          11.947         64          64.000          40.739         -35.907      114049.000      -23546.000       91924.000      108541.000       45804.000      114945.000     -118883.000      133863.000 
-12435  
-1  12  78           16.963          4           4.305         64          64.002          36.396         -45.602      -41574.000       10651.000      -35538.000      -31863.000      -17732.000      -34395.000       38085.000      -40474.000 
-12435  
-1  22  79           16.000         12          11.945         64          63.998          40.556         -35.916      114483.000      -14637.000       84636.000      115093.000       37206.000      117406.000     -129011.000      124237.000 
-12435  
-1  12  80           16.967          4           4.301         64          64.003          36.280         -45.568      -40992.000       11689.000      -36238.000      -31158.000      -18975.000      -34287.000       37459.000      -41654.000 
-12435  
-1  22  81           16.000         12          11.946         64          64.000          40.752         -35.906      113152.000      -25022.000       93621.000      107622.000       47426.000      113825.000     -117864.000      135246.000 
-12435  
-1  12  82           16.967          4           4.304         64          64.001          36.552         -45.540      -40929.000       11129.000      -35967.000      -32054.000      -18554.000      -34643.000       38247.000      -41267.000 
-12435  
-1  22  83           16.000         12          11.946         64          64.002          40.777         -35.904      111050.000      -34345.000      100910.000       99882.000       56227.000      110516.000     -107330.000      143700.000 
-12435  
-1  12  84           16.980          4           4.302         64          64.004          36.350         -45.620      -40933.000       11362.000      -35991.000      -31366.000      -18472.000      -33921.000       37797.000      -40815.000 
-12435  
-1  22  85           16.000         12          11.947         64          64.001          41.291         -35.920      114738.000      -17474.000       85882.000      113246.000       39349.000      116813.000     -126115.000      127079.000 
-12435  
-1  12  86           16.973          4           4.301         64          64.000          36.144         -45.600      -40244.000       12129.000      -36221.000      -31380.000      -18725.000      -34152.000       37144.000      -41831.000 
-12435  
-1  22  87           16.000         12          11.943         64          64.003          40.545         -35.918      114744.000      -16016.000       84794.000      112889.000       38267.000      117379.000     -128153.000      126198.000 
-12435  
-1  12  88           16.910          4           4.300         64          64.000          36.249         -45.568      -41122.000       11189.000      -35945.000      -31481.000      -19392.000      -34025.000       37460.000      -41688.000 
-12435  
-1  22  89           16.000         12          11.948         64          64.005          40.667         -35.914      113960.000      -23416.000       92271.000      108269.000       46027.000      114151.000     -119212.000      133763.000 
-12435  
-1  12  90           16.987          4           4.299         64          64.004          36.506         -45.573      -41019.000       12018.000      -36381.000      -31267.000      -19039.000      -34391.000       37446.000      -41093.000 
-12435  
-1  22  91           16.000         12          11.946         64          64.001          40.574         -35.932      115303.000      -15824.000       84048.000      113726.000       37443.000      117647.000     -127962.000      124589.000 
-12435  
-1  12  92           16.953          4           4.304         64          64.003          36.411         -45.630      -41581.000       11072.000      -35405.000      -31406.000      -17989.000      -34558.000       37264.000      -40637.000 
-12435  
-1  22  93           16.000         12          11.944         64          64.001          40.609         -35.938      115205.000      -16969.000       84825.000      113556.000       38758.000      116187.000     -126011.000      126701.000 
-12435  
-1  12  94           16.943          4           4.306         64          64.000          36.434         -45.618      -40958.000       10150.000      -35139.000      -32563.000      -17670.000      -34254.000       38472.000      -40412.000 
-12435  
-1  22  95           16.000         12          11.946         64          63.999          40.557         -35.892      110298.000      -38525.000      104802.000       96226.000       60195.000      108149.000     -101435.000      148062.000 
-12435  
-1  12  96           16.970          4           4.306         64          64.003          36.193         -45.638      -40863.000       11222.000      -35768.000      -31448.000      -18366.000      -33814.000       37673.000      -40853.000 
-12435  
-1  22  97           16.000         12          11.948         64          64.004          40.644         -35.895      115032.000      -16755.000       84803.000      113854.000       38494.000      117641.000     -127599.000      126896.000 
-12435  
-1  12  98           16.983          4           4.303         64          63.999          36.151         -45.616      -41334.000       10773.000      -35241.000      -32416.000      -17509.000      -34513.000       38462.000      -39802.000 
-12435  
-1  22  99           15.997         12          11.949         64          64.003          40.684         -35.903      112932.000      -26332.000       94037.000      107065.000       48473.000      113243.000     -115948.000      137332.000 
-12435  
