-1  22  1           18.003         12          11.940         64          64.001          42.054         -34.661      -61309.000      129192.000     -169717.000      -20791.000     -112395.000      -71708.000       31865.000     -199105.000 
-12435  
-1  12  2           16.937          4           4.371         64          64.002          35.520         -46.489       30585.000      -17429.000       39628.000       26187.000       21469.000       31077.000      -25991.000       38737.000 
-12435  
-1  22  3           18.003         12          11.940         64          63.998          41.976         -34.663      -58379.000      130212.000     -169459.000      -17209.000     -114408.000      -68868.000       27976.000     -200200.000 
-12435  
-1  12  4           16.977          4           4.369         64          63.994          35.456         -46.449       29847.000      -18867.000       40848.000       25175.000       22320.000       30649.000      -24882.000       39460.000 
-12435  
-1  22  5           18.007         12          11.942         64          64.001          41.984         -34.662      -54648.000      131729.000     -170170.000      -11832.000     -115146.000      -66852.000       21981.000     -201095.000 
-12435  
-1  12  6           16.977          4           4.368         64          63.999          35.438         -46.444       30713.000      -17037.000       39362.000       27656.000       20438.000       32411.000      -27099.000       37704.000 
-12435  
-1  22  7           18.000         12          11.941         64          63.999          42.077         -34.636      -56546.000      131821.000     -170585.000      -13064.000     -115433.000      -67728.000       22456.000     -201185.000 
-12435  
-1  12  8           16.983          4           4.370         64          64.001          35.407         -46.473       31413.000      -16158.000       38776.000       27870.000       20055.000       31916.000      -28164.000       37176.000 
-12435  
-1  22  9           18.003         12          11.942         64          64.001          41.980         -34.651      -44107.000      135638.000     -171678.000        2044.000     -120737.000      -56745.000        5539.000     -201772.000 
-12435  
-1  12  10           16.953          4           4.368         64          63.999          35.642         -46.502       30856.000      -16734.000       39156.000       27611.000       20371.000       31500.000      -26959.000       37620.000 
-12435  
-1  22  11           18.007         12          11.942         64          64.002          41.886         -34.666      -68243.000      125347.000     -168096.000      -29769.000     -107056.000      -78516.000       43165.000     -197466.000 
-12435  
-1  12  12           16.867          4           4.366         64          64.001          35.437         -46.431       30837.000      -16089.000       39025.000       27916.000       20680.000       32638.000      -27142.000       38088.000 
-12435  
-1  22  13           18.003         12          11.940         64          64.002          41.722         -34.669      -55807.000      131981.000     -169749.000      -11871.000     -115326.000      -65938.000       21971.000     -200732.000 
-12435  
-1  12  14           16.983          4           4.370         64          64.006          35.194         -46.480       31146.000      -16253.000       38748.000       27702.000       19680.000       31916.000      -27994.000       37684.000 
-12435  
-1  22  15           18.000         12          11.940         64          64.002          41.759         -34.679      -64492.000      127071.000     -169159.000      -21351.000     -111003.000      -74020.000       34263.000     -198263.000 
-12435  
-1  12  16           16.943          4           4.366         64          63.999          35.325         -46.504       30880.000      -16511.000       39318.000       27017.000       20971.000       31602.000      -26963.000       37493.000 
-12435  
-1  22  17           18.003         12          11.941         64          64.002          42.176         -34.669      -57420.000      130857.000     -169256.000      -14524.000     -114009.000      -68046.000       25047.000     -200985.000 
-12435  
-1  12  18           16.933          4           4.370         64          64.008          35.288         -46.470       31264.000      -16459.000       39487.000       27877.000       20332.000       31777.000      -26989.000       37313.000 
-12435  
-1  22  19           18.003         12          11.943         64          64.001          41.929         -34.661      -67671.000      125533.000     -168448.000      -28001.000     -108399.000      -77587.000       41645.000     -197777.000 
-12435  
-1  12  20           16.973          4           4.364         64          64.003          35.398         -46.460       30319.000      -17696.000       40356.000       25615.000       21292.000       31332.000      -25916.000       39008.000 
-12435  
-1  22  21           18.007         12          11.940         64          64.001          41.964         -34.635      -68204.000      126241.000     -168930.000      -27087.000     -109341.000      -78188.000       42243.000     -197623.000 
-12435  
-1  12  22           16.953          4           4.367         64          64.000          35.358         -46.477       30010.000      -17465.000       39964.000       26102.000       21418.000       31109.000      -26168.000       39016.000 
-12435  
-1  22  23           18.003         12          11.941         64          64.001          41.809         -34.667      -58513.000      130427.000     -170181.000      -14286.000     -114226.000      -68796.000       26375.000     -199737.000 
-12435  
-1  12  24           16.863          4           4.369         64          64.001          35.342         -46.509       30597.000      -16607.000       38974.000       27399.000       20864.000       31325.000      -26285.000       38414.000 
-12435  
-1  22  25           18.007         12          11.943         64          64.001          41.817         -34.681      -65230.000      126556.000     -167458.000      -24484.000     -109381.000      -75613.000       38437.000     -198854.000 
-12435  
-1  12  26           16.990          4           4.364         64          64.004          35.416         -46.451       31126.000      -17092.000       39233.000       26771.000       20628.000       31685.000      -27278.000       38324.000 
-12435  
-1  22  27           18.007         12          11.942         64          64.000          41.808         -34.666      -66213.000      127341.000     -167831.000      -25693.000     -109278.000      -75836.000       38394.000     -198512.000 
-12435  
-1  12  28           16.990          4           4.368         64          64.002          35.522         -46.506       30326.000      -16990.000       38995.000       26916.000       20404.000       31492.000      -27243.000       38291.000 
-12435  
-1  22  29           18.003         12          11.940         64          63.999          41.931         -34.674      -66260.000      126331.000     -167744.000      -26011.000     -109240.000      -76237.000       38193.000     -198542.000 
-12435  
-1  12  30           16.970          4           4.369         64          64.005          35.521         -46.502       30478.000      -16423.000       38790.000       27236.000       20281.000       32020.000      -27545.000       37885.000 
-12435  
-1  22  31           18.007         12          11.939         64          64.003          41.936         -34.649      -56428.000      131626.000     -170292.000      -12843.000     -115003.000      -66313.000       23829.000     -201393.000 
-12435  
-1  12  32           16.973          4           4.368         64          64.003          35.568         -46.475       31066.000      -17093.000       39401.000       27012.000       20555.000       31745.000      -26761.000       37883.000 
-12435  
-1  22  33           18.007         12          11.943         64          64.005          42.030         -34.657      -56751.000      130733.000     -170308.000      -15008.000     -114038.000      -68613.000       26369.000     -200656.000 
-12435  
-1  12  34           16.917          4           4.370         64          64.003          35.629         -46.461       30728.000      -17196.000       39816.000       26805.000       20941.000       31028.000      -26125.000       38942.000 
-12435  
-1  22  35           18.003         12          11.942         64          64.003          41.812         -34.633      -63078.000      128988.000     -169927.000      -21364.000     -112109.000      -72027.000       32903.000     -200092.000 
-12435  
-1  12  36           16.987          4           4.367         64          63.999          35.678         -46.487       30662.000      -16867.000       39143.000       27071.000       20649.000       32041.000      -27248.000       37630.000 
-12435  
-1  22  37           18.007         12          11.941         64          64.000          41.907         -34.652      -56993.000      131190.000     -170026.000      -13897.000     -114345.000      -67928.000       25566.000     -201095.000 
-12435  
-1  12  38           17.037          4           4.365         64          64.006          35.501         -46.489       30901.000      -17452.000       38911.000       27276.000       20362.000       31763.000      -27411.000       37481.000 
-12435  
-1  22  39           18.007         12          11.941         64          63.999          42.283         -34.655      -66066.000      127213.000     -168850.000      -25651.000     -108377.000      -75906.000       38779.000     -198867.000 
-12435  
-1  12  40           16.983          4           4.367         64          64.007          35.317         -46.479       31259.000      -16376.000       38752.000       27388.000       19762.000       31444.000      -27964.000       38153.000 
-12435  
-1  22  41           18.007         12          11.943         64          63.999          41.800         -34.683      -57802.000      130212.000     -169009.000      -14484.000     -113988.000      -68253.000       26498.000     -200367.000 
-12435  
-1  12  42           16.950          4           4.365         64          64.001          35.418         -46.492       31161.000      -16620.000       38638.000       27368.000       20125.000       31776.000      -27122.000       38117.000 
-12435  
-1  22  43           18.000         12          11.945         64          64.002          42.007         -34.672      -58789.000      129719.000     -169070.000      -16109.000     -114409.000      -69125.000       25962.000     -200427.000 
-12435  
-1  12  44           16.963          4           4.369         64          63.997          35.372         -46.535       30725.000      -17115.000       39189.000       27144.000       20615.000       31137.000      -26517.000       37628.000 
-12435  
-1  22  45           18.010         12          11.941         64          64.001          41.782         -34.661      -55606.000      131283.000     -170312.000      -12172.000     -114352.000      -67039.000       23951.000     -201240.000 
-12435  
-1  12  46           16.990          4           4.369         64          64.000          35.281         -46.480       30796.000      -17363.000       39310.000       26630.000       20955.000       31270.000      -26894.000       38309.000 
-12435  
-1  22  47           18.007         12          11.941         64          64.002          41.847         -34.657      -65656.000      127593.000     -168218.000      -24160.000     -110250.000      -75746.000       37977.000     -198517.000 
-12435  
-1  12  48           16.950          4           4.370         64          64.004          35.318         -46.486       31364.000      -16792.000       39061.000       27038.000       21020.000       31716.000      -26884.000       37551.000 
-12435  
-1  22  49           18.003         12          11.940         64          64.002          41.829         -34.635      -57631.000      130317.000     -169978.000      -14834.000     -114922.000      -68923.000       26187.000     -201777.000 
-12435  
-1  12  50           16.987          4           4.368         64          63.995          35.777         -46.486       30771.000      -17101.000       38993.000       27001.000       20656.000       31789.000      -27091.000       37973.000 
-12435  
-1  22  51           18.007         12          11.940         64          64.000          41.850         -34.673      -54171.000      131762.000     -169697.000      -10132.000     -115654.000      -66061.000       20917.000     -201085.000 
-12435  
-1  12  52           16.963          4           4.363         64          64.003          35.579         -46.508       30566.000      -16045.000       38568.000       27799.000       19867.000       32127.000      -27876.000       37564.000 
-12435  
-1  22  53           18.000         12          11.940         64          63.998          41.708         -34.689      -57528.000      130651.000     -170187.000      -13631.000     -113994.000      -67840.000       24069.000     -199316.000 
-12435  
-1  12  54           17.000          4           4.373         64          64.010          35.265         -46.482       31422.000      -15980.000       38547.000       28453.000       19621.000       32513.000      -28405.000       36364.000 
-12435  
-1  22  55           18.007         12          11.940         64          63.999          41.838         -34.693      -62480.000      127988.000     -168818.000      -22530.000     -110077.000      -72521.000       34508.000     -198646.000 
-12435  
-1  12  56           17.017          4           4.365         64          64.001          35.374         -46.512       30543.000      -17383.000       39199.000       27044.000       20225.000       31883.000      -26880.000       37540.000 
-12435  
-1  22  57           18.003         12          11.943         64          64.003          42.014         -34.664      -53881.000      132606.000     -169746.000       -9021.000     -116420.000      -65075.000       18821.000     -201312.000 
-12435  
-1  12  58           16.963          4           4.370         64          64.006          35.347         -46.467       30841.000      -16759.000       39202.000       27113.000       20916.000       31754.000      -27293.000       37942.000 
-12435  
-1  22  59           18.003         12          11.942         64          64.000          41.662         -34.668      -62213.000      127806.000     -168459.000      -22015.000     -111583.000      -73672.000       33935.000     -199587.000 
-12435  
-1  12  60           16.983          4           4.369         64          64.001          35.530         -46.518       30046.000      -18152.000       39992.000       25333.000       21219.000       30987.000      -25344.000       39029.000 
-12435  
-1  22  61           18.007         12          11.940         64          64.002          42.249         -34.661      -68186.000      125465.000     -167470.000      -29107.000     -108258.000      -78715.000       43128.000     -197617.000 
-12435  
-1  12  62           16.983          4           4.366         64          63.999          35.615         -46.479       30007.000      -17666.000       39685.000       26458.000       21029.000       31415.000      -26363.000       38766.000 
-12435  
-1  22  63           18.003         12          11.943         64          64.003          42.294         -34.682      -73873.000      121712.000     -165658.000      -36983.000     -104125.000      -82676.000       51143.000     -195489.000 
-12435  
-1  12  64           16.887          4           4.367         64          64.004          35.549         -46.512       30324.000      -16508.000       39189.000       26637.000       21197.000       31217.000      -26481.000       38694.000 
-12435  
-1  22  65           18.007         12          11.938         64          64.000          41.689         -34.678      -56989.000      130938.000     -170310.000      -14438.000     -113861.000      -66983.000       25082.000     -200039.000 
-12435  
-1  12  66           16.987          4           4.368         64          64.002          35.232         -46.505       30963.000      -16270.000       38537.000       27654.000       20152.000       31875.000      -27994.000       37318.000 
-12435  
-1  22  67           18.007         12          11.941         64          64.001          41.657         -34.672      -49242.000      133732.000     -170778.000       -4244.000     -118164.000      -60748.000       13801.000     -201254.000 
-12435  
-1  12  68           16.983          4           4.369         64          64.005          35.283         -46.460       31299.000      -17038.000       38767.000       27381.000       20186.000       32038.000      -27286.000       38000.000 
-12435  
-1  22  69           18.003         12          11.940         64          64.001          42.013         -34.674      -53810.000      132257.000     -169951.000       -9667.000     -115940.000      -65207.000       19360.000     -200888.000 
-12435  
-1  12  70           16.963          4           4.366         64          64.003          35.498         -46.492       31666.000      -15765.000       38404.000       28709.000       19718.000       31922.000      -28294.000       36511.000 
-12435  
-1  22  71           18.003         12          11.941         64          64.002          42.058         -34.672      -69493.000      124738.000     -167191.000      -29738.000     -107727.000      -78527.000       44114.000     -197253.000 
-12435  
-1  12  72           16.980          4           4.367         64          64.000          35.370         -46.496       30203.000      -18900.000       39956.000       25167.000       21637.000       30856.000      -24718.000       39437.000 
-12435  
-1  22  73           18.003         12          11.942         64          64.001          42.422         -34.645      -45816.000      135399.000     -170851.000        1501.000     -120466.000      -57499.000        7064.000     -202556.000 
-12435  
-1  12  74           16.953          4           4.364         64          64.000          35.757         -46.457       29500.000      -17972.000       40076.000       25677.000       21761.000       31399.000      -25646.000       39675.000 
-12435  
-1  22  75           18.007         12          11.944         64          63.999          41.860         -34.662      -70171.000      124603.000     -167564.000      -31445.000     -106745.000      -79700.000       45749.000     -196797.000 
-12435  
-1  12  76           16.950          4           4.368         64          64.002          35.302         -46.525       30636.000      -16475.000       38563.000       27725.000       20147.000       31696.000      -27283.000       37654.000 
-12435  
-1  22  77           18.000         12          11.938         64          64.003          41.779         -34.636      -51973.000      132395.000     -171416.000       -6247.000     -117716.000      -63004.000       16612.000     -202425.000 
-12435  
-1  12  78           16.980          4           4.365         64          63.997          35.356         -46.468       30805.000      -16027.000       38534.000       28125.000       19439.000       32241.000      -28375.000       37777.000 
-12435  
-1  22  79           18.010         12          11.942         64          64.001          41.873         -34.683      -61466.000      128842.000     -168539.000      -19648.000     -111210.000      -71676.000       32443.000     -199630.000 
-12435  
-1  12  80           16.993          4           4.362         64          64.003          35.609         -46.487       31586.000      -15366.000       38254.000       28624.000       18899.000       32237.000      -29053.000       36661.000 
-12435  
-1  22  81           18.013         12          11.941         64          64.001          41.661         -34.674      -47908.000      135641.000     -169755.000       -2280.000     -118186.000      -59529.000       11502.000     -201564.000 
-12435  
-1  12  82           17.020          4           4.370         64          63.998          35.239         -46.474       31926.000      -16375.000       38469.000       28219.000       19398.000       32248.000      -28338.000       36596.000 
-12435  
-1  22  83           18.003         12          11.941         64          64.004          42.274         -34.667      -56151.000      130924.000     -170296.000      -13040.000     -114910.000      -67451.000       23289.000     -200525.000 
-12435  
-1  12  84           16.937          4           4.369         64          63.998          35.394         -46.471       31140.000      -16374.000       39245.000       27115.000       20438.000       32057.000      -27048.000       37894.000 
-12435  
-1  22  85           18.003         12          11.942         64          64.004          41.940         -34.654      -61133.000      128955.000     -169528.000      -19923.000     -112404.000      -71731.000       31286.000     -200086.000 
-12435  
-1  12  86           16.937          4           4.368         64          63.999          35.241         -46.500       30799.000      -16674.000       39066.000       26505.000       20370.000       31661.000      -26571.000       38748.000 
-12435  
-1  22  87           18.003         12          11.941         64          64.002          41.639         -34.639      -49013.000      134064.000     -171752.000       -3638.000     -118554.000      -62224.000       12477.000     -201711.000 
-12435  
-1  12  88           16.950          4           4.367         64          64.002          35.406         -46.474       30178.000      -17868.000       40164.000       25481.000       22004.000       30876.000      -25605.000       39193.000 
-12435  
-1  22  89           18.000         12          11.941         64          64.000          41.782         -34.661      -60930.000      128892.000     -169638.000      -18056.000     -114271.000      -70551.000       29632.000     -199452.000 
-12435  
-1  12  90           17.000          4           4.370         64          64.002          35.331         -46.500       31000.000      -16247.000       38750.000       27828.000       19673.000       32264.000      -27965.000       36994.000 
-12435  
-1  22  91           18.000         12          11.942         64          63.999          41.855         -34.673      -53431.000      132351.000     -169951.000       -9791.000     -115969.000      -64967.000       18288.000     -201137.000 
-12435  
-1  12  92           16.930          4           4.367         64          64.000          35.448         -46.490       29980.000      -17090.000       40341.000       26067.000       21252.000       31565.000      -25866.000       38484.000 
-12435  
-1  22  93           18.003         12          11.941         64          64.003          41.829         -34.664      -56457.000      131495.000     -170040.000      -13435.000     -115208.000      -68060.000       23856.000     -200000.000 
-12435  
-1  12  94           17.000          4           4.363         64          64.000          35.257         -46.499       30811.000      -16891.000       38733.000       27034.000       20364.000       31607.000      -27578.000       37958.000 
-12435  
-1  22  95           18.003         12          11.941         64          64.002          41.961         -34.690      -66108.000      125555.000     -167656.000      -25012.000     -109578.000      -75739.000       39409.000     -198093.000 
-12435  
-1  12  96           16.967          4           4.373         64          64.000          35.524         -46.514       30533.000      -17251.000       39571.000       26506.000       21127.000       31225.000      -26372.000       37978.000 
-12435  
-1  22  97           18.000         12          11.941         64          64.002          41.785         -34.652      -68001.000      125401.000     -168866.000      -27693.000     -108558.000      -77173.000       40901.000     -198247.000 
-12435  
-1  12  98           16.957          4           4.373         64          64.002          35.301         -46.520       30863.000      -16799.000       39038.000       26673.000       21106.000       31064.000      -26917.000       37962.000 
-12435  
-1  22  99           18.003         12          11.941         64          63.998          42.029         -34.656      -43016.000      136381.000     -170868.000        3472.000     -120793.000      -55514.000        3237.000     -202272.000 
-12435  
