-1  12  1            3.807          3           2.541         64          63.986          26.780         -56.162      -12315.000        4518.000      -14313.000        3235.000      -12866.000        3564.000      -14130.000         115.000 
-12435  
-1  22  2           52.053         12          11.867         64          63.968          15.908         -61.205       -5606.000        4318.000        3778.000       -8647.000        2245.000        7304.000       -2455.000       -6005.000 
-12435  
-1  12  3            3.290          3           2.539         64          64.002          26.791         -56.250      -12391.000        3988.000      -13879.000        2767.000      -13265.000        3133.000      -13939.000         119.000 
-12435  
-1  22  4           51.157         12          11.850         64          63.983          15.253         -61.512       -4669.000        4607.000        3548.000       -8813.000        2951.000        6890.000       -2246.000       -5360.000 
-12435  
-1  12  5            3.293          3           2.525         64          64.001          26.832         -56.297      -12656.000        4187.000      -13874.000        2811.000      -13174.000        3418.000      -13360.000          34.000 
-12435  
-1  22  6           51.933         12          11.794         64          63.997          15.201         -61.457       -4636.000        4147.000        2066.000       -8656.000        2796.000        7558.000       -3133.000       -5783.000 
-12435  
-1  12  7            3.873          3           2.533         64          63.998          26.769         -56.171      -11832.000        4898.000      -13780.000        3873.000      -13249.000        4157.000      -14195.000         628.000 
-12435  
-1  22  8           52.030         12          11.871         64          64.001          15.482         -61.484       -4426.000        4394.000        1700.000       -9029.000        3212.000        7093.000       -3050.000       -5608.000 
-12435  
-1  12  9            4.003          3           2.542         64          64.007          26.984         -56.204      -11570.000        5366.000      -13656.000        4163.000      -13049.000        3878.000      -14337.000         706.000 
-12435  
-1  22  10           54.567         12          11.820         64          63.974          15.478         -61.534       -4581.000        4724.000        3187.000       -8181.000        2400.000        8155.000       -1487.000       -5220.000 
-12435  
-1  12  11            3.893          3           2.542         64          64.004          26.810         -56.146      -12087.000        4553.000      -14362.000        3449.000      -12959.000        3410.000      -14264.000         221.000 
-12435  
-1  22  12           48.713         12          11.856         64          64.044          15.196         -61.402       -5014.000        3335.000        3134.000       -8804.000        2420.000        7890.000       -2454.000       -5592.000 
-12435  
-1  12  13            3.130          3           2.546         64          63.989          26.870         -56.079      -12458.000        3999.000      -14234.000        2885.000      -13375.000        3284.000      -14427.000         370.000 
-12435  
-1  22  14           49.987         12          11.877         64          64.054          15.521         -61.394       -5238.000        5003.000        2223.000       -9070.000        2293.000        7512.000       -2873.000       -4449.000 
-12435  
-1  12  15            3.960          3           2.533         64          63.984          26.968         -56.182      -12047.000        4781.000      -13702.000        3656.000      -12916.000        3820.000      -14530.000         183.000 
-12435  
-1  22  16           49.613         12          11.877         64          64.005          15.627         -61.284       -4776.000        4173.000        3014.000       -9476.000        2792.000        7257.000       -2471.000       -5444.000 
-12435  
-1  12  17            3.627          3           2.532         64          64.008          26.770         -56.234      -12326.000        4830.000      -13216.000        3483.000      -13016.000        3686.000      -14378.000         902.000 
-12435  
-1  22  18           54.320         12          11.831         64          64.054          15.338         -61.480       -4512.000        5544.000        1532.000       -8055.000        3299.000        7907.000       -2997.000       -4918.000 
-12435  
-1  12  19            3.930          3           2.533         64          64.001          26.991         -56.125      -12339.000        4891.000      -13951.000        3179.000      -12913.000        3710.000      -14506.000         157.000 
-12435  
-1  22  20           50.710         12          11.833         64          64.000          15.429         -61.233       -4490.000        4543.000        3732.000       -9218.000        2311.000        7917.000       -1867.000       -5181.000 
-12435  
-1  12  21            3.770          3           2.531         64          64.002          26.506         -56.349      -12055.000        4371.000      -13751.000        3523.000      -12992.000        3166.000      -13710.000         596.000 
-12435  
-1  22  22           56.700         12          11.821         64          63.978          15.401         -61.548       -4949.000        4572.000        3235.000       -8181.000        1927.000        7038.000       -2032.000       -6423.000 
-12435  
-1  12  23            3.933          3           2.533         64          64.007          26.825         -56.209      -11816.000        4500.000      -14169.000        3698.000      -12911.000        2898.000      -14397.000         599.000 
-12435  
-1  22  24           52.720         12          11.817         64          64.007          15.822         -61.105       -6178.000        3558.000        3985.000       -7865.000        1178.000        8528.000       -1766.000       -6276.000 
-12435  
-1  12  25            3.997          3           2.536         64          64.001          27.001         -56.153      -11827.000        4361.000      -13960.000        3581.000      -13205.000        3547.000      -14599.000        -475.000 
-12435  
-1  22  26           52.840         12          11.892         64          63.997          16.011         -61.029       -4637.000        4600.000        3123.000       -8938.000        2164.000        7819.000       -3431.000       -6296.000 
-12435  
-1  12  27            3.963          3           2.534         64          63.998          26.819         -56.258      -11956.000        4916.000      -13706.000        3749.000      -12951.000        3687.000      -14072.000         338.000 
-12435  
-1  22  28           56.670         12          11.885         64          63.992          15.834         -61.281       -4113.000        5482.000        2692.000       -8549.000        3002.000        7230.000       -2963.000       -6173.000 
-12435  
-1  12  29            3.890          3           2.528         64          64.007          26.641         -56.279      -12214.000        4922.000      -13560.000        3558.000      -12872.000        3766.000      -13957.000         521.000 
-12435  
-1  22  30           49.310         12          11.844         64          63.965          15.852         -61.118       -3966.000        5306.000        1493.000       -9884.000        3992.000        6912.000       -3913.000       -4650.000 
-12435  
-1  12  31            3.950          3           2.533         64          64.004          26.892         -56.231      -12109.000        5160.000      -14145.000        3162.000      -12869.000        3516.000      -13852.000         281.000 
-12435  
-1  22  32           50.617         12          11.884         64          63.986          15.420         -61.345       -3880.000        5047.000        2756.000       -9083.000        2928.000        7484.000       -3552.000       -4918.000 
-12435  
-1  12  33            3.953          3           2.542         64          64.007          26.979         -56.179      -12446.000        4188.000      -13931.000        3230.000      -13433.000        3014.000      -13983.000        -418.000 
-12435  
-1  22  34           55.883         12          11.867         64          63.937          15.617         -61.202       -5563.000        4408.000        3307.000       -8267.000        1951.000        7743.000       -1862.000       -6551.000 
-12435  
-1  12  35            3.953          3           2.537         64          64.003          26.815         -56.208      -12128.000        4499.000      -13948.000        3596.000      -13122.000        3253.000      -14128.000          74.000 
-12435  
-1  22  36           57.633         12          11.869         64          64.008          15.475         -61.455       -5036.000        4457.000        1959.000       -9034.000        1640.000        6733.000       -2174.000       -6541.000 
-12435  
-1  12  37            3.827          3           2.525         64          64.008          26.735         -56.222      -12493.000        4731.000      -13572.000        3484.000      -13173.000        3364.000      -13955.000         605.000 
-12435  
-1  22  38           51.110         12          11.880         64          64.020          14.818         -62.060       -4647.000        3539.000        3822.000       -8266.000        2064.000        6436.000       -1785.000       -5556.000 
-12435  
-1  12  39            3.913          3           2.542         64          64.000          27.000         -56.071      -12596.000        5083.000      -13986.000        3645.000      -13225.000        3262.000      -14213.000         757.000 
-12435  
-1  22  40           53.760         12          11.901         64          63.980          15.284         -61.588       -4063.000        4481.000        1863.000       -9075.000        3261.000        7038.000       -2163.000       -5669.000 
-12435  
-1  12  41            3.937          3           2.529         64          63.990          26.837         -56.207      -12086.000        4554.000      -14090.000        3674.000      -13075.000        3394.000      -14001.000         162.000 
-12435  
-1  22  42           51.533         12          11.846         64          63.990          15.739         -61.071       -5900.000        4576.000        3304.000       -9058.000        1813.000        7563.000       -2644.000       -5561.000 
-12435  
-1  12  43            3.947          3           2.534         64          64.004          26.886         -56.193      -12248.000        4513.000      -13967.000        2906.000      -13146.000        3051.000      -14272.000        -109.000 
-12435  
-1  22  44           52.467         12          11.860         64          64.033          15.411         -61.402       -4996.000        4252.000        3293.000       -8178.000        2842.000        8090.000       -1763.000       -5618.000 
-12435  
-1  12  45            3.930          3           2.541         64          63.994          26.838         -56.160      -12532.000        4542.000      -13592.000        3202.000      -13320.000        3411.000      -14280.000         -51.000 
-12435  
-1  22  46           54.193         12          11.854         64          63.960          15.185         -61.637       -5494.000        4028.000        3537.000       -7544.000        2012.000        7986.000       -1290.000       -5622.000 
-12435  
-1  12  47            3.960          3           2.542         64          64.000          27.010         -56.179      -12194.000        4680.000      -14177.000        3741.000      -13192.000        3212.000      -13864.000         195.000 
-12435  
-1  22  48           52.067         12          11.868         64          64.024          15.489         -61.261       -4446.000        5769.000        1874.000       -9374.000        3536.000        6471.000       -3610.000       -4970.000 
-12435  
-1  12  49            3.877          3           2.538         64          64.012          26.991         -56.162      -12264.000        4788.000      -14141.000        2987.000      -13024.000        3604.000      -14155.000         111.000 
-12435  
-1  22  50           50.610         12          11.869         64          64.032          15.492         -61.224       -5731.000        4778.000        3200.000       -8870.000        2833.000        7299.000       -2376.000       -5200.000 
-12435  
-1  12  51            3.967          3           2.533         64          63.999          26.740         -56.246      -11978.000        4764.000      -13971.000        3405.000      -12716.000        3552.000      -14257.000          17.000 
-12435  
-1  22  52           50.770         12          11.882         64          64.035          15.323         -61.348       -4375.000        4910.000        2195.000       -9306.000        3434.000        7064.000       -3040.000       -5125.000 
-12435  
-1  12  53            3.583          3           2.539         64          64.002          27.103         -56.197      -12123.000        4676.000      -13725.000        3651.000      -13190.000        4116.000      -14044.000         639.000 
-12435  
-1  22  54           51.087         12          11.862         64          64.033          15.721         -61.282       -5138.000        4548.000        3427.000       -8982.000        2515.000        7354.000       -2411.000       -5446.000 
-12435  
-1  12  55            3.847          3           2.529         64          63.997          26.849         -56.137      -12409.000        4535.000      -13903.000        2808.000      -13283.000        3326.000      -14368.000          50.000 
-12435  
-1  22  56           49.883         12          11.883         64          64.013          15.064         -61.628       -4586.000        4269.000        1864.000       -8904.000        3486.000        7162.000       -2510.000       -5060.000 
-12435  
-1  12  57            3.977          3           2.535         64          64.006          26.917         -56.182      -12045.000        4746.000      -14062.000        3153.000      -12688.000        3559.000      -14589.000        -163.000 
-12435  
-1  22  58           53.823         12          11.929         64          63.981          14.922         -61.675       -5363.000        4291.000        1687.000       -9097.000        2083.000        6630.000       -1960.000       -5487.000 
-12435  
-1  12  59            4.017          3           2.534         64          64.017          26.689         -56.165      -11982.000        4954.000      -13838.000        3579.000      -13592.000        3293.000      -14027.000          80.000 
-12435  
-1  22  60           48.787         12          11.823         64          64.055          15.566         -61.348       -5339.000        4176.000        3301.000       -9462.000        2102.000        6885.000       -2781.000       -5092.000 
-12435  
-1  12  61            3.220          3           2.535         64          63.996          26.905         -56.158      -12587.000        4370.000      -14021.000        3405.000      -13143.000        3702.000      -13910.000         528.000 
-12435  
-1  22  62           50.863         12          11.832         64          64.046          15.453         -61.195       -4977.000        5009.000        2356.000       -9153.000        3020.000        7557.000       -2999.000       -5074.000 
-12435  
-1  12  63            3.953          3           2.540         64          63.989          26.890         -56.149      -12245.000        4808.000      -13690.000        3405.000      -13482.000        3445.000      -14205.000         188.000 
-12435  
-1  22  64           53.427         12          11.755         64          64.013          15.116         -61.657       -4309.000        4661.000        2861.000       -8227.000        3004.000        7148.000       -2732.000       -5673.000 
-12435  
-1  12  65            3.910          3           2.544         64          64.013          27.039         -56.097      -12339.000        4740.000      -13715.000        3703.000      -13265.000        3624.000      -14524.000         472.000 
-12435  
-1  22  66           57.180         12          11.914         64          63.956          15.465         -61.394       -5717.000        4931.000        2668.000       -7698.000        1941.000        8016.000       -1821.000       -5888.000 
-12435  
-1  12  67            3.927          3           2.530         64          64.008          26.707         -56.290      -12354.000        4283.000      -13712.000        2990.000      -13167.000        3035.000      -13870.000        -242.000 
-12435  
-1  22  68           49.770         12          11.863         64          63.982          15.091         -61.512       -4780.000        4127.000        3465.000       -9326.000        1789.000        6813.000       -2747.000       -5219.000 
-12435  
-1  12  69            3.973          3           2.530         64          64.004          26.954         -56.242      -11961.000        4773.000      -14141.000        3459.000      -13047.000        3128.000      -13907.000         182.000 
-12435  
-1  22  70           49.533         12          11.820         64          64.006          15.362         -61.349       -4698.000        4386.000        2454.000       -9408.000        2087.000        7415.000       -3448.000       -4970.000 
-12435  
-1  12  71            3.893          3           2.531         64          63.999          26.801         -56.274      -12358.000        4706.000      -13763.000        3293.000      -12907.000        3110.000      -13933.000         456.000 
-12435  
-1  22  72           55.423         12          11.879         64          63.973          14.859         -62.016       -3110.000        5335.000        1337.000       -8231.000        3621.000        6134.000       -3689.000       -5176.000 
-12435  
-1  12  73            3.960          3           2.529         64          63.989          26.746         -56.163      -12271.000        5263.000      -13807.000        3317.000      -13319.000        3512.000      -13971.000         446.000 
-12435  
-1  22  74           49.897         12          11.880         64          64.003          15.777         -61.204       -6492.000        3847.000        3658.000       -8606.000        1981.000        7257.000       -2639.000       -5634.000 
-12435  
-1  12  75            3.860          3           2.545         64          64.008          26.813         -56.146      -12375.000        4653.000      -13729.000        3409.000      -13332.000        3664.000      -14212.000         289.000 
-12435  
-1  22  76           57.447         12          11.883         64          64.042          15.419         -61.338       -4726.000        5092.000        2029.000       -8433.000        3092.000        7563.000       -2077.000       -6151.000 
-12435  
-1  12  77            3.880          3           2.545         64          64.008          26.952         -56.007      -12269.000        4697.000      -14284.000        3186.000      -13636.000        3427.000      -14438.000         253.000 
-12435  
-1  22  78           49.553         12          11.839         64          63.971          15.162         -61.593       -5146.000        3553.000        3684.000       -8811.000        1647.000        7839.000        -656.000       -4922.000 
-12435  
-1  12  79            3.987          3           2.536         64          64.003          26.887         -56.154      -12015.000        4899.000      -13926.000        3215.000      -13131.000        3317.000      -14512.000          -6.000 
-12435  
-1  22  80           52.130         12          11.822         64          63.978          15.597         -61.234       -5539.000        4716.000        3160.000       -9018.000        2866.000        6986.000       -2167.000       -5661.000 
-12435  
-1  12  81            3.800          3           2.519         64          64.019          26.848         -56.271      -12532.000        4400.000      -13938.000        3387.000      -12635.000        3507.000      -13861.000          77.000 
-12435  
-1  22  82           54.393         12          11.883         64          64.047          15.611         -61.180       -4936.000        4950.000        2871.000       -9081.000        2968.000        7054.000       -2370.000       -6102.000 
-12435  
-1  12  83            3.817          3           2.534         64          64.003          26.880         -56.215      -12395.000        4656.000      -13845.000        3411.000      -12650.000        3808.000      -14237.000         244.000 
-12435  
-1  22  84           51.100         12          11.772         64          63.970          15.241         -61.613       -5910.000        3576.000        3098.000       -8230.000        1641.000        7207.000       -2514.000       -5668.000 
-12435  
-1  12  85            3.267          3           2.532         64          64.011          26.857         -56.116      -12646.000        4415.000      -14035.000        3163.000      -13206.000        3225.000      -14207.000         622.000 
-12435  
-1  22  86           52.970         12          11.886         64          64.031          15.437         -61.215       -5400.000        4265.000        3634.000       -8684.000        2117.000        6871.000       -2953.000       -6531.000 
-12435  
-1  12  87            3.730          3           2.541         64          64.013          27.106         -56.055      -12111.000        4268.000      -14065.000        3033.000      -13672.000        3474.000      -14611.000         154.000 
-12435  
-1  22  88           51.560         12          11.909         64          63.984          15.277         -61.442       -5126.000        4743.000        3246.000       -8572.000        3233.000        7191.000       -2027.000       -5276.000 
-12435  
-1  12  89            3.747          3           2.534         64          63.993          26.772         -56.268      -11938.000        4453.000      -14384.000        2797.000      -12818.000        3767.000      -13830.000        -188.000 
-12435  
-1  22  90           50.810         12          11.887         64          63.989          15.182         -61.441       -4995.000        4439.000        3235.000       -9158.000        1918.000        6784.000       -3076.000       -5363.000 
-12435  
-1  12  91            3.953          3           2.537         64          64.004          26.881         -56.221      -12120.000        5343.000      -14128.000        3677.000      -12872.000        3438.000      -13725.000         726.000 
-12435  
-1  22  92           55.050         12          11.861         64          64.044          16.013         -60.897       -4960.000        5741.000        1812.000       -9355.000        3571.000        7296.000       -2856.000       -5892.000 
-12435  
-1  12  93            3.940          3           2.541         64          63.998          26.750         -56.105      -12338.000        4880.000      -14199.000        3448.000      -13136.000        3914.000      -14066.000        -102.000 
-12435  
-1  22  94           50.470         12          11.910         64          63.997          15.291         -61.591       -4854.000        4049.000        2767.000       -8923.000        3295.000        6800.000       -2058.000       -5537.000 
-12435  
-1  12  95            3.930          3           2.541         64          63.999          27.234         -56.195      -11903.000        4734.000      -13908.000        3536.000      -13123.000        3755.000      -14252.000         227.000 
-12435  
-1  22  96           52.603         12          11.835         64          64.076          15.564         -61.342       -5544.000        4457.000        2980.000       -8951.000        2466.000        7288.000       -1656.000       -5536.000 
-12435  
-1  12  97            3.543          3           2.545         64          63.999          26.830         -56.082      -12242.000        4471.000      -13980.000        3624.000      -13432.000        3805.000      -14341.000         628.000 
-12435  
-1  22  98           50.893         12          11.858         64          63.937          15.492         -61.497       -5100.000        4304.000        3438.000       -8541.000        1859.000        7578.000       -2553.000       -5226.000 
-12435  
-1  12  99            3.943          3           2.533         64          64.000          26.731         -56.228      -11877.000        4660.000      -13935.000        3564.000      -13199.000        3497.000      -14055.000         212.000 
-12435  
