-1  22  1          -35.037         12          12.031         64          63.994          35.310         -41.867      -44984.000       52304.000       73241.000        6809.000      -44449.000      -69702.000      -38756.000       45456.000 
-12435  
-1  12  2          -37.967          4           4.288         64          63.996          23.411         -58.490        5340.000        9189.000        7581.000       -8072.000       -8278.000        2708.000        7397.000        9031.000 
-12435  
-1  22  3          -35.003         12          12.035         64          63.990          35.077         -41.880      -47730.000       48746.000       72610.000       10959.000      -38644.000      -73026.000      -42630.000       42686.000 
-12435  
-1  12  4          -38.190          4           4.276         64          63.995          23.796         -58.468        4486.000        9837.000        8308.000       -8148.000       -8090.000        1614.000        6835.000        9103.000 
-12435  
-1  22  5          -35.003         12          12.036         64          64.009          34.903         -41.882      -46135.000       51135.000       72675.000        8694.000      -40934.000      -71714.000      -40773.000       43806.000 
-12435  
-1  12  6          -38.083          4           4.302         64          64.012          23.820         -58.377        4529.000        9398.000        7973.000       -8627.000       -8339.000        2944.000        7138.000        9140.000 
-12435  
-1  22  7          -35.017         12          12.033         64          64.006          34.931         -41.816      -40167.000       56472.000       74134.000         250.000      -49851.000      -66351.000      -34480.000       49389.000 
-12435  
-1  12  8          -38.283          4           4.311         64          64.013          23.581         -58.439        5862.000        9068.000        6523.000       -8905.000       -7915.000        3670.000        8228.000        8413.000 
-12435  
-1  22  9          -35.020         12          12.033         64          63.999          34.601         -41.877      -38656.000       57592.000       72602.000       -1662.000      -50837.000      -64755.000      -34142.000       49997.000 
-12435  
-1  12  10          -37.917          4           4.315         64          63.998          23.518         -58.604        6886.000        8635.000        6823.000       -8833.000       -7482.000        3681.000        7910.000        7582.000 
-12435  
-1  22  11          -35.013         12          12.027         64          63.994          34.758         -41.855      -45832.000       51318.000       73369.000        8239.000      -42139.000      -71005.000      -40070.000       44978.000 
-12435  
-1  12  12          -38.190          4           4.301         64          64.015          23.661         -58.482        5163.000        9079.000        7715.000       -8298.000       -8041.000        2400.000        7824.000        8914.000 
-12435  
-1  22  13          -35.003         12          12.031         64          63.999          35.008         -41.822      -47053.000       50987.000       72942.000        9508.000      -40218.000      -72333.000      -42609.000       43540.000 
-12435  
-1  12  14          -37.737          4           4.260         64          63.997          23.605         -58.462        4570.000        8902.000        7835.000       -8681.000       -8399.000        2362.000        7179.000        9279.000 
-12435  
-1  22  15          -35.000         12          12.029         64          64.005          34.928         -41.888      -37634.000       56790.000       72770.000       -2854.000      -50726.000      -65040.000      -33995.000       50696.000 
-12435  
-1  12  16          -37.710          4           4.264         64          64.009          23.455         -58.614        5362.000        8620.000        7535.000       -7948.000       -8184.000        2890.000        7377.000        9076.000 
-12435  
-1  22  17          -35.017         12          12.040         64          64.009          34.926         -41.874      -44068.000       53082.000       72630.000        6436.000      -43773.000      -69653.000      -39458.000       46276.000 
-12435  
-1  12  18          -37.763          4           4.295         64          63.998          23.603         -58.312        5954.000        8604.000        7222.000       -8821.000       -8044.000        3200.000        8259.000        9154.000 
-12435  
-1  22  19          -35.000         12          12.032         64          64.004          34.859         -41.822      -39297.000       56936.000       74626.000        -361.000      -49082.000      -65945.000      -35642.000       49044.000 
-12435  
-1  12  20          -38.100          4           4.279         64          64.008          23.544         -58.435        5618.000        9060.000        7285.000       -8464.000       -7964.000        2685.000        7976.000        8989.000 
-12435  
-1  22  21          -35.003         12          12.040         64          64.005          34.837         -41.829      -37460.000       58750.000       73826.000       -3327.000      -52097.000      -63831.000      -34051.000       49888.000 
-12435  
-1  12  22          -38.010          4           4.270         64          64.009          23.611         -58.451        4817.000        9001.000        7963.000       -8474.000       -8049.000        2268.000        7552.000        9237.000 
-12435  
-1  22  23          -35.010         12          12.036         64          64.003          34.760         -41.859      -45374.000       52551.000       72926.000        8175.000      -42470.000      -70736.000      -40114.000       44606.000 
-12435  
-1  12  24          -37.690          4           4.288         64          64.006          23.636         -58.470        5005.000        8884.000        7214.000       -8570.000       -8648.000        2968.000        7305.000        9129.000 
-12435  
-1  22  25          -35.023         12          12.037         64          64.001          34.936         -41.910      -43098.000       54333.000       73369.000        4200.000      -45379.000      -67210.000      -37979.000       46264.000 
-12435  
-1  12  26          -37.853          4           4.275         64          64.001          23.976         -58.385        5568.000        9586.000        7420.000       -8503.000       -7987.000        2379.000        7141.000        9379.000 
-12435  
-1  22  27          -35.020         12          12.031         64          64.007          34.910         -41.834      -47008.000       51126.000       73021.000        8935.000      -41253.000      -71587.000      -41052.000       44521.000 
-12435  
-1  12  28          -38.223          4           4.290         64          64.019          23.556         -58.386        5037.000        8915.000        7780.000       -8673.000       -8194.000        2821.000        8122.000        8771.000 
-12435  
-1  22  29          -35.010         12          12.032         64          64.004          34.734         -41.831      -40882.000       56080.000       73816.000         596.000      -48682.000      -66623.000      -35949.000       48748.000 
-12435  
-1  12  30          -38.367          4           4.288         64          63.990          23.870         -58.237        5277.000        9354.000        7645.000       -8972.000       -8293.000        3333.000        8155.000        8595.000 
-12435  
-1  22  31          -35.010         12          12.034         64          64.001          34.607         -41.873      -43457.000       53125.000       72798.000        5371.000      -44464.000      -69681.000      -38396.000       46900.000 
-12435  
-1  12  32          -38.043          4           4.286         64          63.986          23.443         -58.666        4945.000        8651.000        7009.000       -8415.000       -8361.000        3515.000        7588.000        8419.000 
-12435  
-1  22  33          -35.003         12          12.034         64          63.997          34.857         -41.886      -43475.000       53272.000       73491.000        5919.000      -43596.000      -69283.000      -38772.000       45980.000 
-12435  
-1  12  34          -38.287          4           4.293         64          64.002          23.525         -58.569        4976.000        8916.000        7936.000       -8171.000       -7724.000        3400.000        7606.000        8753.000 
-12435  
-1  22  35          -35.017         12          12.031         64          64.002          34.767         -41.876      -48155.000       49833.000       72137.000       11371.000      -38448.000      -72696.000      -42067.000       43131.000 
-12435  
-1  12  36          -37.993          4           4.270         64          63.995          23.674         -58.354        5026.000        8967.000        7794.000       -8360.000       -8253.000        2667.000        7795.000        9467.000 
-12435  
-1  22  37          -35.010         12          12.039         64          64.003          34.924         -41.866      -42262.000       53991.000       74267.000        2825.000      -46878.000      -67269.000      -37271.000       47348.000 
-12435  
-1  12  38          -38.287          4           4.279         64          64.005          23.680         -58.502        6280.000        9054.000        6493.000       -9263.000       -7481.000        3124.000        8267.000        7941.000 
-12435  
-1  22  39          -35.010         12          12.029         64          64.001          35.075         -41.906      -45192.000       51033.000       72582.000        8992.000      -42175.000      -71196.000      -39987.000       44137.000 
-12435  
-1  12  40          -38.847          4           4.293         64          63.992          23.642         -58.454        4782.000        9522.000        7248.000       -8828.000       -8161.000        3239.000        8056.000        8088.000 
-12435  
-1  22  41          -35.007         12          12.036         64          63.998          34.945         -41.850      -41747.000       55127.000       73579.000        3571.000      -46056.000      -68303.000      -36741.000       48070.000 
-12435  
-1  12  42          -38.017          4           4.277         64          64.000          23.533         -58.380        4897.000        9002.000        7654.000       -9043.000       -8249.000        2705.000        7744.000        8857.000 
-12435  
-1  22  43          -35.007         12          12.033         64          64.002          35.051         -41.863      -41893.000       54771.000       73272.000        3287.000      -47206.000      -68502.000      -36725.000       46750.000 
-12435  
-1  12  44          -37.800          4           4.279         64          63.983          23.373         -58.625        5061.000        8736.000        7561.000       -8249.000       -7959.000        2940.000        7226.000        9094.000 
-12435  
-1  22  45          -35.003         12          12.033         64          64.006          34.827         -41.820      -42275.000       54603.000       74543.000        2641.000      -46314.000      -67969.000      -37445.000       47931.000 
-12435  
-1  12  46          -38.403          4           4.301         64          64.010          23.596         -58.356        5076.000        9137.000        7724.000       -8486.000       -8509.000        2883.000        8226.000        8512.000 
-12435  
-1  22  47          -35.017         12          12.031         64          64.006          34.925         -41.860      -48159.000       49662.000       72991.000       12388.000      -38018.000      -72322.000      -42648.000       42925.000 
-12435  
-1  12  48          -38.373          4           4.294         64          63.983          23.547         -58.439        5037.000        9466.000        7218.000       -8778.000       -7956.000        3082.000        7644.000        8810.000 
-12435  
-1  22  49          -35.013         12          12.033         64          64.002          34.958         -41.857      -39937.000       57407.000       73573.000        -503.000      -49701.000      -65300.000      -34866.000       48630.000 
-12435  
-1  12  50          -38.197          4           4.291         64          63.995          23.607         -58.446        5329.000        8726.000        6756.000       -8706.000       -8167.000        3327.000        8383.000        8847.000 
-12435  
-1  22  51          -35.013         12          12.029         64          64.006          34.872         -41.870      -46346.000       51208.000       73111.000        8396.000      -42272.000      -71053.000      -40309.000       43736.000 
-12435  
-1  12  52          -38.113          4           4.269         64          63.990          23.546         -58.365        5629.000        9287.000        7478.000       -8757.000       -7886.000        3564.000        7651.000        8767.000 
-12435  
-1  22  53          -35.053         12          12.030         64          63.998          35.098         -41.850      -47729.000       49994.000       73064.000       10667.000      -40776.000      -71742.000      -41055.000       43934.000 
-12435  
-1  12  54          -38.577          4           4.297         64          64.010          23.604         -58.499        4627.000        9621.000        7467.000       -8316.000       -8049.000        2630.000        7516.000        8926.000 
-12435  
-1  22  55          -35.023         12          12.030         64          63.995          34.963         -41.825      -46561.000       51073.000       72826.000        9718.000      -41502.000      -71805.000      -41572.000       44617.000 
-12435  
-1  12  56          -38.257          4           4.278         64          64.003          23.351         -58.600        4898.000        9071.000        7485.000       -8488.000       -7760.000        2777.000        7545.000        8795.000 
-12435  
-1  22  57          -35.033         12          12.033         64          64.005          35.286         -41.864      -46170.000       51469.000       73054.000        8882.000      -41389.000      -70527.000      -40767.000       45181.000 
-12435  
-1  12  58          -38.337          4           4.287         64          64.003          23.615         -58.555        5041.000        9010.000        7049.000       -8419.000       -8124.000        2570.000        8022.000        8773.000 
-12435  
-1  22  59          -35.017         12          12.035         64          63.997          34.623         -41.918      -46272.000       51064.000       73103.000        8268.000      -41191.000      -70569.000      -39367.000       44115.000 
-12435  
-1  12  60          -38.483          4           4.292         64          63.988          23.545         -58.442        4758.000        9005.000        7578.000       -8389.000       -7726.000        3437.000        8036.000        9221.000 
-12435  
-1  22  61          -35.000         12          12.036         64          63.997          34.767         -41.807      -47391.000       51314.000       73405.000        9161.000      -40190.000      -72721.000      -41189.000       43704.000 
-12435  
-1  12  62          -37.667          4           4.301         64          63.999          23.552         -58.441        5354.000        8647.000        7578.000       -8567.000       -8315.000        3081.000        7607.000        9056.000 
-12435  
-1  22  63          -35.010         12          12.031         64          63.999          35.148         -41.812      -46911.000       51276.000       73105.000        9643.000      -39695.000      -71999.000      -42357.000       44879.000 
-12435  
-1  12  64          -37.463          4           4.297         64          64.016          23.692         -58.479        5553.000        8643.000        7398.000       -8480.000       -8367.000        2895.000        7399.000        9142.000 
-12435  
-1  22  65          -35.013         12          12.027         64          63.999          34.901         -41.819      -46348.000       52502.000       73254.000        7089.000      -42606.000      -70893.000      -40347.000       44831.000 
-12435  
-1  12  66          -37.777          4           4.315         64          64.012          23.470         -58.524        5018.000        8832.000        7563.000       -8261.000       -8351.000        2928.000        7296.000        9169.000 
-12435  
-1  22  67          -35.003         12          12.035         64          64.000          34.529         -41.856      -42081.000       54651.000       73319.000        3341.000      -46570.000      -68495.000      -37549.000       47002.000 
-12435  
-1  12  68          -37.790          4           4.287         64          64.007          23.742         -58.426        5585.000        8529.000        6805.000       -9280.000       -7974.000        3002.000        8169.000        8872.000 
-12435  
-1  22  69          -35.007         12          12.025         64          64.004          34.739         -41.878      -47569.000       49159.000       72880.000       11238.000      -38450.000      -72554.000      -42264.000       43306.000 
-12435  
-1  12  70          -37.980          4           4.291         64          64.002          23.555         -58.463        5323.000        9522.000        7258.000       -8007.000       -8381.000        2455.000        7204.000        9301.000 
-12435  
-1  22  71          -35.010         12          12.029         64          64.001          34.679         -41.823      -48606.000       48638.000       72303.000       12016.000      -38717.000      -74063.000      -43155.000       42823.000 
-12435  
-1  12  72          -37.743          4           4.288         64          63.988          23.327         -58.608        5047.000        8485.000        7405.000       -7891.000       -8411.000        2980.000        7499.000        9237.000 
-12435  
-1  22  73          -35.010         12          12.031         64          64.004          34.941         -41.875      -46969.000       49567.000       73041.000       10265.000      -39944.000      -71719.000      -42078.000       43864.000 
-12435  
-1  12  74          -38.290          4           4.294         64          63.998          23.832         -58.301        5298.000        8984.000        7189.000       -8714.000       -8344.000        2908.000        8523.000        8972.000 
-12435  
-1  22  75          -35.003         12          12.030         64          64.005          35.048         -41.829      -43256.000       53348.000       73910.000        5349.000      -44817.000      -69551.000      -39047.000       46631.000 
-12435  
-1  12  76          -38.083          4           4.277         64          64.002          23.376         -58.501        5355.000        8796.000        7073.000       -8822.000       -7883.000        3261.000        7955.000        8754.000 
-12435  
-1  22  77          -35.037         12          12.033         64          63.998          34.828         -41.848      -47250.000       51360.000       73048.000        8918.000      -40532.000      -70968.000      -41164.000       44776.000 
-12435  
-1  12  78          -38.080          4           4.278         64          64.013          23.576         -58.340        5375.000        9000.000        7818.000       -8626.000       -8220.000        3044.000        7974.000        8811.000 
-12435  
-1  22  79          -35.017         12          12.035         64          63.998          34.773         -41.831      -41720.000       55154.000       73384.000        3370.000      -46839.000      -67684.000      -38049.000       48377.000 
-12435  
-1  12  80          -38.473          4           4.275         64          63.991          23.609         -58.459        4169.000        9094.000        7625.000       -8309.000       -8197.000        2288.000        7876.000        9445.000 
-12435  
-1  22  81          -35.033         12          12.035         64          64.003          35.351         -41.885      -40564.000       56190.000       73373.000         780.000      -49698.000      -65394.000      -35314.000       48049.000 
-12435  
-1  12  82          -38.087          4           4.285         64          64.003          23.767         -58.414        4576.000        9074.000        7867.000       -8550.000       -8168.000        2505.000        7538.000        9355.000 
-12435  
-1  22  83          -35.003         12          12.033         64          64.006          34.927         -41.852      -46127.000       51071.000       73111.000        9074.000      -40754.000      -71711.000      -41485.000       44244.000 
-12435  
-1  12  84          -38.147          4           4.281         64          63.992          23.499         -58.618        5309.000        9002.000        6779.000       -8614.000       -8190.000        3516.000        7582.000        8268.000 
-12435  
-1  22  85          -35.027         12          12.028         64          64.007          34.885         -41.867      -36817.000       58148.000       73234.000       -4317.000      -53455.000      -62504.000      -32543.000       51315.000 
-12435  
-1  12  86          -38.377          4           4.282         64          64.022          23.902         -58.335        5546.000        9001.000        7027.000       -9130.000       -7970.000        3937.000        8403.000        8354.000 
-12435  
-1  22  87          -35.030         12          12.033         64          64.001          34.836         -41.847      -36570.000       58561.000       73182.000       -3796.000      -54159.000      -62582.000      -32695.000       51124.000 
-12435  
-1  12  88          -38.167          4           4.299         64          64.002          23.490         -58.566        5334.000        8725.000        7045.000       -8554.000       -8109.000        3171.000        8058.000        8476.000 
-12435  
-1  22  89          -35.010         12          12.031         64          63.998          35.097         -41.875      -46281.000       51304.000       73024.000        8515.000      -41142.000      -71014.000      -40711.000       44312.000 
-12435  
-1  12  90          -38.530          4           4.290         64          63.997          23.855         -58.363        5027.000        9349.000        7545.000       -8878.000       -7631.000        2892.000        8085.000        8979.000 
-12435  
-1  22  91          -35.000         12          12.029         64          64.001          34.826         -41.899      -43486.000       52856.000       73544.000        6074.000      -42912.000      -69508.000      -38681.000       46089.000 
-12435  
-1  12  92          -38.680          4           4.300         64          64.004          23.618         -58.421        4752.000        9501.000        7334.000       -8331.000       -8294.000        3000.000        7966.000        8810.000 
-12435  
-1  22  93          -35.017         12          12.031         64          63.999          34.821         -41.843      -46901.000       51058.000       73317.000        9756.000      -40053.000      -71229.000      -41744.000       44589.000 
-12435  
-1  12  94          -37.783          4           4.307         64          63.990          23.688         -58.564        5299.000        9057.000        7173.000       -8427.000       -8169.000        2979.000        7133.000        9007.000 
-12435  
-1  22  95          -35.020         12          12.035         64          64.008          34.680         -41.816      -45674.000       52644.000       73215.000        6816.000      -42381.000      -70896.000      -39798.000       46300.000 
-12435  
-1  12  96          -38.133          4           4.295         64          63.982          23.468         -58.377        5490.000        9484.000        7547.000       -8165.000       -7961.000        2303.000        7639.000        9419.000 
-12435  
-1  22  97          -35.013         12          12.031         64          64.005          34.897         -41.878      -42586.000       54408.000       73516.000        2518.000      -46538.000      -67563.000      -37051.000       47255.000 
-12435  
-1  12  98          -38.747          4           4.282         64          64.016          23.219         -58.647        5259.000        9206.000        7599.000       -8002.000       -7321.000        3672.000        7798.000        8351.000 
-12435  
-1  22  99          -35.020         12          12.030         64          63.999          34.710         -41.833      -46050.000       52850.000       73034.000        7383.000      -42973.000      -70298.000      -40832.000       44461.000 
-12435  
