-1  12  1           36.693          4           4.312         64          63.989          28.113         -53.958        2610.000      -12367.000       15963.000       15180.000      -18540.000        5791.000        8978.000      -12971.000 
-12435  
-1  22  2           39.830         12          11.920         64          64.000          36.319         -40.344       33098.000      -60051.000       54128.000       79877.000      -83724.000       -9196.000       72985.000      -52732.000 
-12435  
-1  12  3           36.187          4           4.300         64          63.991          27.839         -54.107        3330.000      -11565.000       14641.000       16197.000      -18603.000        4986.000        9307.000      -12219.000 
-12435  
-1  22  4           39.877         12          11.917         64          64.002          36.412         -40.363       41334.000      -54687.000       40798.000       85925.000      -82310.000      -21479.000       79969.000      -41340.000 
-12435  
-1  12  5           36.610          4           4.315         64          63.994          27.899         -54.118        3715.000      -12344.000       14897.000       16101.000      -18414.000        3860.000        9374.000      -11667.000 
-12435  
-1  22  6           39.933         12          11.916         64          64.000          36.195         -40.388       40128.000      -55075.000       41825.000       85330.000      -81687.000      -20928.000       79799.000      -42056.000 
-12435  
-1  12  7           36.700          4           4.301         64          64.010          28.205         -53.905        3204.000      -13036.000       16014.000       15210.000      -18506.000        6010.000        9007.000      -12614.000 
-12435  
-1  22  8           39.727         12          11.918         64          64.003          36.482         -40.370       36621.000      -57624.000       46938.000       83484.000      -83068.000      -14808.000       75743.000      -48499.000 
-12435  
-1  12  9           36.910          4           4.314         64          64.012          28.108         -54.036        2160.000      -12963.000       16307.000       13881.000      -18466.000        6380.000        8270.000      -12932.000 
-12435  
-1  22  10           39.767         12          11.920         64          64.005          36.315         -40.425       24799.000      -62992.000       62729.000       70778.000      -84410.000        2769.000       64617.000      -61954.000 
-12435  
-1  12  11           35.867          4           4.315         64          63.995          27.845         -54.149        2935.000      -12232.000       15543.000       15237.000      -18640.000        5306.000        7712.000      -12221.000 
-12435  
-1  22  12           39.817         12          11.919         64          63.997          36.193         -40.402       31481.000      -60500.000       55158.000       77103.000      -84386.000       -6585.000       71020.000      -54568.000 
-12435  
-1  12  13           36.613          4           4.313         64          63.996          28.126         -54.107        3244.000      -12005.000       15541.000       14691.000      -18578.000        5679.000        9117.000      -12483.000 
-12435  
-1  22  14           39.900         12          11.916         64          64.004          36.059         -40.389       37940.000      -57300.000       45812.000       83398.000      -82187.000      -17141.000       77114.000      -46261.000 
-12435  
-1  12  15           36.220          4           4.312         64          63.990          28.175         -54.177        3109.000      -11857.000       15255.000       15449.000      -18609.000        4848.000        8746.000      -11863.000 
-12435  
-1  22  16           39.710         12          11.916         64          64.002          36.519         -40.365       40743.000      -55346.000       41117.000       85410.000      -83323.000      -19312.000       78541.000      -43403.000 
-12435  
-1  12  17           36.730          4           4.309         64          64.004          28.086         -53.952        4236.000      -12037.000       14928.000       16906.000      -18460.000        3869.000       10474.000      -11657.000 
-12435  
-1  22  18           39.757         12          11.918         64          64.000          36.607         -40.398       32190.000      -59830.000       54331.000       78827.000      -83872.000       -7338.000       71693.000      -53338.000 
-12435  
-1  12  19           37.120          4           4.310         64          63.998          28.124         -53.984        4043.000      -12952.000       15145.000       15780.000      -18481.000        4359.000       10107.000      -11764.000 
-12435  
-1  22  20           39.847         12          11.918         64          64.005          36.375         -40.371       30007.000      -61333.000       55408.000       76869.000      -85178.000       -5681.000       70567.000      -55882.000 
-12435  
-1  12  21           36.317          4           4.314         64          63.999          27.771         -54.080        2651.000      -12047.000       15997.000       14987.000      -18415.000        6095.000        8633.000      -12351.000 
-12435  
-1  22  22           39.920         12          11.920         64          64.007          36.315         -40.370       35075.000      -58890.000       50367.000       80070.000      -83701.000      -11738.000       75290.000      -50783.000 
-12435  
-1  12  23           36.237          4           4.315         64          64.023          27.878         -54.133        2437.000      -12266.000       16298.000       14740.000      -18241.000        5857.000        8055.000      -12233.000 
-12435  
-1  22  24           39.760         12          11.920         64          64.000          36.381         -40.408       38062.000      -56992.000       46205.000       84016.000      -82077.000      -16641.000       75971.000      -45962.000 
-12435  
-1  12  25           36.387          4           4.314         64          63.994          27.918         -54.002        3526.000      -11919.000       15698.000       15767.000      -18530.000        5185.000        9435.000      -12228.000 
-12435  
-1  22  26           39.840         12          11.914         64          63.997          36.327         -40.391       34755.000      -58158.000       50002.000       81306.000      -83252.000      -11946.000       74906.000      -50133.000 
-12435  
-1  12  27           36.487          4           4.319         64          64.009          27.852         -54.078        3633.000      -12121.000       14906.000       16233.000      -18664.000        3813.000        9412.000      -11801.000 
-12435  
-1  22  28           39.887         12          11.916         64          64.003          36.476         -40.386       34305.000      -59090.000       49588.000       81032.000      -83750.000      -11406.000       74562.000      -50369.000 
-12435  
-1  12  29           36.230          4           4.316         64          63.996          27.822         -54.024        3797.000      -12170.000       15697.000       15909.000      -18668.000        4431.000        9084.000      -11807.000 
-12435  
-1  22  30           39.667         12          11.918         64          64.002          36.653         -40.352       33788.000      -58696.000       51568.000       79504.000      -85559.000       -9696.000       73516.000      -52670.000 
-12435  
-1  12  31           36.070          4           4.306         64          63.997          28.226         -54.107        3159.000      -11911.000       15298.000       15784.000      -18694.000        4986.000        8674.000      -11985.000 
-12435  
-1  22  32           39.890         12          11.918         64          64.004          36.303         -40.391       38288.000      -56998.000       44509.000       84292.000      -82756.000      -16947.000       77279.000      -44600.000 
-12435  
-1  12  33           36.590          4           4.299         64          63.994          28.005         -54.042        2913.000      -12196.000       15559.000       15515.000      -18296.000        5552.000        9124.000      -12567.000 
-12435  
-1  22  34           39.853         12          11.916         64          64.000          36.272         -40.351       34549.000      -59792.000       51008.000       81345.000      -83956.000      -11367.000       73990.000      -50252.000 
-12435  
-1  12  35           36.623          4           4.309         64          63.999          28.209         -54.000        2640.000      -12633.000       15843.000       15058.000      -18685.000        5316.000        8550.000      -12813.000 
-12435  
-1  22  36           39.850         12          11.919         64          64.001          36.468         -40.377       33420.000      -59667.000       52441.000       79587.000      -83460.000       -8989.000       73315.000      -53046.000 
-12435  
-1  12  37           35.953          4           4.307         64          64.010          28.087         -54.124        3152.000      -12146.000       14805.000       16249.000      -18789.000        4670.000        8491.000      -11658.000 
-12435  
-1  22  38           39.857         12          11.917         64          64.005          36.268         -40.386       38115.000      -56929.000       44902.000       83299.000      -83331.000      -15567.000       77138.000      -46319.000 
-12435  
-1  12  39           36.183          4           4.314         64          64.001          27.687         -54.104        3058.000      -12469.000       15344.000       15341.000      -18667.000        5355.000        8307.000      -12144.000 
-12435  
-1  22  40           39.787         12          11.917         64          64.004          36.344         -40.334       34073.000      -59973.000       51926.000       80477.000      -84210.000      -10706.000       73415.000      -52520.000 
-12435  
-1  12  41           36.267          4           4.302         64          64.004          28.100         -54.016        3618.000      -12457.000       15046.000       15696.000      -19019.000        4995.000        8897.000      -12148.000 
-12435  
-1  22  42           39.810         12          11.919         64          64.004          36.322         -40.391       38216.000      -55902.000       45668.000       83499.000      -82779.000      -16333.000       77532.000      -46120.000 
-12435  
-1  12  43           36.107          4           4.309         64          64.007          28.053         -53.991        3080.000      -12493.000       16152.000       15222.000      -18314.000        6217.000        8230.000      -12714.000 
-12435  
-1  22  44           39.883         12          11.922         64          64.001          36.190         -40.364       33800.000      -59642.000       51037.000       80521.000      -84395.000      -11294.000       74020.000      -50606.000 
-12435  
-1  12  45           36.560          4           4.302         64          63.997          27.868         -53.997        3221.000      -11996.000       15741.000       15157.000      -18839.000        5379.000        9289.000      -12568.000 
-12435  
-1  22  46           39.893         12          11.916         64          64.004          36.426         -40.361       37081.000      -57276.000       46845.000       82960.000      -83489.000      -15105.000       77210.000      -47019.000 
-12435  
-1  12  47           36.313          4           4.318         64          63.994          27.871         -54.108        2966.000      -12641.000       15521.000       14892.000      -18742.000        5338.000        8171.000      -12262.000 
-12435  
-1  22  48           39.890         12          11.912         64          64.001          36.186         -40.353       36615.000      -58122.000       48236.000       82147.000      -83661.000      -14380.000       76328.000      -48222.000 
-12435  
-1  12  49           36.553          4           4.314         64          63.997          28.080         -54.112        2992.000      -12404.000       15594.000       15122.000      -18072.000        5701.000        8733.000      -12528.000 
-12435  
-1  22  50           39.917         12          11.917         64          64.001          36.234         -40.392       33467.000      -59323.000       50737.000       80844.000      -82544.000      -10432.000       74403.000      -51800.000 
-12435  
-1  12  51           36.713          4           4.312         64          64.024          28.231         -53.947        3166.000      -12375.000       15587.000       16354.000      -18781.000        4363.000        9768.000      -11564.000 
-12435  
-1  22  52           39.830         12          11.917         64          64.003          36.289         -40.392       30447.000      -60772.000       55479.000       77964.000      -83946.000       -6212.000       70871.000      -54825.000 
-12435  
-1  12  53           36.013          4           4.304         64          64.007          28.004         -53.970        3705.000      -11934.000       15317.000       16327.000      -18668.000        4913.000        8962.000      -12544.000 
-12435  
-1  22  54           39.843         12          11.921         64          64.006          36.161         -40.368       33999.000      -60192.000       52569.000       79792.000      -83815.000       -9511.000       72991.000      -51962.000 
-12435  
-1  12  55           36.420          4           4.317         64          64.009          28.014         -54.120        2784.000      -11919.000       15584.000       15226.000      -18410.000        5253.000        8761.000      -12518.000 
-12435  
-1  22  56           39.767         12          11.918         64          64.002          36.409         -40.373       35411.000      -58304.000       47895.000       81888.000      -84297.000      -12874.000       74967.000      -49782.000 
-12435  
-1  12  57           36.360          4           4.319         64          64.012          27.944         -54.054        3113.000      -12565.000       15236.000       15844.000      -18511.000        5399.000        8865.000      -11930.000 
-12435  
-1  22  58           39.870         12          11.916         64          63.995          36.145         -40.415       38803.000      -55742.000       44299.000       83833.000      -82717.000      -18236.000       77770.000      -43760.000 
-12435  
-1  12  59           36.530          4           4.309         64          63.995          27.893         -53.978        2834.000      -12750.000       16335.000       14941.000      -18468.000        5719.000        8525.000      -12573.000 
-12435  
-1  22  60           39.950         12          11.919         64          63.999          36.404         -40.394       39202.000      -56685.000       43549.000       83713.000      -82707.000      -17722.000       78357.000      -43954.000 
-12435  
-1  12  61           36.583          4           4.307         64          64.021          28.029         -54.047        3383.000      -12055.000       15536.000       15440.000      -18184.000        5193.000        9189.000      -12914.000 
-12435  
-1  22  62           39.850         12          11.923         64          64.002          36.307         -40.399       36595.000      -56847.000       46942.000       83024.000      -82662.000      -14812.000       76645.000      -47432.000 
-12435  
-1  12  63           36.530          4           4.308         64          63.997          27.878         -54.121        3517.000      -12219.000       15815.000       15097.000      -18398.000        4820.000        9041.000      -11883.000 
-12435  
-1  22  64           39.737         12          11.920         64          64.002          36.175         -40.370       39086.000      -55231.000       44706.000       84186.000      -82941.000      -17375.000       78164.000      -45646.000 
-12435  
-1  12  65           36.700          4           4.317         64          64.001          28.248         -54.047        2669.000      -11974.000       15784.000       15102.000      -18277.000        5574.000        9049.000      -13060.000 
-12435  
-1  22  66           39.807         12          11.915         64          64.007          36.381         -40.425       31771.000      -59824.000       53766.000       77138.000      -84373.000       -8050.000       71463.000      -54373.000 
-12435  
-1  12  67           36.500          4           4.320         64          63.998          27.992         -53.959        3059.000      -12356.000       15600.000       15768.000      -18921.000        5029.000        9187.000      -12207.000 
-12435  
-1  22  68           39.930         12          11.918         64          64.000          36.237         -40.364       38508.000      -56473.000       44136.000       84602.000      -82695.000      -16701.000       78682.000      -44647.000 
-12435  
-1  12  69           36.997          4           4.310         64          64.011          27.872         -54.078        2137.000      -12607.000       16059.000       14617.000      -18251.000        5465.000        8714.000      -12754.000 
-12435  
-1  22  70           39.657         12          11.919         64          64.001          36.381         -40.383       35202.000      -58096.000       50597.000       81077.000      -83791.000      -10977.000       74056.000      -50805.000 
-12435  
-1  12  71           36.357          4           4.307         64          64.005          28.158         -53.986        3066.000      -12328.000       15882.000       15560.000      -18790.000        4634.000        8680.000      -12540.000 
-12435  
-1  22  72           39.800         12          11.915         64          64.005          36.321         -40.397       34430.000      -59129.000       51624.000       80393.000      -83567.000      -10359.000       73386.000      -50738.000 
-12435  
-1  12  73           36.583          4           4.319         64          64.011          27.983         -54.071        3767.000      -12546.000       15417.000       15157.000      -18414.000        4928.000        8945.000      -12492.000 
-12435  
-1  22  74           39.863         12          11.920         64          64.001          36.558         -40.352       34679.000      -58901.000       50989.000       81856.000      -83639.000      -11969.000       74841.000      -49509.000 
-12435  
-1  12  75           36.320          4           4.322         64          64.004          27.999         -54.085        3619.000      -12178.000       15289.000       15580.000      -18699.000        4949.000        9091.000      -11828.000 
-12435  
-1  22  76           39.610         12          11.914         64          64.004          36.333         -40.344       32302.000      -59243.000       53459.000       79704.000      -85641.000       -8368.000       72411.000      -52958.000 
-12435  
-1  12  77           36.107          4           4.302         64          63.998          28.080         -54.015        3180.000      -12147.000       15760.000       15492.000      -18754.000        5382.000        8537.000      -12453.000 
-12435  
-1  22  78           39.863         12          11.919         64          64.005          36.719         -40.342       34339.000      -60685.000       51851.000       79638.000      -84718.000       -9123.000       73203.000      -52134.000 
-12435  
-1  12  79           36.560          4           4.320         64          63.992          28.157         -54.063        2775.000      -12427.000       15611.000       15599.000      -18432.000        4859.000        8802.000      -12278.000 
-12435  
-1  22  80           39.873         12          11.917         64          63.999          36.465         -40.383       33913.000      -58798.000       51611.000       79888.000      -83858.000       -9981.000       74307.000      -51425.000 
-12435  
-1  12  81           36.383          4           4.317         64          63.987          27.884         -54.037        2701.000      -12141.000       16189.000       14827.000      -18196.000        5851.000        8321.000      -13301.000 
-12435  
-1  22  82           39.857         12          11.914         64          64.003          36.435         -40.389       35856.000      -58130.000       48728.000       80777.000      -83461.000      -13336.000       75417.000      -50162.000 
-12435  
-1  12  83           36.217          4           4.322         64          64.001          27.773         -54.026        3472.000      -12221.000       15255.000       15701.000      -18783.000        5173.000        8860.000      -12361.000 
-12435  
-1  22  84           39.833         12          11.916         64          64.000          36.361         -40.394       38775.000      -56370.000       44745.000       84072.000      -82629.000      -16520.000       77379.000      -45174.000 
-12435  
-1  12  85           36.347          4           4.315         64          64.001          28.079         -53.969        3335.000      -12237.000       16001.000       15502.000      -18815.000        5011.000        8994.000      -12275.000 
-12435  
-1  22  86           39.837         12          11.918         64          64.003          36.381         -40.333       34116.000      -59597.000       52549.000       79766.000      -84604.000       -9062.000       73931.000      -52366.000 
-12435  
-1  12  87           36.210          4           4.315         64          64.000          27.643         -54.174        2219.000      -11617.000       15574.000       15547.000      -18037.000        5572.000        8459.000      -12546.000 
-12435  
-1  22  88           39.860         12          11.919         64          63.998          36.375         -40.404       37568.000      -57317.000       46773.000       82501.000      -83070.000      -15335.000       76251.000      -46594.000 
-12435  
-1  12  89           36.617          4           4.318         64          63.990          28.130         -53.866        4034.000      -12293.000       15993.000       15876.000      -18566.000        5155.000        9880.000      -12421.000 
-12435  
-1  22  90           39.613         12          11.919         64          64.001          36.553         -40.361       37103.000      -57593.000       48192.000       83542.000      -83348.000      -14528.000       75172.000      -47927.000 
-12435  
-1  12  91           36.457          4           4.313         64          64.001          28.208         -54.000        2747.000      -12906.000       16764.000       14738.000      -18447.000        5278.000        8140.000      -12336.000 
-12435  
-1  22  92           39.813         12          11.917         64          64.005          36.377         -40.382       33879.000      -59819.000       51273.000       80019.000      -83917.000       -9892.000       73084.000      -52156.000 
-12435  
-1  12  93           36.680          4           4.324         64          63.991          28.077         -54.128        3150.000      -12444.000       15755.000       14954.000      -18391.000        5101.000        8971.000      -11873.000 
-12435  
-1  22  94           39.897         12          11.915         64          63.998          36.414         -40.353       34861.000      -58825.000       49900.000       80772.000      -84863.000      -11846.000       75268.000      -49561.000 
-12435  
-1  12  95           36.630          4           4.310         64          63.999          27.634         -54.192        2599.000      -12184.000       15825.000       14981.000      -18050.000        5475.000        8819.000      -11863.000 
-12435  
-1  22  96           39.893         12          11.918         64          64.001          36.313         -40.378       39075.000      -57092.000       45116.000       83810.000      -82577.000      -16147.000       77475.000      -45375.000 
-12435  
-1  12  97           36.030          4           4.311         64          64.005          27.839         -54.157        3050.000      -12357.000       15575.000       15273.000      -18529.000        5471.000        8172.000      -11676.000 
-12435  
-1  22  98           39.877         12          11.915         64          63.997          36.288         -40.396       30889.000      -60381.000       53887.000       78711.000      -83657.000       -7050.000       71906.000      -54284.000 
-12435  
-1  12  99           36.570          4           4.311         64          64.009          27.942         -54.097        3559.000      -12327.000       15068.000       15553.000      -19009.000        4619.000        9428.000      -11220.000 
-12435  
