-1  22  1           -9.997         12          12.029         64          63.998          41.590         -34.852     -154340.000       87187.000      -19952.000      130292.000       41976.000      171923.000      123274.000       90250.000 
-12435  
-1  12  2           -9.990          4           4.345         64          64.002          36.917         -44.819       55966.000      -22818.000       16275.000      -39570.000       -1603.000      -55145.000      -31253.000      -30367.000 
-12435  
-1  22  3          -10.000         12          12.031         64          64.007          41.783         -34.863     -161765.000       72789.000      -31839.000      128614.000       25390.000      174481.000      114620.000       99795.000 
-12435  
-1  12  4           -9.997          4           4.345         64          64.010          36.983         -44.781       55600.000      -25099.000       14914.000      -40037.000       -3683.000      -54934.000      -33187.000      -28931.000 
-12435  
-1  22  5           -9.997         12          12.031         64          64.004          41.707         -34.838     -144280.000      104140.000       -4887.000      132303.000       59408.000      166912.000      132400.000       75517.000 
-12435  
-1  12  6           -9.997          4           4.346         64          64.006          37.044         -44.816       53774.000      -28050.000       12032.000      -40813.000       -7200.000      -54621.000      -34258.000      -27119.000 
-12435  
-1  22  7           -9.997         12          12.030         64          63.997          41.626         -34.858     -144521.000      103159.000       -6701.000      132119.000       58299.000      166547.000      131607.000       76457.000 
-12435  
-1  12  8           -9.997          4           4.343         64          63.994          37.109         -44.772       53613.000      -29283.000       11935.000      -41147.000       -7913.000      -54459.000      -35388.000      -26275.000 
-12435  
-1  22  9          -10.000         12          12.030         64          63.999          41.950         -34.864     -152874.000       89218.000      -17166.000      130455.000       44709.000      171247.000      124927.000       87268.000 
-12435  
-1  12  10           -9.997          4           4.342         64          63.997          37.052         -44.771       56154.000      -23292.000       15973.000      -39677.000       -1953.000      -55499.000      -32109.000      -30031.000 
-12435  
-1  22  11           -9.997         12          12.031         64          64.002          41.717         -34.873     -162850.000       70728.000      -33047.000      127028.000       23247.000      174875.000      112714.000      101909.000 
-12435  
-1  12  12           -9.987          4           4.342         64          63.999          37.244         -44.803       55731.000      -23673.000       15317.000      -39434.000       -2100.000      -55552.000      -32003.000      -29907.000 
-12435  
-1  22  13          -10.000         12          12.030         64          64.004          41.757         -34.864     -160977.000       75442.000      -30420.000      128033.000       27166.000      174081.000      116267.000       98528.000 
-12435  
-1  12  14           -9.993          4           4.341         64          64.009          37.008         -44.731       55121.000      -26317.000       14123.000      -40500.000       -4619.000      -55750.000      -33516.000      -28545.000 
-12435  
-1  22  15          -10.000         12          12.031         64          64.004          41.576         -34.869     -149699.000       94425.000      -12619.000      131009.000       50022.000      170383.000      127164.000       81960.000 
-12435  
-1  12  16           -9.993          4           4.339         64          64.004          36.947         -44.761       53634.000      -29723.000       11318.000      -41295.000       -8017.000      -54752.000      -34942.000      -26260.000 
-12435  
-1  22  17           -9.997         12          12.032         64          63.997          41.534         -34.868     -149672.000       95396.000      -12625.000      131632.000       50355.000      168768.000      127582.000       82430.000 
-12435  
-1  12  18           -9.987          4           4.342         64          64.000          37.065         -44.793       54312.000      -27560.000       12840.000      -41258.000       -5721.000      -54298.000      -33976.000      -27876.000 
-12435  
-1  22  19           -9.997         12          12.028         64          63.998          41.631         -34.878     -139385.000      110684.000         533.000      132753.000       66023.000      162684.000      133959.000       69126.000 
-12435  
-1  12  20           -9.993          4           4.347         64          63.992          37.175         -44.800       55548.000      -24524.000       14829.000      -39910.000       -2831.000      -54973.000      -32858.000      -29366.000 
-12435  
-1  22  21           -9.997         12          12.028         64          64.001          41.713         -34.863     -160022.000       76974.000      -28300.000      129171.000       28978.000      173695.000      116703.000       97704.000 
-12435  
-1  12  22           -9.993          4           4.343         64          64.009          37.264         -44.742       55136.000      -26770.000       14092.000      -40734.000       -4733.000      -54712.000      -34083.000      -28618.000 
-12435  
-1  22  23          -10.000         12          12.030         64          64.002          41.811         -34.840     -151944.000       92023.000      -15082.000      131795.000       47154.000      170197.000      127061.000       85242.000 
-12435  
-1  12  24           -9.990          4           4.343         64          63.997          37.023         -44.766       55513.000      -24727.000       14533.000      -40513.000       -3748.000      -55143.000      -32658.000      -29791.000 
-12435  
-1  22  25           -9.997         12          12.029         64          64.001          41.873         -34.883     -160516.000       74501.000      -29753.000      128427.000       26583.000      174037.000      115950.000       97985.000 
-12435  
-1  12  26           -9.983          4           4.343         64          63.997          37.096         -44.811       53967.000      -27101.000       12564.000      -40870.000       -5590.000      -55103.000      -33827.000      -27549.000 
-12435  
-1  22  27          -10.000         12          12.031         64          64.000          41.628         -34.868     -155866.000       84341.000      -22247.000      130258.000       38021.000      172053.000      121833.000       91240.000 
-12435  
-1  12  28           -9.967          4           4.343         64          63.998          37.315         -44.802       54522.000      -27785.000       12724.000      -40264.000       -5323.000      -54697.000      -33510.000      -28226.000 
-12435  
-1  22  29          -10.000         12          12.031         64          64.000          41.651         -34.866     -156279.000       82142.000      -23950.000      130263.000       36639.000      172552.000      121600.000       92260.000 
-12435  
-1  12  30           -9.993          4           4.340         64          64.001          37.316         -44.763       55468.000      -26061.000       14627.000      -40369.000       -4365.000      -54761.000      -33134.000      -29097.000 
-12435  
-1  22  31          -10.000         12          12.031         64          64.003          41.893         -34.853     -149502.000       96183.000      -11606.000      131616.000       51919.000      168774.000      128341.000       82073.000 
-12435  
-1  12  32           -9.990          4           4.345         64          63.998          37.296         -44.792       55589.000      -25513.000       14896.000      -40276.000       -3406.000      -54663.000      -32621.000      -29006.000 
-12435  
-1  22  33          -10.000         12          12.031         64          64.002          41.851         -34.857     -154878.000       86534.000      -20381.000      130049.000       40838.000      171968.000      123285.000       90013.000 
-12435  
-1  12  34           -9.993          4           4.350         64          64.008          36.872         -44.821       53366.000      -28678.000       11612.000      -40807.000       -7399.000      -54426.000      -34713.000      -26980.000 
-12435  
-1  22  35          -10.000         12          12.031         64          64.002          41.611         -34.852     -153610.000       89236.000      -17310.000      130301.000       44028.000      171387.000      125055.000       87647.000 
-12435  
-1  12  36           -9.993          4           4.348         64          64.002          37.025         -44.807       54396.000      -27234.000       12567.000      -41004.000       -5906.000      -54761.000      -33906.000      -27057.000 
-12435  
-1  22  37          -10.000         12          12.031         64          64.001          41.836         -34.859     -158407.000       80144.000      -24085.000      129312.000       35142.000      173194.000      119688.000       94513.000 
-12435  
-1  12  38           -9.997          4           4.345         64          63.999          37.315         -44.809       54338.000      -27917.000       12504.000      -40456.000       -6592.000      -54384.000      -34592.000      -26976.000 
-12435  
-1  22  39           -9.997         12          12.030         64          63.997          41.534         -34.849     -158112.000       81598.000      -24204.000      129716.000       33819.000      173367.000      119658.000       94552.000 
-12435  
-1  12  40           -9.997          4           4.349         64          64.001          36.918         -44.803       53931.000      -28298.000       12641.000      -41079.000       -6544.000      -54284.000      -34514.000      -26946.000 
-12435  
-1  22  41          -10.000         12          12.029         64          64.000          41.666         -34.870     -154986.000       85133.000      -21087.000      130357.000       39600.000      171754.000      122993.000       90148.000 
-12435  
-1  12  42           -9.997          4           4.342         64          64.001          36.971         -44.785       55340.000      -25644.000       14313.000      -40249.000       -4551.000      -54618.000      -33626.000      -28765.000 
-12435  
-1  22  43           -9.997         12          12.030         64          64.001          41.481         -34.880     -157798.000       79828.000      -24696.000      128747.000       33018.000      173197.000      119548.000       94715.000 
-12435  
-1  12  44           -9.997          4           4.343         64          64.002          37.121         -44.793       55940.000      -24653.000       14823.000      -39940.000       -3388.000      -54357.000      -32920.000      -29774.000 
-12435  
-1  22  45          -10.000         12          12.030         64          64.004          41.862         -34.864     -151837.000       91053.000      -15588.000      131264.000       46085.000      170791.000      125721.000       85179.000 
-12435  
-1  12  46           -9.997          4           4.346         64          64.005          37.177         -44.743       55760.000      -25656.000       14416.000      -40423.000       -4363.000      -55438.000      -33121.000      -28490.000 
-12435  
-1  22  47          -10.000         12          12.031         64          64.004          41.657         -34.858     -150557.000       93791.000      -13670.000      130993.000       49389.000      169955.000      126972.000       84057.000 
-12435  
-1  12  48           -9.993          4           4.343         64          64.000          37.052         -44.785       54461.000      -26666.000       12709.000      -40401.000       -5138.000      -55138.000      -34294.000      -28174.000 
-12435  
-1  22  49           -9.997         12          12.028         64          64.000          41.454         -34.855     -151214.000       92286.000      -15501.000      131983.000       47681.000      170100.000      125784.000       85634.000 
-12435  
-1  12  50           -9.997          4           4.344         64          64.003          37.229         -44.774       54607.000      -27370.000       13212.000      -40561.000       -5805.000      -54605.000      -34308.000      -28119.000 
-12435  
-1  22  51          -10.000         12          12.029         64          64.002          41.566         -34.847     -154032.000       89178.000      -17884.000      131374.000       44377.000      171159.000      124227.000       87328.000 
-12435  
-1  12  52           -9.993          4           4.342         64          64.005          37.548         -44.768       55142.000      -25855.000       14496.000      -40734.000       -3917.000      -54706.000      -33707.000      -28757.000 
-12435  
-1  22  53          -10.000         12          12.030         64          64.000          41.755         -34.857     -159519.000       78242.000      -26493.000      129357.000       32147.000      173567.000      118268.000       95927.000 
-12435  
-1  12  54           -9.997          4           4.345         64          64.001          37.185         -44.746       56065.000      -25250.000       14871.000      -40002.000       -3328.000      -55201.000      -33160.000      -29026.000 
-12435  
-1  22  55           -9.997         12          12.030         64          63.999          41.801         -34.855     -145172.000      101606.000       -6959.000      132724.000       57305.000      167157.000      131210.000       76770.000 
-12435  
-1  12  56           -9.990          4           4.341         64          64.006          37.405         -44.748       54939.000      -25847.000       14274.000      -40868.000       -4431.000      -55503.000      -33267.000      -28821.000 
-12435  
-1  22  57           -9.997         12          12.028         64          64.003          41.511         -34.849     -151068.000       92243.000      -15353.000      131959.000       46762.000      170902.000      126266.000       85044.000 
-12435  
-1  12  58           -9.990          4           4.345         64          64.000          37.103         -44.720       55315.000      -25716.000       14038.000      -40870.000       -4026.000      -55568.000      -33658.000      -29003.000 
-12435  
-1  22  59          -10.000         12          12.030         64          64.003          41.691         -34.859     -151420.000       92635.000      -15662.000      132021.000       47758.000      169281.000      126655.000       84463.000 
-12435  
-1  12  60           -9.997          4           4.342         64          63.997          36.904         -44.763       54614.000      -26619.000       13368.000      -40706.000       -5677.000      -54890.000      -34130.000      -28687.000 
-12435  
-1  22  61          -10.000         12          12.030         64          64.002          41.678         -34.854     -158818.000       79255.000      -26188.000      129964.000       32921.000      173484.000      118678.000       95227.000 
-12435  
-1  12  62           -9.990          4           4.341         64          63.996          37.335         -44.769       54630.000      -27163.000       12721.000      -40945.000       -5664.000      -55135.000      -33866.000      -27680.000 
-12435  
-1  22  63          -10.000         12          12.030         64          64.001          41.542         -34.862     -161031.000       74284.000      -30536.000      128956.000       27469.000      173856.000      115978.000       98957.000 
-12435  
-1  12  64           -9.993          4           4.340         64          63.999          36.999         -44.755       55670.000      -24973.000       15136.000      -40051.000       -3039.000      -55435.000      -32888.000      -29321.000 
-12435  
-1  22  65          -10.000         12          12.028         64          64.000          41.885         -34.874     -150929.000       91593.000      -15263.000      131088.000       46904.000      170018.000      126411.000       85254.000 
-12435  
-1  12  66           -9.980          4           4.347         64          64.003          37.202         -44.762       54130.000      -28003.000       13083.000      -40749.000       -6094.000      -55149.000      -33767.000      -28272.000 
-12435  
-1  22  67          -10.000         12          12.030         64          64.002          41.720         -34.840     -143712.000      103091.000       -6210.000      132327.000       59675.000      166514.000      133302.000       76619.000 
-12435  
-1  12  68           -9.987          4           4.344         64          64.002          37.138         -44.819       54874.000      -26120.000       13148.000      -40214.000       -4192.000      -55101.000      -33439.000      -27768.000 
-12435  
-1  22  69          -10.000         12          12.029         64          64.004          41.640         -34.853     -152898.000       89514.000      -17379.000      131301.000       44634.000      171169.000      125250.000       86834.000 
-12435  
-1  12  70           -9.997          4           4.345         64          63.997          36.842         -44.786       54453.000      -27251.000       13267.000      -40806.000       -5529.000      -54494.000      -34281.000      -27950.000 
-12435  
-1  22  71          -10.000         12          12.032         64          64.002          41.565         -34.866     -159289.000       78296.000      -26762.000      128746.000       30895.000      174179.000      118281.000       95147.000 
-12435  
-1  12  72           -9.970          4           4.348         64          64.007          37.035         -44.812       54552.000      -26058.000       13791.000      -40489.000       -4441.000      -55204.000      -32626.000      -28728.000 
-12435  
-1  22  73          -10.000         12          12.031         64          64.002          41.633         -34.881     -148513.000       95575.000      -12141.000      131203.000       51411.000      168145.000      128407.000       82564.000 
-12435  
-1  12  74           -9.993          4           4.344         64          64.007          36.930         -44.808       55223.000      -25173.000       13999.000      -40467.000       -4000.000      -54718.000      -32984.000      -28921.000 
-12435  
-1  22  75          -10.000         12          12.030         64          64.000          41.456         -34.850     -155567.000       85975.000      -20802.000      130462.000       40708.000      171999.000      122504.000       90627.000 
-12435  
-1  12  76           -9.997          4           4.348         64          64.004          37.001         -44.792       54717.000      -26106.000       13489.000      -40633.000       -4945.000      -54908.000      -33830.000      -28255.000 
-12435  
-1  22  77           -9.997         12          12.032         64          64.002          41.504         -34.890     -150088.000       93267.000      -14794.000      131288.000       47562.000      169088.000      126518.000       83771.000 
-12435  
-1  12  78           -9.993          4           4.345         64          64.002          36.920         -44.812       55287.000      -25194.000       13923.000      -40232.000       -3773.000      -54618.000      -33233.000      -28913.000 
-12435  
-1  22  79           -9.997         12          12.029         64          64.001          41.649         -34.845     -149683.000       94680.000      -13581.000      131885.000       50171.000      169778.000      127832.000       83717.000 
-12435  
-1  12  80           -9.993          4           4.338         64          64.000          36.941         -44.819       53795.000      -27193.000       13056.000      -40400.000       -5819.000      -54846.000      -34229.000      -27836.000 
-12435  
-1  22  81           -9.997         12          12.029         64          64.001          41.411         -34.855     -160203.000       77454.000      -28867.000      128856.000       29108.000      173655.000      117379.000       97552.000 
-12435  
-1  12  82           -9.997          4           4.345         64          64.001          37.047         -44.791       54561.000      -26811.000       12742.000      -40288.000       -5549.000      -55164.000      -34158.000      -27774.000 
-12435  
-1  22  83          -10.000         12          12.030         64          64.002          41.547         -34.843     -149887.000       94163.000      -12479.000      131915.000       50799.000      169467.000      129058.000       82659.000 
-12435  
-1  12  84           -9.990          4           4.346         64          64.003          37.032         -44.742       55248.000      -27522.000       13437.000      -40264.000       -5317.000      -54766.000      -33989.000      -28575.000 
-12435  
-1  22  85           -9.997         12          12.030         64          64.000          41.878         -34.858     -154180.000       87854.000      -19166.000      130448.000       42067.000      171707.000      123345.000       89345.000 
-12435  
-1  12  86           -9.993          4           4.348         64          64.004          36.924         -44.752       56124.000      -23697.000       16099.000      -40107.000       -2225.000      -55125.000      -32296.000      -30341.000 
-12435  
-1  22  87          -10.000         12          12.030         64          64.003          41.892         -34.855     -149887.000       95174.000      -13207.000      131434.000       50796.000      169077.000      128289.000       82403.000 
-12435  
-1  12  88           -9.997          4           4.344         64          63.999          37.324         -44.782       56077.000      -23591.000       15787.000      -39615.000       -2273.000      -54841.000      -32976.000      -29904.000 
-12435  
-1  22  89          -10.000         12          12.029         64          64.002          41.727         -34.859     -157128.000       81750.000      -24589.000      130171.000       35605.000      173356.000      119919.000       93096.000 
-12435  
-1  12  90           -9.993          4           4.341         64          64.002          37.106         -44.723       55880.000      -25427.000       14301.000      -40693.000       -4007.000      -55538.000      -33058.000      -28927.000 
-12435  
-1  22  91          -10.000         12          12.028         64          64.002          41.583         -34.863     -140659.000      107897.000       -1760.000      132096.000       66175.000      164131.000      133821.000       71411.000 
-12435  
-1  12  92           -9.990          4           4.348         64          63.998          36.970         -44.820       54897.000      -25697.000       13811.000      -40192.000       -3916.000      -54838.000      -33242.000      -28557.000 
-12435  
-1  22  93          -10.000         12          12.031         64          64.000          41.713         -34.871     -150016.000       93176.000      -13283.000      131584.000       49518.000      169507.000      127409.000       83220.000 
-12435  
-1  12  94           -9.993          4           4.349         64          64.002          37.091         -44.807       54289.000      -27828.000       12626.000      -40586.000       -6316.000      -54706.000      -33949.000      -27236.000 
-12435  
-1  22  95          -10.000         12          12.031         64          64.000          41.686         -34.863     -158110.000       79089.000      -25672.000      128916.000       33241.000      174255.000      119176.000       94907.000 
-12435  
-1  12  96           -9.997          4           4.347         64          64.001          37.214         -44.766       54382.000      -27611.000       12526.000      -40932.000       -5936.000      -54701.000      -34883.000      -27526.000 
-12435  
-1  22  97          -10.000         12          12.029         64          63.999          41.731         -34.867     -151118.000       90978.000      -16421.000      131181.000       45937.000      170571.000      126251.000       85856.000 
-12435  
-1  12  98           -9.997          4           4.345         64          64.002          37.128         -44.746       54835.000      -27041.000       13813.000      -41010.000       -5421.000      -55137.000      -33919.000      -27771.000 
-12435  
-1  22  99           -9.997         12          12.030         64          64.000          41.605         -34.850     -139840.000      108327.000         580.000      131452.000       66309.000      164991.000      135423.000       70617.000 
-12435  
