-1  22  1          -13.000         12          12.056         64          63.998          41.848         -34.667      151361.000       97220.000      118375.000      -48928.000      109072.000     -147400.000      -56882.000     -149464.000 
-12435  
-1  12  2          -14.357          4           4.311         64          64.001          36.289         -45.420      -30446.000       45185.000       13016.000       30726.000       43687.000       26760.000       41798.000      -25003.000 
-12435  
-1  22  3          -12.997         12          12.059         64          64.002          41.678         -34.681      144677.000      107311.000      121733.000      -41713.000      119072.000     -139020.000      -45822.000     -151721.000 
-12435  
-1  12  4          -14.377          4           4.315         64          64.010          36.741         -45.380      -26004.000       49004.000       15682.000       28897.000       46151.000       21934.000       39332.000      -29066.000 
-12435  
-1  22  5          -13.000         12          12.058         64          64.003          42.078         -34.679      161300.000       80580.000      111781.000      -61768.000       91820.000     -158086.000      -71265.000     -142685.000 
-12435  
-1  12  6          -14.283          4           4.315         64          64.004          36.399         -45.359      -24890.000       49173.000       16562.000       29338.000       46296.000       21207.000       39442.000      -29753.000 
-12435  
-1  22  7          -12.997         12          12.058         64          64.001          41.972         -34.666      166804.000       67946.000      107420.000      -70091.000       81394.000     -164351.000      -81736.000     -137039.000 
-12435  
-1  12  8          -14.287          4           4.311         64          64.002          36.395         -45.417      -27257.000       46940.000       15527.000       29782.000       45052.000       23788.000       40519.000      -27814.000 
-12435  
-1  22  9          -13.000         12          12.055         64          63.998          42.035         -34.673      157327.000       87287.000      114196.000      -57043.000       99874.000     -153850.000      -65916.000     -145498.000 
-12435  
-1  12  10          -14.543          4           4.311         64          63.998          36.636         -45.409      -28244.000       46819.000       14654.000       30031.000       44744.000       24077.000       40636.000      -27607.000 
-12435  
-1  22  11          -12.997         12          12.055         64          64.000          41.668         -34.700      155855.000       88774.000      115442.000      -55636.000      100731.000     -152351.000      -62267.000     -146053.000 
-12435  
-1  12  12          -14.530          4           4.312         64          64.005          36.493         -45.432      -30184.000       45364.000       13387.000       30069.000       43663.000       26295.000       41637.000      -25880.000 
-12435  
-1  22  13          -12.997         12          12.058         64          64.006          41.695         -34.639      165439.000       72270.000      109166.000      -67968.000       85392.000     -163482.000      -79595.000     -138551.000 
-12435  
-1  12  14          -14.383          4           4.307         64          64.004          36.807         -45.409      -26477.000       48141.000       15867.000       29220.000       45395.000       23330.000       39018.000      -29164.000 
-12435  
-1  22  15          -12.997         12          12.056         64          64.004          41.593         -34.649      159969.000       83792.000      113775.000      -59833.000       96631.000     -156734.000      -68248.000     -143967.000 
-12435  
-1  12  16          -14.367          4           4.317         64          64.010          36.654         -45.471      -25212.000       48144.000       16059.000       29194.000       45474.000       21472.000       39036.000      -29257.000 
-12435  
-1  22  17          -12.997         12          12.056         64          63.998          41.789         -34.676      155797.000       90140.000      116094.000      -55199.000      101554.000     -152503.000      -62582.000     -146048.000 
-12435  
-1  12  18          -14.320          4           4.316         64          63.999          36.515         -45.436      -27855.000       46863.000       14808.000       29423.000       44725.000       24072.000       40839.000      -27198.000 
-12435  
-1  22  19          -12.997         12          12.058         64          63.997          41.688         -34.686      162722.000       74766.000      110690.000      -65526.000       88362.000     -160205.000      -75139.000     -140545.000 
-12435  
-1  12  20          -14.453          4           4.316         64          63.999          36.465         -45.472      -28738.000       46023.000       14471.000       29198.000       44515.000       24613.000       40801.000      -26684.000 
-12435  
-1  22  21          -12.997         12          12.057         64          64.001          41.688         -34.688      151510.000       97072.000      117577.000      -49033.000      109006.000     -146861.000      -55300.000     -149402.000 
-12435  
-1  12  22          -14.297          4           4.315         64          64.001          36.489         -45.433      -30391.000       45579.000       13389.000       30026.000       43362.000       26783.000       41695.000      -25166.000 
-12435  
-1  22  23          -12.997         12          12.056         64          64.002          41.685         -34.671      157246.000       87488.000      115248.000      -57184.000      100098.000     -153727.000      -64881.000     -145136.000 
-12435  
-1  12  24          -14.340          4           4.312         64          64.005          36.320         -45.445      -27901.000       46650.000       14461.000       29762.000       44956.000       24627.000       40166.000      -27140.000 
-12435  
-1  22  25          -12.997         12          12.056         64          64.004          41.745         -34.662      168690.000       65086.000      106929.000      -71605.000       77275.000     -165551.000      -84109.000     -135571.000 
-12435  
-1  12  26          -14.250          4           4.314         64          64.005          36.323         -45.372      -27850.000       48055.000       15438.000       29339.000       44938.000       24131.000       40361.000      -27654.000 
-12435  
-1  22  27          -13.000         12          12.054         64          63.999          41.850         -34.650      164392.000       76867.000      110976.000      -65087.000       89080.000     -160453.000      -76038.000     -139417.000 
-12435  
-1  12  28          -14.313          4           4.312         64          64.004          36.565         -45.403      -26867.000       47833.000       15210.000       29596.000       45529.000       23405.000       39806.000      -28129.000 
-12435  
-1  22  29          -13.000         12          12.053         64          63.999          41.724         -34.652      151834.000       96446.000      118144.000      -50927.000      108718.000     -148633.000      -57604.000     -148989.000 
-12435  
-1  12  30          -14.383          4           4.310         64          63.999          36.162         -45.402      -29564.000       46360.000       13837.000       30367.000       43757.000       25711.000       41355.000      -26318.000 
-12435  
-1  22  31          -13.000         12          12.056         64          63.999          41.987         -34.652      158482.000       86085.000      114313.000      -58214.000       98625.000     -155250.000      -67285.000     -144956.000 
-12435  
-1  12  32          -14.247          4           4.315         64          64.002          36.521         -45.436      -28490.000       46328.000       14140.000       29635.000       44324.000       25527.000       41137.000      -26467.000 
-12435  
-1  22  33          -12.997         12          12.056         64          64.002          41.605         -34.685      158382.000       85070.000      113673.000      -58341.000       97501.000     -155389.000      -67227.000     -143925.000 
-12435  
-1  12  34          -14.467          4           4.311         64          64.001          36.835         -45.407      -27784.000       47245.000       15149.000       30094.000       44780.000       23987.000       39978.000      -28062.000 
-12435  
-1  22  35          -12.997         12          12.058         64          64.004          41.956         -34.687      158433.000       83898.000      113580.000      -60111.000       97188.000     -155234.000      -67650.000     -143908.000 
-12435  
-1  12  36          -14.427          4           4.312         64          64.000          36.534         -45.386      -26222.000       48175.000       16496.000       29313.000       45988.000       22167.000       39308.000      -29297.000 
-12435  
-1  22  37          -13.000         12          12.055         64          64.001          41.904         -34.654      166116.000       70479.000      108486.000      -67591.000       83154.000     -163675.000      -80567.000     -138542.000 
-12435  
-1  12  38          -14.260          4           4.313         64          64.000          36.559         -45.431      -28306.000       46307.000       14323.000       30162.000       44615.000       25033.000       40937.000      -26506.000 
-12435  
-1  22  39          -12.997         12          12.058         64          64.001          41.822         -34.655      152434.000       95962.000      117501.000      -50921.000      108904.000     -149348.000      -57564.000     -148150.000 
-12435  
-1  12  40          -14.277          4           4.312         64          63.999          36.460         -45.392      -27744.000       46909.000       14843.000       29801.000       45207.000       24536.000       40781.000      -27359.000 
-12435  
-1  22  41          -13.000         12          12.057         64          64.000          41.711         -34.663      157916.000       86815.000      114136.000      -58299.000       98828.000     -154412.000      -67307.000     -145048.000 
-12435  
-1  12  42          -14.340          4           4.312         64          64.001          36.394         -45.450      -27745.000       47147.000       14653.000       29591.000       44916.000       23928.000       40033.000      -27191.000 
-12435  
-1  22  43          -12.997         12          12.056         64          64.002          42.026         -34.671      150786.000       97322.000      118684.000      -49142.000      109876.000     -147361.000      -55568.000     -149290.000 
-12435  
-1  12  44          -14.277          4           4.318         64          64.006          36.334         -45.407      -28124.000       47106.000       14401.000       29607.000       44716.000       25100.000       40569.000      -27148.000 
-12435  
-1  22  45          -12.997         12          12.059         64          64.002          41.920         -34.673      151635.000       96809.000      118059.000      -49587.000      109273.000     -147331.000      -55613.000     -149428.000 
-12435  
-1  12  46          -14.200          4           4.313         64          63.997          36.369         -45.388      -28114.000       46766.000       14905.000       29724.000       45184.000       25131.000       40855.000      -26835.000 
-12435  
-1  22  47          -13.000         12          12.056         64          64.002          42.013         -34.671      156578.000       88570.000      115099.000      -55469.000      101343.000     -153296.000      -64595.000     -145772.000 
-12435  
-1  12  48          -14.307          4           4.313         64          64.001          36.300         -45.457      -27006.000       47495.000       15630.000       29199.000       44941.000       23313.000       39644.000      -28008.000 
-12435  
-1  22  49          -12.997         12          12.057         64          64.000          41.965         -34.664      160926.000       82566.000      113142.000      -59915.000       95146.000     -156387.000      -70021.000     -143276.000 
-12435  
-1  12  50          -14.423          4           4.314         64          63.999          36.120         -45.451      -27469.000       46925.000       14596.000       29504.000       45201.000       23984.000       39888.000      -27656.000 
-12435  
-1  22  51          -12.997         12          12.056         64          64.002          41.823         -34.650      155205.000       91628.000      115376.000      -54002.000      104102.000     -152054.000      -61704.000     -148000.000 
-12435  
-1  12  52          -14.330          4           4.313         64          64.003          36.512         -45.428      -25438.000       48015.000       15975.000       28757.000       45921.000       22019.000       39729.000      -29253.000 
-12435  
-1  22  53          -12.997         12          12.056         64          64.000          41.816         -34.661      152945.000       96926.000      117889.000      -50130.000      109163.000     -146959.000      -56175.000     -149188.000 
-12435  
-1  12  54          -14.373          4           4.315         64          63.997          36.553         -45.475      -27376.000       46570.000       15152.000       29355.000       44927.000       23707.000       40157.000      -27599.000 
-12435  
-1  22  55          -12.997         12          12.055         64          64.000          41.957         -34.671      158761.000       84259.000      114076.000      -58614.000       97191.000     -156143.000      -67726.000     -143911.000 
-12435  
-1  12  56          -14.270          4           4.316         64          64.002          36.325         -45.454      -26087.000       47757.000       15932.000       29066.000       45414.000       22900.000       39296.000      -28590.000 
-12435  
-1  22  57          -12.997         12          12.054         64          64.000          42.102         -34.662      157916.000       87004.000      114661.000      -57147.000       99966.000     -154326.000      -66010.000     -144944.000 
-12435  
-1  12  58          -14.533          4           4.315         64          64.000          36.553         -45.376      -27578.000       47876.000       15285.000       29403.000       45486.000       23306.000       39967.000      -28452.000 
-12435  
-1  22  59          -12.997         12          12.054         64          64.001          41.889         -34.668      162549.000       77936.000      111560.000      -62925.000       91580.000     -158787.000      -74031.000     -141323.000 
-12435  
-1  12  60          -14.483          4           4.315         64          64.003          36.521         -45.378      -28260.000       46786.000       14731.000       30084.000       45294.000       24069.000       40918.000      -27417.000 
-12435  
-1  22  61          -12.997         12          12.057         64          64.001          41.975         -34.672      159818.000       83205.000      112844.000      -59602.000       96585.000     -155997.000      -69005.000     -143767.000 
-12435  
-1  12  62          -14.610          4           4.318         64          64.006          36.345         -45.465      -30174.000       45416.000       12971.000       30046.000       43673.000       25888.000       41262.000      -25699.000 
-12435  
-1  22  63          -12.997         12          12.057         64          64.000          41.896         -34.678      157783.000       86815.000      114522.000      -56375.000      100631.000     -153594.000      -64949.000     -145029.000 
-12435  
-1  12  64          -14.433          4           4.311         64          63.997          36.503         -45.447      -27828.000       47006.000       14822.000       29453.000       44831.000       23952.000       40078.000      -27598.000 
-12435  
-1  22  65          -12.997         12          12.058         64          64.002          41.878         -34.657      152619.000       95685.000      117570.000      -51092.000      107820.000     -149281.000      -57662.000     -148703.000 
-12435  
-1  12  66          -14.343          4           4.313         64          64.004          36.526         -45.428      -28507.000       46394.000       14534.000       29727.000       44813.000       24865.000       40719.000      -26783.000 
-12435  
-1  22  67          -13.000         12          12.053         64          64.003          41.968         -34.658      152694.000       96550.000      117965.000      -50432.000      108698.000     -147933.000      -57922.000     -148467.000 
-12435  
-1  12  68          -14.320          4           4.311         64          64.002          36.467         -45.406      -29201.000       46632.000       14709.000       29360.000       44272.000       25346.000       41094.000      -26648.000 
-12435  
-1  22  69          -12.997         12          12.058         64          64.002          42.173         -34.682      161529.000       77788.000      111081.000      -63535.000       91499.000     -159184.000      -73183.000     -141435.000 
-12435  
-1  12  70          -14.410          4           4.314         64          64.003          36.487         -45.413      -29073.000       46744.000       14290.000       30217.000       44149.000       25300.000       40427.000      -26854.000 
-12435  
-1  22  71          -12.997         12          12.055         64          63.999          42.034         -34.664      163556.000       77510.000      111393.000      -62514.000       91180.000     -159134.000      -73077.000     -141349.000 
-12435  
-1  12  72          -14.330          4           4.310         64          64.005          36.506         -45.434      -27081.000       46635.000       15127.000       29598.000       45261.000       24430.000       40016.000      -28090.000 
-12435  
-1  22  73          -12.997         12          12.058         64          64.002          41.879         -34.672      158771.000       84485.000      113923.000      -59763.000       97186.000     -155824.000      -67123.000     -143898.000 
-12435  
-1  12  74          -14.543          4           4.310         64          64.004          36.050         -45.452      -26514.000       47528.000       15440.000       29150.000       45595.000       22860.000       39079.000      -28860.000 
-12435  
-1  22  75          -13.000         12          12.057         64          63.999          41.715         -34.659      149640.000      100174.000      118600.000      -47251.000      113277.000     -145536.000      -54166.000     -149957.000 
-12435  
-1  12  76          -14.563          4           4.317         64          64.003          36.773         -45.420      -27303.000       47589.000       14784.000       29248.000       45323.000       23534.000       39695.000      -28458.000 
-12435  
-1  22  77          -12.997         12          12.059         64          64.001          41.791         -34.674      158704.000       84789.000      114479.000      -58581.000       97941.000     -155491.000      -67750.000     -143265.000 
-12435  
-1  12  78          -14.440          4           4.310         64          64.004          36.491         -45.402      -28816.000       46745.000       14206.000       30354.000       44546.000       24965.000       40530.000      -26946.000 
-12435  
-1  22  79          -12.997         12          12.056         64          64.003          42.452         -34.669      167687.000       64726.000      106423.000      -72374.000       78267.000     -165853.000      -84187.000     -135360.000 
-12435  
-1  12  80          -14.353          4           4.312         64          64.001          36.671         -45.428      -28709.000       46409.000       14384.000       30042.000       44725.000       24853.000       40637.000      -26546.000 
-12435  
-1  22  81          -12.997         12          12.057         64          64.001          41.771         -34.667      162858.000       76830.000      111097.000      -64804.000       89906.000     -159748.000      -74431.000     -140941.000 
-12435  
-1  12  82          -14.570          4           4.313         64          64.006          36.458         -45.425      -28498.000       46427.000       13973.000       29872.000       45287.000       24615.000       40313.000      -27033.000 
-12435  
-1  22  83          -12.997         12          12.055         64          64.003          41.723         -34.681      148524.000      100022.000      119454.000      -46812.000      114015.000     -143074.000      -52312.000     -151277.000 
-12435  
-1  12  84          -14.277          4           4.312         64          64.000          36.402         -45.468      -28026.000       46684.000       14255.000       29725.000       44080.000       25214.000       40237.000      -27010.000 
-12435  
-1  22  85          -12.997         12          12.058         64          64.001          41.827         -34.669      158119.000       85562.000      114776.000      -58527.000       98331.000     -154876.000      -66789.000     -144481.000 
-12435  
-1  12  86          -14.340          4           4.313         64          64.005          36.346         -45.448      -27168.000       47349.000       14741.000       29800.000       44944.000       23783.000       39750.000      -27729.000 
-12435  
-1  22  87          -12.997         12          12.056         64          64.001          41.774         -34.668      158642.000       86526.000      113778.000      -58629.000       98552.000     -155066.000      -66689.000     -143879.000 
-12435  
-1  12  88          -14.193          4           4.316         64          63.999          36.645         -45.448      -25784.000       47951.000       16656.000       29182.000       45036.000       22696.000       39447.000      -28770.000 
-12435  
-1  22  89          -12.997         12          12.056         64          63.997          41.945         -34.672      152104.000       96557.000      118713.000      -49745.000      109574.000     -146998.000      -55345.000     -148830.000 
-12435  
-1  12  90          -14.370          4           4.316         64          64.002          36.525         -45.414      -27751.000       47458.000       15128.000       29277.000       45412.000       23609.000       40044.000      -27557.000 
-12435  
-1  22  91          -12.997         12          12.059         64          64.001          41.913         -34.685      156377.000       89518.000      115761.000      -54935.000      102086.000     -152151.000      -62498.000     -145475.000 
-12435  
-1  12  92          -14.600          4           4.316         64          63.998          36.382         -45.388      -28587.000       47156.000       14544.000       30091.000       45284.000       23973.000       40156.000      -27393.000 
-12435  
-1  22  93          -12.997         12          12.058         64          63.999          42.071         -34.665      153516.000       93649.000      117521.000      -51863.000      107543.000     -148955.000      -58979.000     -148173.000 
-12435  
-1  12  94          -14.230          4           4.315         64          64.003          36.489         -45.389      -28009.000       47498.000       14407.000       29925.000       44795.000       24797.000       40653.000      -26942.000 
-12435  
-1  22  95          -12.997         12          12.059         64          64.003          41.723         -34.675      159445.000       83453.000      113853.000      -60673.000       95771.000     -155925.000      -68770.000     -143279.000 
-12435  
-1  12  96          -14.443          4           4.312         64          63.997          36.436         -45.408      -27859.000       47135.000       14622.000       29401.000       45099.000       24184.000       40462.000      -27764.000 
-12435  
-1  22  97          -12.997         12          12.058         64          64.002          41.996         -34.667      162306.000       77897.000      111385.000      -63275.000       91879.000     -159256.000      -73688.000     -141072.000 
-12435  
-1  12  98          -14.280          4           4.309         64          64.000          36.359         -45.422      -27555.000       46538.000       15557.000       30093.000       45008.000       24286.000       40290.000      -27606.000 
-12435  
-1  22  99          -13.000         12          12.054         64          64.002          41.759         -34.670      157473.000       86549.000      114469.000      -57136.000       99230.000     -154617.000      -66430.000     -145140.000 
-12435  
