-1  12  1            8.027          4           4.308         64          64.002          50.248         -26.775      234111.000      219721.000      171766.000      387434.000      126854.000      378563.000     -126529.000      454297.000 
-12435  
-1  22  2            8.087         12          11.952         64          64.002          44.005         -32.182      -17616.000     -166914.000       68675.000     -215125.000       89342.000     -194019.000      216940.000     -139611.000 
-12435  
-1  12  3            8.027          4           4.308         64          63.999          50.293         -26.766      229165.000      224708.000      164732.000      391005.000      118848.000      381895.000     -135814.000      452202.000 
-12435  
-1  22  4            8.087         12          11.954         64          64.001          44.228         -32.202      -12495.000     -166308.000       74984.000     -213103.000       94135.000     -189777.000      221392.000     -133055.000 
-12435  
-1  12  5            8.033          4           4.308         64          64.001          49.989         -26.766      219105.000      234700.000      146215.000      397554.000      101583.000      387132.000     -157652.000      445277.000 
-12435  
-1  22  6            8.093         12          11.952         64          64.001          44.434         -32.170      -22814.000     -166317.000       62551.000     -217041.000       83647.000     -196109.000      214071.000     -146232.000 
-12435  
-1  12  7            8.023          4           4.308         64          64.005          49.824         -26.773      220980.000      232535.000      149627.000      396338.000      105559.000      385350.000     -151849.000      446981.000 
-12435  
-1  22  8            8.090         12          11.949         64          64.003          44.232         -32.195      -30984.000     -164551.000       50528.000     -219579.000       73160.000     -199327.000      205400.000     -157147.000 
-12435  
-1  12  9            8.023          4           4.309         64          64.003          50.151         -26.767      218313.000      235914.000      143953.000      398449.000      100064.000      387106.000     -158354.000      444911.000 
-12435  
-1  22  10            8.097         12          11.949         64          64.001          44.132         -32.177      -52647.000     -159186.000       19973.000     -224815.000       45537.000     -208032.000      183209.000     -183252.000 
-12435  
-1  12  11            8.027          4           4.308         64          64.000          49.971         -26.761      211877.000      241216.000      134668.000      402446.000       90336.000      389908.000     -169639.000      441054.000 
-12435  
-1  22  12            8.100         12          11.951         64          63.999          44.268         -32.178      -20209.000     -166830.000       66698.000     -215530.000       86470.000     -194454.000      216725.000     -141749.000 
-12435  
-1  12  13            8.027          4           4.308         64          64.000          50.396         -26.768      213149.000      240942.000      135415.000      401153.000       91143.000      389011.000     -168704.000      441284.000 
-12435  
-1  22  14            8.120         12          11.953         64          64.003          44.133         -32.179      -29842.000     -165508.000       53296.000     -218929.000       76510.000     -199706.000      207588.000     -153532.000 
-12435  
-1  12  15            8.027          4           4.308         64          64.001          49.917         -26.770      217637.000      236123.000      143224.000      399112.000       99441.000      387141.000     -159414.000      444076.000 
-12435  
-1  22  16            8.073         12          11.951         64          64.003          44.428         -32.187      -14933.000     -167575.000       72491.000     -213412.000       92031.000     -191949.000      219182.000     -136624.000 
-12435  
-1  12  17            8.030          4           4.308         64          64.002          50.186         -26.767      222097.000      232717.000      150205.000      396472.000      105318.000      385132.000     -152510.000      446988.000 
-12435  
-1  22  18            8.093         12          11.951         64          64.000          44.304         -32.188      -33879.000     -164989.000       47086.000     -221108.000       69366.000     -200870.000      202524.000     -159446.000 
-12435  
-1  12  19            8.027          4           4.308         64          64.001          49.858         -26.765      221217.000      232961.000      149752.000      396776.000      104953.000      385768.000     -152775.000      447045.000 
-12435  
-1  22  20            8.087         12          11.953         64          64.000          44.380         -32.177      -16669.000     -167472.000       71381.000     -214096.000       90592.000     -192516.000      219183.000     -137745.000 
-12435  
-1  12  21            8.030          4           4.307         64          64.003          49.921         -26.764      224611.000      229284.000      155580.000      394801.000      110712.000      384729.000     -146556.000      448671.000 
-12435  
-1  22  22            8.070         12          11.952         64          64.001          44.113         -32.195      -11649.000     -167447.000       76086.000     -212171.000       95157.000     -190525.000      221140.000     -132338.000 
-12435  
-1  12  23            8.023          4           4.308         64          64.003          49.977         -26.764      218674.000      235427.000      145106.000      398839.000      100713.000      387068.000     -157297.000      445017.000 
-12435  
-1  22  24            8.093         12          11.950         64          63.999          44.395         -32.175      -28211.000     -165324.000       54976.000     -219431.000       76575.000     -199645.000      208097.000     -152770.000 
-12435  
-1  12  25            8.027          4           4.308         64          64.004          49.975         -26.763      217312.000      237038.000      143067.000      399210.000       98285.000      387223.000     -160206.000      444700.000 
-12435  
-1  22  26            8.087         12          11.952         64          63.998          44.301         -32.199      -17477.000     -166541.000       69094.000     -214593.000       89274.000     -193427.000      216894.000     -138862.000 
-12435  
-1  12  27            8.027          4           4.309         64          64.003          50.467         -26.769      208457.000      243922.000      128379.000      403842.000       84465.000      390303.000     -175868.000      438837.000 
-12435  
-1  22  28            8.087         12          11.952         64          64.003          44.121         -32.191      -24915.000     -166229.000       58577.000     -217497.000       80143.000     -196830.000      210998.000     -149251.000 
-12435  
-1  12  29            8.027          4           4.309         64          64.003          49.925         -26.767      223836.000      230632.000      153980.000      395049.000      109111.000      384760.000     -147870.000      448233.000 
-12435  
-1  22  30            8.090         12          11.949         64          63.999          44.517         -32.193      -17151.000     -166907.000       69181.000     -215205.000       89544.000     -193137.000      217027.000     -138543.000 
-12435  
-1  12  31            8.027          4           4.308         64          64.003          50.483         -26.763      214213.000      240218.000      137667.000      401179.000       93170.000      388705.000     -166314.000      442021.000 
-12435  
-1  22  32            8.077         12          11.950         64          64.002          44.523         -32.208      -23840.000     -165485.000       59357.000     -216534.000       80281.000     -197346.000      211069.000     -147946.000 
-12435  
-1  12  33            8.023          4           4.308         64          64.001          49.846         -26.767      220750.000      233109.000      149443.000      397065.000      104601.000      385421.000     -152775.000      447106.000 
-12435  
-1  22  34            8.087         12          11.951         64          64.003          44.184         -32.180      -17362.000     -167084.000       68668.000     -214807.000       89041.000     -193252.000      218150.000     -139562.000 
-12435  
-1  12  35            8.027          4           4.309         64          64.000          50.224         -26.770      219421.000      234297.000      147642.000      397293.000      103179.000      386158.000     -155348.000      445776.000 
-12435  
-1  22  36            8.097         12          11.952         64          64.002          44.406         -32.185      -15581.000     -167079.000       71600.000     -214310.000       91501.000     -191658.000      219644.000     -136520.000 
-12435  
-1  12  37            8.027          4           4.308         64          64.002          50.476         -26.764      220480.000      233598.000      147920.000      397419.000      103673.000      386396.000     -154083.000      446594.000 
-12435  
-1  22  38            8.097         12          11.950         64          64.001          44.366         -32.190      -15350.000     -167119.000       72673.000     -213339.000       91830.000     -191679.000      220230.000     -135471.000 
-12435  
-1  12  39            8.030          4           4.308         64          64.002          49.937         -26.766      226088.000      228544.000      156754.000      394076.000      112348.000      384005.000     -144588.000      449114.000 
-12435  
-1  22  40            8.083         12          11.952         64          64.000          44.054         -32.187      -29334.000     -164959.000       52430.000     -219885.000       74494.000     -199035.000      206539.000     -155383.000 
-12435  
-1  12  41            8.027          4           4.308         64          64.002          50.078         -26.763      212848.000      240749.000      135540.000      401822.000       91541.000      389155.000     -168861.000      441421.000 
-12435  
-1  22  42            8.090         12          11.951         64          64.002          44.133         -32.193      -29517.000     -164598.000       52783.000     -220284.000       74775.000     -198858.000      206085.000     -154813.000 
-12435  
-1  12  43            8.023          4           4.308         64          64.003          49.989         -26.770      223067.000      231028.000      152433.000      395345.000      108262.000      384784.000     -148719.000      448018.000 
-12435  
-1  22  44            8.070         12          11.952         64          64.000          44.380         -32.186      -23236.000     -167006.000       61597.000     -216259.000       81946.000     -196762.000      212344.000     -147146.000 
-12435  
-1  12  45            8.027          4           4.308         64          64.000          49.886         -26.762      214655.000      240151.000      136538.000      401973.000       92834.000      388487.000     -166515.000      441831.000 
-12435  
-1  22  46            8.090         12          11.951         64          64.003          44.100         -32.181      -21230.000     -166975.000       64129.000     -216195.000       85178.000     -195434.000      214507.000     -143992.000 
-12435  
-1  12  47            8.027          4           4.308         64          64.000          50.086         -26.764      216472.000      237985.000      141395.000      399581.000       96691.000      387967.000     -162079.000      443719.000 
-12435  
-1  22  48            8.067         12          11.950         64          64.002          44.150         -32.211      -18357.000     -167284.000       66802.000     -215244.000       87351.000     -193441.000      214384.000     -141259.000 
-12435  
-1  12  49            8.027          4           4.308         64          64.001          50.275         -26.765      215503.000      237638.000      140451.000      400543.000       95641.000      387908.000     -162873.000      443664.000 
-12435  
-1  22  50            8.080         12          11.951         64          64.003          44.217         -32.184      -29828.000     -165266.000       52480.000     -219040.000       74099.000     -200204.000      206327.000     -155518.000 
-12435  
-1  12  51            8.027          4           4.308         64          64.001          49.928         -26.766      220277.000      233432.000      148026.000      397153.000      103760.000      386341.000     -154269.000      446621.000 
-12435  
-1  22  52            8.077         12          11.953         64          63.999          44.028         -32.168      -43193.000     -162768.000       34488.000     -223440.000       57008.000     -205807.000      193310.000     -171816.000 
-12435  
-1  12  53            8.027          4           4.308         64          64.001          49.949         -26.766      214281.000      239774.000      137223.000      401155.000       92769.000      388949.000     -166208.000      441767.000 
-12435  
-1  22  54            8.073         12          11.953         64          64.001          44.002         -32.171      -24442.000     -166502.000       59488.000     -218188.000       80065.000     -197510.000      211347.000     -149204.000 
-12435  
-1  12  55            8.027          4           4.308         64          64.002          50.164         -26.761      209926.000      243707.000      130045.000      404167.000       86105.000      390887.000     -174304.000      438593.000 
-12435  
-1  22  56            8.093         12          11.951         64          63.999          44.133         -32.179      -15624.000     -167294.000       71482.000     -214695.000       91974.000     -191439.000      219341.000     -137214.000 
-12435  
-1  12  57            8.030          4           4.309         64          64.003          49.850         -26.768      220969.000      232982.000      149080.000      397159.000      104055.000      385937.000     -153176.000      446466.000 
-12435  
-1  22  58            8.090         12          11.953         64          64.002          44.098         -32.180      -18452.000     -167462.000       67642.000     -214861.000       88535.000     -194101.000      216957.000     -140463.000 
-12435  
-1  12  59            8.030          4           4.308         64          64.002          49.530         -26.762      223082.000      231312.000      152964.000      396149.000      107988.000      385210.000     -149488.000      447768.000 
-12435  
-1  22  60            8.100         12          11.951         64          64.003          44.190         -32.198      -42538.000     -162118.000       33780.000     -222753.000       58169.000     -204462.000      193585.000     -170591.000 
-12435  
-1  12  61            8.027          4           4.309         64          64.001          49.618         -26.771      215594.000      237669.000      141162.000      399846.000       96739.000      387747.000     -162488.000      442980.000 
-12435  
-1  22  62            8.087         12          11.951         64          64.003          44.003         -32.185      -17169.000     -167237.000       68986.000     -214605.000       89589.000     -193289.000      217739.000     -138995.000 
-12435  
-1  12  63            8.027          4           4.309         64          64.000          49.986         -26.768      226357.000      228776.000      157519.000      393649.000      112338.000      383158.000     -143618.000      449719.000 
-12435  
-1  22  64            8.077         12          11.951         64          64.002          43.915         -32.171      -33381.000     -165316.000       47620.000     -220625.000       70692.000     -201658.000      202633.000     -160389.000 
-12435  
-1  12  65            8.023          4           4.308         64          64.002          49.800         -26.764      222146.000      232262.000      151199.000      396120.000      107041.000      385233.000     -150992.000      447781.000 
-12435  
-1  22  66            8.097         12          11.951         64          64.000          44.084         -32.193      -16524.000     -167260.000       70090.000     -214104.000       89751.000     -193308.000      218337.000     -136892.000 
-12435  
-1  12  67            8.027          4           4.308         64          64.003          50.009         -26.764      228350.000      226522.000      160322.000      392513.000      115742.000      382673.000     -139467.000      451365.000 
-12435  
-1  22  68            8.090         12          11.950         64          64.003          44.241         -32.197      -22519.000     -166249.000       61946.000     -217052.000       82190.000     -196308.000      212684.000     -145153.000 
-12435  
-1  12  69            8.030          4           4.308         64          64.001          49.780         -26.761      217540.000      237331.000      142622.000      399213.000       98015.000      388078.000     -160872.000      444054.000 
-12435  
-1  22  70            8.087         12          11.951         64          64.000          44.371         -32.184      -19148.000     -166303.000       66348.000     -215817.000       87286.000     -194395.000      216005.000     -142034.000 
-12435  
-1  12  71            8.027          4           4.308         64          64.003          50.405         -26.772      221275.000      232648.000      149237.000      396941.000      105272.000      385518.000     -152793.000      446141.000 
-12435  
-1  22  72            8.107         12          11.952         64          63.997          44.078         -32.185      -26673.000     -165563.000       57519.000     -218834.000       78873.000     -197593.000      210119.000     -149933.000 
-12435  
-1  12  73            8.030          4           4.308         64          64.003          49.713         -26.763      227041.000      227887.000      159140.000      393567.000      113792.000      382875.000     -142542.000      450295.000 
-12435  
-1  22  74            8.083         12          11.950         64          64.001          44.289         -32.190      -24040.000     -166355.000       61354.000     -216480.000       82281.000     -195941.000      212329.000     -147892.000 
-12435  
-1  12  75            8.023          4           4.308         64          64.003          50.625         -26.764      217933.000      236771.000      142766.000      399206.000       99263.000      387275.000     -159819.000      444355.000 
-12435  
-1  22  76            8.093         12          11.952         64          64.000          44.041         -32.184      -27943.000     -165992.000       55231.000     -218745.000       76782.000     -198899.000      208442.000     -152041.000 
-12435  
-1  12  77            8.027          4           4.308         64          64.003          50.012         -26.765      215033.000      238635.000      139428.000      400514.000       95212.000      388517.000     -164271.000      442795.000 
-12435  
-1  22  78            8.090         12          11.950         64          64.000          44.344         -32.196      -32551.000     -164097.000       48570.000     -220353.000       70550.000     -200810.000      203565.000     -158389.000 
-12435  
-1  12  79            8.030          4           4.308         64          64.002          49.883         -26.771      221490.000      232622.000      149806.000      396775.000      104886.000      385442.000     -152799.000      446231.000 
-12435  
-1  22  80            8.083         12          11.949         64          64.002          44.056         -32.172      -36134.000     -164258.000       43168.000     -221048.000       66644.000     -203399.000      200446.000     -163693.000 
-12435  
-1  12  81            8.027          4           4.308         64          64.002          49.862         -26.757      210647.000      242974.000      132683.000      403398.000       88309.000      390417.000     -172278.000      440065.000 
-12435  
-1  22  82            8.087         12          11.951         64          64.000          44.301         -32.183      -25519.000     -165985.000       58342.000     -217603.000       79112.000     -198170.000      210890.000     -149469.000 
-12435  
-1  12  83            8.030          4           4.308         64          64.001          50.719         -26.771      216946.000      237012.000      142244.000      399421.000       97676.000      387645.000     -160965.000      443195.000 
-12435  
-1  22  84            8.083         12          11.952         64          64.001          44.012         -32.166      -25101.000     -166994.000       58521.000     -218283.000       80031.000     -197521.000      211164.000     -149834.000 
-12435  
-1  12  85            8.027          4           4.308         64          64.002          50.330         -26.763      222242.000      232225.000      152166.000      396025.000      106862.000      385199.000     -150352.000      447911.000 
-12435  
-1  22  86            8.063         12          11.950         64          64.001          44.065         -32.182      -28787.000     -165558.000       53088.000     -219164.000       74174.000     -200308.000      206339.000     -155142.000 
-12435  
-1  12  87            8.030          4           4.308         64          64.002          49.635         -26.765      219674.000      234584.000      146741.000      397960.000      102200.000      386263.000     -156345.000      445758.000 
-12435  
-1  22  88            8.070         12          11.951         64          64.001          44.082         -32.171      -28917.000     -165847.000       53009.000     -219825.000       74773.000     -199259.000      207019.000     -155557.000 
-12435  
-1  12  89            8.027          4           4.308         64          64.001          50.216         -26.759      222403.000      231938.000      151494.000      396509.000      107104.000      385516.000     -151127.000      447912.000 
-12435  
-1  22  90            8.073         12          11.952         64          64.000          44.067         -32.188      -35295.000     -163169.000       44441.000     -221599.000       67338.000     -202429.000      199892.000     -163252.000 
-12435  
-1  12  91            8.023          4           4.308         64          64.001          49.664         -26.763      213039.000      240798.000      135562.000      401746.000       91998.000      389183.000     -168108.000      441675.000 
-12435  
-1  22  92            8.083         12          11.951         64          64.003          44.267         -32.187      -18044.000     -165984.000       68735.000     -215182.000       88073.000     -194251.000      217104.000     -139909.000 
-12435  
-1  12  93            8.023          4           4.308         64          64.001          49.901         -26.769      213216.000      240092.000      136320.000      401699.000       92094.000      388958.000     -166990.000      441300.000 
-12435  
-1  22  94            8.100         12          11.951         64          64.005          44.100         -32.180      -18286.000     -166162.000       66904.000     -215865.000       87477.000     -194842.000      217112.000     -140229.000 
-12435  
-1  12  95            8.030          4           4.308         64          64.000          50.005         -26.761      213792.000      240312.000      136182.000      401884.000       91879.000      389124.000     -168068.000      441548.000 
-12435  
-1  22  96            8.090         12          11.950         64          64.001          44.226         -32.198      -29175.000     -165006.000       53109.000     -219742.000       74752.000     -199149.000      206137.000     -153926.000 
-12435  
-1  12  97            8.027          4           4.308         64          64.001          49.818         -26.763      220816.000      233821.000      147752.000      397592.000      103696.000      386051.000     -154317.000      446550.000 
-12435  
-1  22  98            8.087         12          11.951         64          64.002          44.148         -32.177      -27926.000     -165300.000       54890.000     -219615.000       76694.000     -198752.000      208192.000     -153215.000 
-12435  
-1  12  99            8.027          4           4.309         64          64.001          50.002         -26.772      220525.000      233337.000      148319.000      397124.000      103538.000      386053.000     -153770.000      445898.000 
-12435  
