-1  22  1           11.940         12          11.963         64          64.001          42.117         -34.491     -119179.000      -51637.000      -96420.000     -139293.000      -45009.000     -149483.000      101602.000     -179336.000 
-12435  
-1  12  2           11.987          4           4.308         64          64.002          43.344         -37.796        -214.000       90567.000      -63574.000       95845.000      -84908.000       65006.000     -138985.000      -18554.000 
-12435  
-1  22  3           11.927         12          11.959         64          64.003          42.144         -34.514     -113504.000      -62440.000      -84040.000     -146679.000      -31660.000     -152896.000      116262.000     -169056.000 
-12435  
-1  12  4           11.977          4           4.308         64          64.002          43.476         -37.794       -1024.000       91223.000      -64322.000       95110.000      -85313.000       64191.000     -138878.000      -18981.000 
-12435  
-1  22  5           11.937         12          11.962         64          64.003          42.243         -34.466     -123032.000      -44986.000     -105189.000     -132917.000      -54064.000     -147313.000       90423.000     -185472.000 
-12435  
-1  12  6           11.993          4           4.308         64          64.001          43.566         -37.784         808.000       91443.000      -62291.000       96581.000      -84331.000       65811.000     -139139.000      -17253.000 
-12435  
-1  22  7           11.920         12          11.963         64          64.003          41.929         -34.474     -117758.000      -55790.000      -93083.000     -141576.000      -42224.000     -151203.000      106327.000     -176774.000 
-12435  
-1  12  8           11.993          4           4.308         64          64.002          43.412         -37.778       -2802.000       91609.000      -66508.000       93775.000      -87137.000       62079.000     -138428.000      -22868.000 
-12435  
-1  22  9           11.940         12          11.964         64          64.004          41.927         -34.482     -124994.000      -36858.000     -114445.000     -125713.000      -63210.000     -142496.000       78176.000     -190699.000 
-12435  
-1  12  10           11.997          4           4.305         64          64.001          43.492         -37.783        2378.000       90971.000      -61243.000       97225.000      -83544.000       67136.000     -139552.000      -15571.000 
-12435  
-1  22  11           11.947         12          11.960         64          64.002          42.120         -34.495     -118063.000      -53274.000      -94611.000     -140981.000      -43382.000     -150214.000      104805.000     -176934.000 
-12435  
-1  12  12           11.980          4           4.307         64          64.002          43.429         -37.777        1756.000       91022.000      -61155.000       97499.000      -83472.000       66829.000     -139922.000      -14686.000 
-12435  
-1  22  13           11.943         12          11.963         64          64.002          42.070         -34.489     -115518.000      -58502.000      -88027.000     -144646.000      -36209.000     -152661.000      112310.000     -172693.000 
-12435  
-1  12  14           11.987          4           4.308         64          64.002          43.326         -37.781         -40.000       91056.000      -63387.000       96169.000      -84620.000       65064.000     -139401.000      -18037.000 
-12435  
-1  22  15           11.943         12          11.964         64          64.002          41.920         -34.482     -120785.000      -47623.000     -101553.000     -135474.000      -50303.000     -148337.000       95761.000     -182838.000 
-12435  
-1  12  16           11.987          4           4.307         64          64.002          43.413         -37.798       -3622.000       91043.000      -67137.000       93355.000      -87150.000       61454.000     -138052.000      -23586.000 
-12435  
-1  22  17           11.923         12          11.962         64          64.002          42.129         -34.491     -121719.000      -46241.000     -104512.000     -134091.000      -52838.000     -147024.000       91459.000     -183884.000 
-12435  
-1  12  18           11.990          4           4.310         64          64.003          43.580         -37.781       -2550.000       90744.000      -66275.000       94430.000      -86503.000       62981.000     -138605.000      -22361.000 
-12435  
-1  22  19           11.923         12          11.963         64          64.002          42.105         -34.481     -121413.000      -46530.000     -103643.000     -134452.000      -52370.000     -147533.000       92397.000     -184193.000 
-12435  
-1  12  20           11.990          4           4.308         64          64.002          43.503         -37.775         820.000       91420.000      -63063.000       96625.000      -84250.000       65261.000     -139502.000      -17246.000 
-12435  
-1  22  21           11.923         12          11.967         64          64.002          42.229         -34.486     -117368.000      -55399.000      -92664.000     -141666.000      -40884.000     -151676.000      105982.000     -176472.000 
-12435  
-1  12  22           11.983          4           4.306         64          63.998          43.702         -37.773         569.000       91101.000      -62531.000       96648.000      -84407.000       66489.000     -139355.000      -17175.000 
-12435  
-1  22  23           11.930         12          11.964         64          64.002          41.910         -34.492     -118190.000      -53998.000      -94530.000     -140211.000      -44385.000     -150000.000      104445.000     -177651.000 
-12435  
-1  12  24           11.993          4           4.307         64          64.001          43.521         -37.792        1281.000       90535.000      -62387.000       97159.000      -84085.000       65736.000     -139195.000      -16629.000 
-12435  
-1  22  25           11.920         12          11.964         64          64.002          41.978         -34.473     -123500.000      -41636.000     -109203.000     -130780.000      -58163.000     -145456.000       84583.000     -187615.000 
-12435  
-1  12  26           12.000          4           4.306         64          64.003          43.373         -37.791        1300.000       91277.000      -61950.000       96410.000      -84535.000       65229.000     -139444.000      -16790.000 
-12435  
-1  22  27           11.937         12          11.963         64          64.004          41.854         -34.496     -115355.000      -59548.000      -87156.000     -145758.000      -34541.000     -152934.000      112729.000     -171221.000 
-12435  
-1  12  28           11.990          4           4.307         64          64.004          43.226         -37.793       -2297.000       91063.000      -65674.000       93821.000      -86910.000       62684.000     -138530.000      -21841.000 
-12435  
-1  22  29           11.927         12          11.962         64          64.003          41.948         -34.478     -119816.000      -51257.000      -99366.000     -137336.000      -47431.000     -149923.000       99056.000     -180300.000 
-12435  
-1  12  30           11.997          4           4.309         64          63.999          43.522         -37.774         429.000       91062.000      -63420.000       95984.000      -85255.000       64955.000     -139457.000      -18251.000 
-12435  
-1  22  31           11.933         12          11.961         64          64.001          41.788         -34.473     -121064.000      -49227.000     -100552.000     -137060.000      -49138.000     -148693.000       96762.000     -181758.000 
-12435  
-1  12  32           11.990          4           4.305         64          63.999          43.550         -37.782        1574.000       91502.000      -62190.000       96903.000      -83729.000       65976.000     -139457.000      -16065.000 
-12435  
-1  22  33           11.940         12          11.964         64          64.000          41.961         -34.466     -120196.000      -50613.000      -99303.000     -137960.000      -47275.000     -148946.000       99664.000     -181202.000 
-12435  
-1  12  34           11.983          4           4.307         64          64.003          43.743         -37.794        -257.000       90641.000      -63316.000       96606.000      -84628.000       65025.000     -138853.000      -18120.000 
-12435  
-1  22  35           11.957         12          11.965         64          64.003          41.882         -34.493     -115513.000      -58086.000      -88835.000     -144698.000      -35546.000     -152467.000      112388.000     -172320.000 
-12435  
-1  12  36           11.993          4           4.308         64          64.001          43.396         -37.792        1741.000       91518.000      -61628.000       96981.000      -83767.000       66014.000     -139192.000      -15775.000 
-12435  
-1  22  37           11.947         12          11.962         64          64.000          41.892         -34.491     -117175.000      -56049.000      -91868.000     -142282.000      -40090.000     -151417.000      108399.000     -174942.000 
-12435  
-1  12  38           11.990          4           4.307         64          64.003          43.613         -37.782       -2679.000       91424.000      -66408.000       94185.000      -86579.000       62438.000     -138384.000      -22619.000 
-12435  
-1  22  39           11.937         12          11.963         64          64.001          41.791         -34.492     -114995.000      -58826.000      -88154.000     -145292.000      -35702.000     -152983.000      112348.000     -171912.000 
-12435  
-1  12  40           11.997          4           4.309         64          64.001          43.578         -37.777        4352.000       91228.000      -58741.000       99438.000      -81821.000       68338.000     -139920.000      -11706.000 
-12435  
-1  22  41           11.930         12          11.962         64          64.001          42.233         -34.484     -120809.000      -48156.000     -101379.000     -136031.000      -50175.000     -148813.000       95164.000     -182231.000 
-12435  
-1  12  42           11.993          4           4.307         64          64.002          43.392         -37.764        2996.000       91271.000      -59907.000       98166.000      -83095.000       67982.000     -140097.000      -13930.000 
-12435  
-1  22  43           11.937         12          11.962         64          64.001          42.113         -34.471     -123094.000      -43493.000     -107059.000     -132390.000      -56068.000     -145995.000       88504.000     -186069.000 
-12435  
-1  12  44           11.990          4           4.307         64          64.002          43.377         -37.784          97.000       91091.000      -63358.000       96275.000      -84527.000       65527.000     -138970.000      -18496.000 
-12435  
-1  22  45           11.950         12          11.962         64          64.000          42.262         -34.475     -125837.000      -36138.000     -113239.000     -126143.000      -63732.000     -143460.000       78382.000     -190261.000 
-12435  
-1  12  46           11.987          4           4.306         64          64.003          43.540         -37.773        1240.000       91485.000      -62000.000       96567.000      -84367.000       66181.000     -139679.000      -16236.000 
-12435  
-1  22  47           11.940         12          11.961         64          64.000          42.041         -34.484     -120446.000      -48522.000      -99927.000     -137308.000      -49542.000     -148925.000       97170.000     -181199.000 
-12435  
-1  12  48           11.997          4           4.307         64          64.004          43.658         -37.760        3881.000       91298.000      -59203.000       98807.000      -82161.000       68573.000     -140463.000      -12770.000 
-12435  
-1  22  49           11.927         12          11.964         64          64.000          42.120         -34.463     -121409.000      -46790.000     -104075.000     -134097.000      -52801.000     -148069.000       92787.000     -184658.000 
-12435  
-1  12  50           12.003          4           4.307         64          64.001          43.391         -37.780        1919.000       91278.000      -61700.000       96847.000      -84350.000       66247.000     -139367.000      -16521.000 
-12435  
-1  22  51           11.927         12          11.962         64          64.003          42.025         -34.504     -117446.000      -53596.000      -94578.000     -140366.000      -43576.000     -150697.000      103809.000     -177167.000 
-12435  
-1  12  52           12.000          4           4.307         64          64.001          43.444         -37.800        1281.000       90724.000      -61758.000       96559.000      -84218.000       65592.000     -139392.000      -16762.000 
-12435  
-1  22  53           11.933         12          11.965         64          64.003          42.259         -34.466     -121768.000      -48026.000     -102860.000     -135161.000      -50971.000     -149047.000       94361.000     -182713.000 
-12435  
-1  12  54           11.990          4           4.307         64          64.001          43.625         -37.799        2077.000       90706.000      -61066.000       97290.000      -83237.000       66484.000     -139594.000      -15073.000 
-12435  
-1  22  55           11.940         12          11.961         64          64.002          42.429         -34.465     -116437.000      -59303.000      -88774.000     -145428.000      -35806.000     -152743.000      112105.000     -172666.000 
-12435  
-1  12  56           12.000          4           4.309         64          64.001          43.280         -37.786         517.000       91172.000      -63383.000       96231.000      -85191.000       64814.000     -138789.000      -18295.000 
-12435  
-1  22  57           11.940         12          11.962         64          63.999          41.977         -34.476     -122109.000      -45478.000     -104052.000     -133916.000      -52739.000     -147217.000       91945.000     -184895.000 
-12435  
-1  12  58           11.987          4           4.307         64          64.003          43.664         -37.781        -220.000       91077.000      -63934.000       95864.000      -85119.000       64856.000     -139097.000      -18551.000 
-12435  
-1  22  59           11.950         12          11.963         64          64.004          41.958         -34.495     -124986.000      -34087.000     -115815.000     -124457.000      -65365.000     -142147.000       75453.000     -191011.000 
-12435  
-1  12  60           11.987          4           4.307         64          64.000          43.389         -37.772       -3940.000       91210.000      -67117.000       93525.000      -87736.000       61206.000     -138680.000      -23743.000 
-12435  
-1  22  61           11.923         12          11.962         64          64.001          42.078         -34.481     -124313.000      -39199.000     -112113.000     -128504.000      -60976.000     -144508.000       80697.000     -188429.000 
-12435  
-1  12  62           12.000          4           4.307         64          64.002          43.560         -37.770       -4235.000       91009.000      -68643.000       92564.000      -88941.000       60726.000     -137781.000      -26038.000 
-12435  
-1  22  63           11.940         12          11.964         64          64.002          42.060         -34.497     -118939.000      -53211.000      -95078.000     -140130.000      -43015.000     -150811.000      103073.000     -177205.000 
-12435  
-1  12  64           11.990          4           4.308         64          64.001          43.304         -37.774        2094.000       91392.000      -61375.000       97372.000      -84156.000       66805.000     -139361.000      -15020.000 
-12435  
-1  22  65           11.943         12          11.962         64          64.003          42.215         -34.495     -122422.000      -44502.000     -105412.000     -132684.000      -53890.000     -146094.000       90207.000     -185115.000 
-12435  
-1  12  66           11.997          4           4.307         64          64.002          43.863         -37.780        1553.000       91113.000      -61839.000       96944.000      -84215.000       66492.000     -139312.000      -16436.000 
-12435  
-1  22  67           11.913         12          11.965         64          64.004          42.140         -34.491     -117396.000      -55390.000      -93204.000     -142105.000      -42338.000     -151193.000      105331.000     -175945.000 
-12435  
-1  12  68           11.983          4           4.307         64          63.999          43.419         -37.798        -472.000       91317.000      -63495.000       95746.000      -84780.000       65027.000     -138611.000      -18494.000 
-12435  
-1  22  69           11.947         12          11.964         64          64.002          42.265         -34.477     -118626.000      -54736.000      -93235.000     -141652.000      -41939.000     -151388.000      106264.000     -176065.000 
-12435  
-1  12  70           11.987          4           4.309         64          63.999          43.334         -37.800        3203.000       90514.000      -60207.000       97990.000      -82761.000       67524.000     -139522.000      -13171.000 
-12435  
-1  22  71           11.930         12          11.961         64          64.002          42.246         -34.473     -119441.000      -51310.000      -97908.000     -139034.000      -46602.000     -149634.000      100264.000     -180196.000 
-12435  
-1  12  72           12.003          4           4.308         64          64.003          43.225         -37.782        1957.000       91248.000      -61285.000       97797.000      -83447.000       66507.000     -139282.000      -16088.000 
-12435  
-1  22  73           11.943         12          11.961         64          64.001          42.257         -34.488     -117912.000      -55366.000      -92644.000     -141971.000      -40670.000     -150843.000      106859.000     -176015.000 
-12435  
-1  12  74           11.983          4           4.307         64          64.003          43.314         -37.787       -2005.000       91036.000      -66191.000       94476.000      -86376.000       63016.000     -138393.000      -21326.000 
-12435  
-1  22  75           11.927         12          11.962         64          64.002          42.028         -34.498     -122112.000      -45111.000     -104442.000     -134363.000      -53224.000     -146730.000       90362.000     -183927.000 
-12435  
-1  12  76           11.997          4           4.308         64          64.000          43.274         -37.786       -1689.000       91065.000      -65632.000       94369.000      -86425.000       63016.000     -138685.000      -21659.000 
-12435  
-1  22  77           11.950         12          11.960         64          64.003          41.836         -34.508     -118896.000      -52737.000      -94985.000     -140289.000      -42850.000     -150416.000      103333.000     -176758.000 
-12435  
-1  12  78           11.997          4           4.308         64          64.001          43.263         -37.780       -1583.000       91197.000      -65386.000       94679.000      -86413.000       62760.000     -138930.000      -21317.000 
-12435  
-1  22  79           11.923         12          11.965         64          64.000          41.931         -34.478     -117664.000      -55406.000      -93066.000     -141361.000      -41164.000     -152130.000      105606.000     -176684.000 
-12435  
-1  12  80           11.987          4           4.307         64          63.998          43.372         -37.789       -3370.000       91184.000      -67015.000       93588.000      -87148.000       62165.000     -137969.000      -23353.000 
-12435  
-1  22  81           11.950         12          11.962         64          64.003          41.988         -34.479     -122482.000      -43357.000     -105487.000     -133284.000      -54680.000     -147138.000       89883.000     -185090.000 
-12435  
-1  12  82           11.983          4           4.307         64          64.003          43.180         -37.754         492.000       91319.000      -62787.000       97223.000      -84603.000       66159.000     -139561.000      -16982.000 
-12435  
-1  22  83           11.940         12          11.964         64          64.003          42.304         -34.453     -119819.000      -50616.000      -99067.000     -138854.000      -46282.000     -149938.000      100013.000     -181092.000 
-12435  
-1  12  84           11.993          4           4.308         64          64.003          43.487         -37.776        3116.000       90916.000      -60378.000       97984.000      -82773.000       68088.000     -139835.000      -14235.000 
-12435  
-1  22  85           11.933         12          11.961         64          64.004          42.151         -34.480     -121587.000      -45596.000     -104035.000     -134326.000      -52657.000     -147846.000       91859.000     -184177.000 
-12435  
-1  12  86           11.990          4           4.305         64          64.004          43.507         -37.791        1450.000       90897.000      -62108.000       97106.000      -83876.000       66381.000     -139018.000      -16358.000 
-12435  
-1  22  87           11.930         12          11.965         64          64.003          41.995         -34.461     -117775.000      -55722.000      -93234.000     -142736.000      -41190.000     -151616.000      106794.000     -176321.000 
-12435  
-1  12  88           11.990          4           4.308         64          63.999          43.074         -37.810        3322.000       91018.000      -59556.000       98060.000      -82093.000       67566.000     -139386.000      -12979.000 
-12435  
-1  22  89           11.913         12          11.963         64          64.000          42.039         -34.501     -121064.000      -48633.000     -101637.000     -135641.000      -51016.000     -147300.000       94334.000     -182279.000 
-12435  
-1  12  90           11.990          4           4.307         64          64.000          43.279         -37.784         434.000       90712.000      -63791.000       95922.000      -85296.000       64889.000     -139142.000      -17997.000 
-12435  
-1  22  91           11.930         12          11.962         64          64.002          41.840         -34.489     -121099.000      -48292.000     -100856.000     -136134.000      -49952.000     -148678.000       95307.000     -181924.000 
-12435  
-1  12  92           11.990          4           4.308         64          64.002          43.536         -37.784       -1394.000       91179.000      -64521.000       95063.000      -85785.000       63895.000     -138939.000      -20447.000 
-12435  
-1  22  93           11.930         12          11.961         64          64.002          42.204         -34.472     -122314.000      -44474.000     -105852.000     -133337.000      -54903.000     -146867.000       89843.000     -185329.000 
-12435  
-1  12  94           11.993          4           4.306         64          64.002          43.446         -37.781        1197.000       91017.000      -62013.000       96902.000      -84136.000       66453.000     -139352.000      -16733.000 
-12435  
-1  22  95           11.940         12          11.962         64          64.004          42.142         -34.486     -120768.000      -47206.000     -101922.000     -135872.000      -50359.000     -148308.000       94831.000     -182674.000 
-12435  
-1  12  96           11.983          4           4.307         64          64.004          43.357         -37.785        1122.000       91091.000      -62374.000       96640.000      -84004.000       66122.000     -139407.000      -16344.000 
-12435  
-1  22  97           11.930         12          11.963         64          64.000          41.817         -34.497     -120787.000      -46514.000     -102762.000     -134522.000      -52261.000     -147534.000       93275.000     -183511.000 
-12435  
-1  12  98           11.987          4           4.307         64          63.999          43.634         -37.818       -1248.000       90801.000      -64608.000       95061.000      -85449.000       63152.000     -138269.000      -19848.000 
-12435  
-1  22  99           11.937         12          11.962         64          64.002          42.044         -34.482     -120657.000      -47516.000     -102671.000     -135624.000      -51049.000     -147709.000       94890.000     -182974.000 
-12435  
