-1  22  1           30.913         12          11.945         64          64.004          38.226         -38.692       74398.000      -51701.000       40089.000      105820.000      -97791.000       36116.000        -777.000     -104178.000 
-12435  
-1  12  2           34.120          4           4.314         64          64.003          32.238         -49.635        5859.000      -31810.000       36705.000       -4820.000        1804.000       15750.000      -12215.000      -24952.000 
-12435  
-1  22  3           30.937         12          11.949         64          64.001          38.138         -38.717       75099.000      -51346.000       38990.000      105608.000      -96986.000       36042.000         652.000     -104073.000 
-12435  
-1  12  4           33.930          4           4.304         64          64.006          32.335         -49.605        5386.000      -32060.000       37061.000       -4751.000        1627.000       16710.000      -11658.000      -24341.000 
-12435  
-1  22  5           30.880         12          11.951         64          64.001          38.023         -38.635       80953.000      -41680.000       26679.000      110414.000     -102822.000       24607.000       12551.000     -103805.000 
-12435  
-1  12  6           34.163          4           4.308         64          64.003          32.323         -49.629        5135.000      -31935.000       36697.000       -4581.000        2344.000       16542.000      -11271.000      -24979.000 
-12435  
-1  22  7           30.890         12          11.942         64          64.002          38.032         -38.696       77775.000      -45863.000       32402.000      108465.000      -99778.000       30042.000        6952.000     -104031.000 
-12435  
-1  12  8           34.120          4           4.308         64          63.999          32.380         -49.621        4979.000      -32041.000       36324.000       -5567.000        1982.000       16501.000      -12609.000      -24767.000 
-12435  
-1  22  9           30.927         12          11.945         64          64.002          37.957         -38.690       81586.000      -39214.000       24072.000      109841.000     -102242.000       21666.000       15311.000     -103743.000 
-12435  
-1  12  10           34.183          4           4.306         64          63.991          32.366         -49.563        6570.000      -31808.000       37028.000       -3884.000        1470.000       16245.000      -11395.000      -25686.000 
-12435  
-1  22  11           30.897         12          11.945         64          64.003          38.187         -38.712       81021.000      -39736.000       25083.000      110195.000     -102058.000       22724.000       14868.000     -102348.000 
-12435  
-1  12  12           34.180          4           4.308         64          64.005          32.425         -49.662        5647.000      -31736.000       36507.000       -4330.000        1902.000       16151.000      -11572.000      -25081.000 
-12435  
-1  22  13           30.903         12          11.949         64          64.005          38.148         -38.706       79095.000      -44467.000       29291.000      108521.000     -100937.000       27236.000        9045.000     -103543.000 
-12435  
-1  12  14           34.133          4           4.312         64          64.001          32.421         -49.635        6413.000      -31349.000       36684.000       -3490.000        1434.000       16853.000      -10920.000      -25538.000 
-12435  
-1  22  15           30.947         12          11.946         64          63.998          38.166         -38.706       82013.000      -39130.000       22658.000      110721.000     -101997.000       19227.000       16652.000     -102567.000 
-12435  
-1  12  16           34.090          4           4.302         64          64.009          32.495         -49.543        6624.000      -31984.000       37153.000       -3018.000        1101.000       16777.000      -10992.000      -25557.000 
-12435  
-1  22  17           30.887         12          11.950         64          64.001          37.999         -38.679       82696.000      -38257.000       21054.000      111511.000     -102562.000       19699.000       17242.000     -102358.000 
-12435  
-1  12  18           33.860          4           4.303         64          64.002          32.355         -49.638        6114.000      -31513.000       36767.000       -4258.000        1349.000       17223.000      -11603.000      -24576.000 
-12435  
-1  22  19           30.937         12          11.950         64          64.001          38.218         -38.674       78074.000      -47860.000       35001.000      107646.000      -99229.000       31725.000        5378.000     -104088.000 
-12435  
-1  12  20           34.103          4           4.307         64          63.995          32.231         -49.570        6445.000      -32493.000       36611.000       -4632.000        2169.000       15979.000      -11924.000      -25096.000 
-12435  
-1  22  21           30.940         12          11.945         64          64.001          38.173         -38.687       82075.000      -38948.000       22363.000      110761.000     -102454.000       19844.000       17113.000     -102873.000 
-12435  
-1  12  22           34.083          4           4.308         64          63.999          32.302         -49.602        6846.000      -31820.000       36683.000       -3350.000        1465.000       16701.000      -11033.000      -25438.000 
-12435  
-1  22  23           30.940         12          11.950         64          63.999          37.810         -38.671       77996.000      -48376.000       34441.000      107694.000      -99025.000       31645.000        5050.000     -104423.000 
-12435  
-1  12  24           34.413          4           4.312         64          64.005          32.376         -49.620        6103.000      -31728.000       36770.000       -4108.000        1321.000       15926.000      -10907.000      -25779.000 
-12435  
-1  22  25           30.920         12          11.945         64          63.999          37.866         -38.696       78567.000      -45049.000       30476.000      108345.000     -100685.000       28405.000        8828.000     -103967.000 
-12435  
-1  12  26           34.157          4           4.308         64          63.996          32.376         -49.677        5980.000      -31624.000       36218.000       -4099.000        1660.000       16498.000      -11552.000      -25180.000 
-12435  
-1  22  27           30.923         12          11.951         64          64.003          38.006         -38.699       81352.000      -40962.000       26255.000      109819.000     -101542.000       23809.000       13791.000     -102753.000 
-12435  
-1  12  28           34.020          4           4.307         64          64.000          32.381         -49.679        4939.000      -31973.000       36292.000       -4585.000        2707.000       16469.000      -12010.000      -24434.000 
-12435  
-1  22  29           30.900         12          11.946         64          63.999          37.994         -38.680       82689.000      -36462.000       18418.000      112231.000     -102886.000       17747.000       20487.000     -102134.000 
-12435  
-1  12  30           33.970          4           4.305         64          64.006          32.368         -49.670        5087.000      -31553.000       36952.000       -5017.000        2083.000       16354.000      -11707.000      -24305.000 
-12435  
-1  22  31           30.947         12          11.950         64          64.001          37.978         -38.664       75275.000      -51652.000       40546.000      106089.000      -98206.000       35921.000         635.000     -104127.000 
-12435  
-1  12  32           34.153          4           4.307         64          64.009          32.681         -49.599        6676.000      -32230.000       36957.000       -3517.000        1319.000       16177.000      -10478.000      -25163.000 
-12435  
-1  22  33           30.923         12          11.949         64          64.001          37.947         -38.727       78145.000      -46681.000       31627.000      107610.000      -99379.000       30195.000        7130.000     -103410.000 
-12435  
-1  12  34           34.203          4           4.309         64          64.001          32.473         -49.639        5736.000      -31617.000       36693.000       -4600.000        1468.000       15881.000      -12056.000      -25227.000 
-12435  
-1  22  35           30.917         12          11.942         64          63.996          38.168         -38.677       77061.000      -47593.000       34020.000      107941.000     -100016.000       31010.000        5523.000     -104312.000 
-12435  
-1  12  36           34.223          4           4.313         64          64.008          32.363         -49.629        6479.000      -31834.000       36624.000       -3822.000         675.000       16020.000      -11453.000      -25396.000 
-12435  
-1  22  37           30.880         12          11.950         64          64.004          37.917         -38.675       78007.000      -46820.000       32834.000      108043.000     -100908.000       30427.000        5871.000     -103622.000 
-12435  
-1  12  38           33.857          4           4.305         64          64.005          32.251         -49.625        6276.000      -31652.000       36944.000       -3350.000        1099.000       16704.000      -11913.000      -24657.000 
-12435  
-1  22  39           30.913         12          11.949         64          64.001          38.304         -38.672       82453.000      -38471.000       21520.000      110771.000     -103643.000       19266.000       17300.000     -102498.000 
-12435  
-1  12  40           34.027          4           4.313         64          64.006          32.342         -49.594        4740.000      -31953.000       37043.000       -5029.000        2568.000       16436.000      -12121.000      -24642.000 
-12435  
-1  22  41           30.927         12          11.948         64          64.003          37.913         -38.661       83254.000      -36236.000       18876.000      111296.000     -103478.000       17192.000       20059.000     -103193.000 
-12435  
-1  12  42           33.843          4           4.307         64          64.012          32.366         -49.607        5566.000      -32385.000       36693.000       -4721.000        1793.000       16660.000      -12319.000      -24099.000 
-12435  
-1  22  43           30.887         12          11.951         64          63.999          38.103         -38.677       81574.000      -40294.000       23699.000      111340.000     -102240.000       21752.000       14983.000     -102466.000 
-12435  
-1  12  44           33.990          4           4.299         64          64.007          32.519         -49.686        4778.000      -31602.000       36506.000       -4964.000        2354.000       16407.000      -12357.000      -24347.000 
-12435  
-1  22  45           30.860         12          11.946         64          63.998          37.815         -38.685       82405.000      -36816.000       21090.000      111692.000     -102486.000       19455.000       17855.000     -102656.000 
-12435  
-1  12  46           33.997          4           4.309         64          64.006          32.169         -49.626        6359.000      -32065.000       36547.000       -4117.000        1907.000       16189.000      -11971.000      -24827.000 
-12435  
-1  22  47           30.907         12          11.946         64          63.997          37.954         -38.670       80761.000      -42494.000       26851.000      110524.000     -101285.000       24920.000       12459.000     -103231.000 
-12435  
-1  12  48           34.477          4           4.313         64          63.994          32.413         -49.647        5941.000      -31870.000       36488.000       -3523.000         749.000       15634.000      -11242.000      -25770.000 
-12435  
-1  22  49           30.913         12          11.950         64          64.001          37.956         -38.693       77118.000      -48128.000       35070.000      107083.000      -99484.000       32302.000        4350.000     -103961.000 
-12435  
-1  12  50           34.333          4           4.297         64          64.002          32.305         -49.620        7283.000      -31584.000       36731.000       -2763.000         137.000       16363.000      -10094.000      -25968.000 
-12435  
-1  22  51           30.920         12          11.944         64          64.003          38.189         -38.695       79619.000      -45145.000       31742.000      108770.000      -99577.000       28545.000        8052.000     -103421.000 
-12435  
-1  12  52           34.137          4           4.303         64          63.995          32.547         -49.584        4735.000      -32444.000       36607.000       -5047.000        2032.000       16326.000      -12497.000      -24757.000 
-12435  
-1  22  53           30.867         12          11.947         64          64.003          38.155         -38.639       81300.000      -40725.000       24789.000      111221.000     -102164.000       22766.000       13231.000     -104282.000 
-12435  
-1  12  54           33.767          4           4.307         64          64.009          32.455         -49.620        5007.000      -32407.000       36691.000       -5722.000        2505.000       16735.000      -12367.000      -23627.000 
-12435  
-1  22  55           30.910         12          11.947         64          64.002          38.024         -38.687       80614.000      -41747.000       26113.000      110358.000     -101720.000       23753.000       13331.000     -102910.000 
-12435  
-1  12  56           33.890          4           4.307         64          64.001          32.269         -49.602        5432.000      -32119.000       37078.000       -4418.000        2422.000       16436.000      -11876.000      -24353.000 
-12435  
-1  22  57           30.920         12          11.947         64          64.005          37.974         -38.725       74374.000      -52271.000       39750.000      105054.000      -97572.000       36602.000        -756.000     -103298.000 
-12435  
-1  12  58           34.273          4           4.305         64          63.998          32.782         -49.610        5685.000      -32070.000       36468.000       -4920.000        1834.000       15991.000      -12003.000      -25328.000 
-12435  
-1  22  59           30.840         12          11.946         64          64.001          38.092         -38.715       79772.000      -41547.000       26753.000      110447.000     -101481.000       23616.000       11742.000     -102527.000 
-12435  
-1  12  60           34.187          4           4.310         64          64.007          32.430         -49.554        5573.000      -32272.000       36717.000       -4656.000        1732.000       16625.000      -11873.000      -25324.000 
-12435  
-1  22  61           30.917         12          11.943         64          63.999          38.173         -38.683       78714.000      -46229.000       32302.000      108720.000      -99694.000       29520.000        7259.000     -103748.000 
-12435  
-1  12  62           33.983          4           4.305         64          64.002          32.223         -49.619        6138.000      -31611.000       37135.000       -3815.000        1649.000       16212.000      -11652.000      -24909.000 
-12435  
-1  22  63           30.920         12          11.945         64          64.003          37.873         -38.705       81275.000      -40041.000       24086.000      110888.000     -101759.000       21633.000       15653.000     -102269.000 
-12435  
-1  12  64           34.233          4           4.311         64          63.999          32.377         -49.643        4175.000      -31917.000       36499.000       -5441.000        2035.000       16276.000      -12344.000      -24774.000 
-12435  
-1  22  65           30.887         12          11.947         64          64.002          37.987         -38.703       80659.000      -40463.000       24116.000      110653.000     -102366.000       21693.000       14446.000     -102462.000 
-12435  
-1  12  66           33.833          4           4.302         64          64.000          32.259         -49.600        4245.000      -32084.000       36976.000       -6038.000        3218.000       16660.000      -12623.000      -23860.000 
-12435  
-1  22  67           30.930         12          11.947         64          64.004          38.275         -38.708       80768.000      -42527.000       25940.000      109854.000     -100465.000       24363.000       12776.000     -103218.000 
-12435  
-1  12  68           33.947          4           4.304         64          63.999          32.393         -49.583        5828.000      -32207.000       36782.000       -4560.000        2418.000       16524.000      -12114.000      -24706.000 
-12435  
-1  22  69           30.910         12          11.948         64          64.001          38.031         -38.684       77463.000      -46575.000       33452.000      108258.000      -99563.000       30150.000        5815.000     -104655.000 
-12435  
-1  12  70           34.177          4           4.310         64          64.008          32.228         -49.636        5784.000      -31768.000       36463.000       -4584.000        2577.000       16168.000      -11771.000      -25271.000 
-12435  
-1  22  71           30.883         12          11.945         64          64.002          38.158         -38.671       81587.000      -39576.000       22951.000      111525.000     -102176.000       21000.000       15441.000     -103128.000 
-12435  
-1  12  72           34.283          4           4.304         64          63.994          32.369         -49.612        6497.000      -31742.000       36549.000       -3566.000         968.000       16293.000      -11311.000      -25795.000 
-12435  
-1  22  73           30.917         12          11.946         64          64.000          38.168         -38.695       80100.000      -41974.000       26635.000      109987.000     -101540.000       24060.000       12739.000     -103308.000 
-12435  
-1  12  74           34.350          4           4.303         64          64.012          32.534         -49.595        7101.000      -31825.000       36584.000       -3274.000         765.000       16034.000      -11020.000      -26076.000 
-12435  
-1  22  75           30.947         12          11.949         64          64.002          37.855         -38.658       78377.000      -47485.000       33911.000      107699.000     -100414.000       30056.000        5904.000     -104448.000 
-12435  
-1  12  76           34.160          4           4.307         64          64.006          32.570         -49.581        6169.000      -32288.000       36615.000       -3872.000        1341.000       16456.000      -11555.000      -25295.000 
-12435  
-1  22  77           30.917         12          11.947         64          64.003          37.819         -38.696       72846.000      -54028.000       43839.000      104484.000      -96100.000       39733.000       -3742.000     -103955.000 
-12435  
-1  12  78           34.157          4           4.309         64          64.006          32.267         -49.678        6572.000      -31467.000       36531.000       -3430.000        1085.000       16561.000      -10572.000      -25273.000 
-12435  
-1  22  79           30.903         12          11.944         64          64.000          38.084         -38.706       78548.000      -45298.000       31709.000      108827.000     -100447.000       27878.000        7827.000     -102955.000 
-12435  
-1  12  80           34.073          4           4.313         64          64.002          32.223         -49.570        4826.000      -32154.000       36875.000       -5226.000        2014.000       16375.000      -12706.000      -24767.000 
-12435  
-1  22  81           30.883         12          11.950         64          63.999          37.884         -38.712       81474.000      -36823.000       20378.000      111363.000     -102711.000       18487.000       18535.000     -102445.000 
-12435  
-1  12  82           34.007          4           4.301         64          63.998          32.080         -49.615        5444.000      -31724.000       36439.000       -5661.000        2111.000       17022.000      -12307.000      -24769.000 
-12435  
-1  22  83           30.903         12          11.947         64          64.003          38.030         -38.660       74714.000      -51422.000       39673.000      106159.000      -98732.000       35937.000        -347.000     -104623.000 
-12435  
-1  12  84           34.027          4           4.299         64          64.000          32.554         -49.665        6311.000      -31682.000       36825.000       -3389.000        1853.000       16471.000      -10572.000      -24858.000 
-12435  
-1  22  85           30.910         12          11.950         64          64.002          38.201         -38.645       78766.000      -45658.000       30077.000      110192.000     -101309.000       27510.000        9397.000     -103727.000 
-12435  
-1  12  86           34.097          4           4.305         64          64.007          32.268         -49.676        5949.000      -32263.000       36389.000       -3758.000        1313.000       15698.000      -11799.000      -24602.000 
-12435  
-1  22  87           30.890         12          11.948         64          64.001          37.959         -38.699       79785.000      -43920.000       29293.000      109368.000     -100168.000       27520.000        9704.000     -103296.000 
-12435  
-1  12  88           33.933          4           4.305         64          64.001          32.551         -49.647        5948.000      -31722.000       36600.000       -4561.000        1416.000       16638.000      -12098.000      -24553.000 
-12435  
-1  22  89           30.887         12          11.947         64          64.007          37.889         -38.679       81385.000      -41540.000       25320.000      110256.000     -102132.000       23974.000       13255.000     -102657.000 
-12435  
-1  12  90           33.943          4           4.303         64          64.005          32.180         -49.609        4824.000      -32030.000       36768.000       -6183.000        2146.000       16058.000      -13274.000      -24132.000 
-12435  
-1  22  91           30.917         12          11.950         64          64.003          38.454         -38.714       83286.000      -36586.000       19017.000      111370.000     -102506.000       17510.000       19725.000     -101395.000 
-12435  
-1  12  92           34.090          4           4.307         64          64.003          32.632         -49.591        5895.000      -31968.000       36766.000       -4617.000        1912.000       16344.000      -11971.000      -25107.000 
-12435  
-1  22  93           30.950         12          11.947         64          63.999          38.313         -38.674       81969.000      -39357.000       23769.000      110592.000     -102227.000       20478.000       16264.000     -103528.000 
-12435  
-1  12  94           34.180          4           4.311         64          63.999          32.724         -49.581        4991.000      -32334.000       36482.000       -5413.000        2603.000       16156.000      -12594.000      -25011.000 
-12435  
-1  22  95           30.907         12          11.947         64          64.000          37.932         -38.710       80096.000      -42306.000       28699.000      109761.000     -100826.000       24987.000       11238.000     -102803.000 
-12435  
-1  12  96           34.080          4           4.311         64          64.003          32.312         -49.598        5883.000      -31713.000       37054.000       -4569.000        1995.000       16546.000      -11280.000      -25101.000 
-12435  
-1  22  97           30.903         12          11.947         64          63.999          37.972         -38.702       81178.000      -39297.000       23732.000      110805.000     -101864.000       22115.000       16159.000     -102643.000 
-12435  
-1  12  98           34.167          4           4.305         64          63.995          32.311         -49.610        5592.000      -31430.000       36844.000       -3902.000        1694.000       16459.000      -11926.000      -25524.000 
-12435  
-1  22  99           30.907         12          11.950         64          64.001          37.982         -38.691       79968.000      -43638.000       27557.000      110037.000     -101344.000       25580.000       11574.000     -102560.000 
-12435  
