-1  22  1           26.097         12          11.948         64          64.003          42.629         -34.026      -75685.000     -161643.000      177855.000      -83983.000      110333.000       96263.000     -124258.000      133163.000 
-12435  
-1  12  2           24.037          4           4.324         64          64.005          37.452         -44.479      -49534.000        4839.000      -17580.000      -65260.000       29059.000      -38663.000       28814.000       32550.000 
-12435  
-1  22  3           26.113         12          11.948         64          64.001          42.529         -34.013      -84703.000     -157932.000      174803.000      -91907.000      114188.000       91664.000     -117454.000      138448.000 
-12435  
-1  12  4           24.020          4           4.322         64          64.002          37.488         -44.486      -49284.000        5608.000      -18377.000      -64923.000       28997.000      -39328.000       28991.000       31876.000 
-12435  
-1  22  5           26.147         12          11.947         64          64.000          42.346         -34.024      -69549.000     -164816.000      181622.000      -75784.000      105123.000      101545.000     -130740.000      126579.000 
-12435  
-1  12  6           23.963          4           4.326         64          63.995          37.304         -44.476      -48942.000        4613.000      -17505.000      -65333.000       29909.000      -39032.000       28903.000       32215.000 
-12435  
-1  22  7           26.157         12          11.948         64          64.002          42.727         -34.026      -71075.000     -164618.000      180827.000      -77255.000      106130.000       99580.000     -129620.000      127851.000 
-12435  
-1  12  8           24.050          4           4.324         64          64.002          37.296         -44.494      -49088.000        3726.000      -15067.000      -65636.000       30760.000      -38123.000       27509.000       33464.000 
-12435  
-1  22  9           26.123         12          11.947         64          64.001          42.831         -34.019      -57973.000     -168792.000      186064.000      -63515.000       98955.000      108820.000     -138933.000      117888.000 
-12435  
-1  12  10           24.013          4           4.321         64          63.999          37.362         -44.455      -49445.000        3844.000      -15940.000      -65892.000       30869.000      -38167.000       27979.000       32985.000 
-12435  
-1  22  11           26.123         12          11.947         64          64.003          42.335         -34.045      -75105.000     -161797.000      178587.000      -81962.000      108769.000       98084.000     -125096.000      130643.000 
-12435  
-1  12  12           24.047          4           4.322         64          64.001          37.463         -44.497      -49300.000        5089.000      -17307.000      -65162.000       29142.000      -38781.000       28588.000       32485.000 
-12435  
-1  22  13           26.100         12          11.948         64          64.002          42.230         -34.031      -77422.000     -160844.000      177365.000      -84935.000      111402.000       95828.000     -122935.000      133250.000 
-12435  
-1  12  14           24.063          4           4.327         64          64.003          37.362         -44.467      -49486.000        3799.000      -16507.000      -65755.000       30231.000      -38130.000       27679.000       33369.000 
-12435  
-1  22  15           26.130         12          11.950         64          64.002          42.619         -34.005      -64635.000     -166775.000      184137.000      -71170.000      102840.000      105014.000     -134373.000      123002.000 
-12435  
-1  12  16           24.023          4           4.325         64          63.999          37.248         -44.493      -49402.000        5471.000      -18578.000      -64802.000       29595.000      -38791.000       28954.000       31679.000 
-12435  
-1  22  17           26.107         12          11.949         64          64.004          42.617         -34.015      -66199.000     -166461.000      183866.000      -71936.000      102587.000      103492.000     -132151.000      125256.000 
-12435  
-1  12  18           24.053          4           4.326         64          63.999          37.077         -44.476      -48945.000        5228.000      -17513.000      -65204.000       29430.000      -38963.000       28970.000       32838.000 
-12435  
-1  22  19           26.123         12          11.947         64          64.002          42.556         -34.016      -88972.000     -156541.000      170339.000      -97155.000      117585.000       87705.000     -113504.000      141992.000 
-12435  
-1  12  20           24.023          4           4.324         64          63.999          37.305         -44.490      -49269.000        4205.000      -16118.000      -65448.000       30425.000      -38302.000       28119.000       32787.000 
-12435  
-1  22  21           26.127         12          11.950         64          64.002          42.513         -34.020      -54868.000     -170210.000      186914.000      -59238.000       96773.000      110767.000     -141126.000      115501.000 
-12435  
-1  12  22           24.077          4           4.326         64          64.006          37.696         -44.517      -48855.000        5054.000      -16648.000      -64997.000       29944.000      -38007.000       28913.000       32951.000 
-12435  
-1  22  23           26.110         12          11.947         64          64.002          42.475         -33.994      -76908.000     -162095.000      178688.000      -83715.000      110470.000       97712.000     -124400.000      133054.000 
-12435  
-1  12  24           24.040          4           4.327         64          64.004          37.793         -44.481      -49515.000        3498.000      -15141.000      -65943.000       30990.000      -37730.000       27267.000       33181.000 
-12435  
-1  22  25           26.117         12          11.949         64          64.001          42.442         -34.005      -76720.000     -162155.000      178618.000      -82851.000      109211.000       97295.000     -124557.000      133791.000 
-12435  
-1  12  26           24.063          4           4.323         64          64.000          37.438         -44.478      -49523.000        4517.000      -17167.000      -65403.000       30049.000      -38245.000       28136.000       32767.000 
-12435  
-1  22  27           26.120         12          11.948         64          64.002          42.536         -34.019      -82522.000     -158669.000      174635.000      -90747.000      113369.000       92643.000     -119321.000      137693.000 
-12435  
-1  12  28           24.077          4           4.322         64          64.000          37.389         -44.482      -49550.000        3697.000      -16579.000      -65304.000       29978.000      -37896.000       28164.000       33622.000 
-12435  
-1  22  29           26.117         12          11.948         64          64.004          42.440         -34.008      -85947.000     -157417.000      172654.000      -94818.000      115364.000       90516.000     -116277.000      140275.000 
-12435  
-1  12  30           23.980          4           4.322         64          64.003          37.511         -44.477      -49335.000        4085.000      -16954.000      -65540.000       29938.000      -38728.000       28216.000       32459.000 
-12435  
-1  22  31           26.100         12          11.948         64          64.002          42.465         -34.007      -59297.000     -168203.000      185824.000      -65442.000       99260.000      108374.000     -137559.000      120596.000 
-12435  
-1  12  32           23.997          4           4.328         64          64.004          37.542         -44.453      -49031.000        5472.000      -18959.000      -65422.000       29127.000      -39224.000       29300.000       32000.000 
-12435  
-1  22  33           26.123         12          11.949         64          64.000          42.386         -34.024      -73053.000     -163464.000      180261.000      -78948.000      107152.000       99983.000     -127174.000      129447.000 
-12435  
-1  12  34           24.037          4           4.329         64          64.004          37.322         -44.488      -48844.000        5422.000      -17964.000      -64947.000       29468.000      -39348.000       28817.000       32382.000 
-12435  
-1  22  35           26.137         12          11.947         64          64.000          42.397         -33.991      -77713.000     -162002.000      178024.000      -84563.000      109672.000       97331.000     -124523.000      134198.000 
-12435  
-1  12  36           24.143          4           4.326         64          64.005          37.089         -44.463      -49655.000        3452.000      -14969.000      -66010.000       31296.000      -37404.000       26731.000       34110.000 
-12435  
-1  22  37           26.090         12          11.949         64          64.002          42.661         -34.011      -63310.000     -166737.000      184389.000      -71011.000      102553.000      105209.000     -133916.000      123284.000 
-12435  
-1  12  38           24.083          4           4.326         64          63.999          37.444         -44.463      -49836.000        5340.000      -17737.000      -64971.000       29535.000      -39017.000       28545.000       32519.000 
-12435  
-1  22  39           26.113         12          11.946         64          64.001          42.550         -33.999      -75226.000     -162747.000      179042.000      -81940.000      109541.000       98164.000     -125896.000      132314.000 
-12435  
-1  12  40           24.027          4           4.325         64          63.999          37.381         -44.498      -48828.000        5172.000      -17159.000      -64990.000       29595.000      -39104.000       28864.000       32527.000 
-12435  
-1  22  41           26.117         12          11.950         64          64.000          42.362         -34.017      -77073.000     -161320.000      177392.000      -85303.000      110562.000       95778.000     -123916.000      133895.000 
-12435  
-1  12  42           24.047          4           4.328         64          64.005          37.225         -44.465      -49083.000        6916.000      -19875.000      -64503.000       28296.000      -39942.000       30106.000       31569.000 
-12435  
-1  22  43           26.103         12          11.949         64          63.999          42.520         -34.009      -73124.000     -162820.000      180482.000      -80472.000      108393.000       98870.000     -127124.000      130499.000 
-12435  
-1  12  44           24.023          4           4.330         64          64.001          37.610         -44.451      -49669.000        5036.000      -18140.000      -65128.000       29660.000      -39084.000       28897.000       32269.000 
-12435  
-1  22  45           26.133         12          11.951         64          64.001          42.661         -34.006      -75752.000     -162488.000      179193.000      -81612.000      109837.000       97887.000     -126015.000      131426.000 
-12435  
-1  12  46           24.040          4           4.325         64          64.004          37.099         -44.462      -50012.000        3500.000      -16753.000      -65316.000       29960.000      -38452.000       27938.000       33206.000 
-12435  
-1  22  47           26.117         12          11.948         64          64.003          42.207         -34.013      -79444.000     -161034.000      177143.000      -85917.000      111744.000       95378.000     -121918.000      134371.000 
-12435  
-1  12  48           24.057          4           4.324         64          64.002          37.376         -44.474      -49666.000        6017.000      -18638.000      -64886.000       29006.000      -39162.000       29012.000       31772.000 
-12435  
-1  22  49           26.150         12          11.950         64          64.004          42.726         -34.024      -95343.000     -151606.000      166641.000     -103435.000      119943.000       83732.000     -108468.000      146616.000 
-12435  
-1  12  50           24.067          4           4.328         64          63.997          37.158         -44.516      -49012.000        4263.000      -17036.000      -65096.000       29892.000      -38186.000       28033.000       33066.000 
-12435  
-1  22  51           26.147         12          11.948         64          64.001          42.463         -34.008      -88700.000     -155878.000      171355.000      -96527.000      117659.000       88558.000     -115134.000      140939.000 
-12435  
-1  12  52           23.957          4           4.324         64          63.995          37.565         -44.480      -49040.000        5753.000      -18092.000      -65004.000       29518.000      -39362.000       29597.000       31380.000 
-12435  
-1  22  53           26.113         12          11.950         64          64.002          42.480         -34.007      -69550.000     -164853.000      182112.000      -75517.000      105880.000      102751.000     -130162.000      126870.000 
-12435  
-1  12  54           23.930          4           4.324         64          64.008          37.528         -44.522      -48469.000        5732.000      -18707.000      -64967.000       28955.000      -39438.000       29237.000       31011.000 
-12435  
-1  22  55           26.113         12          11.948         64          63.998          42.780         -34.020      -66393.000     -166473.000      182734.000      -72461.000      103679.000      103031.000     -132105.000      125484.000 
-12435  
-1  12  56           24.007          4           4.331         64          64.008          37.394         -44.484      -49336.000        4107.000      -15864.000      -65419.000       30492.000      -38325.000       28349.000       32820.000 
-12435  
-1  22  57           26.137         12          11.949         64          64.005          42.373         -34.022      -91254.000     -152990.000      169913.000      -99725.000      118081.000       86475.000     -112403.000      143724.000 
-12435  
-1  12  58           24.090          4           4.320         64          64.002          37.353         -44.515      -49909.000        3621.000      -15880.000      -65395.000       30426.000      -37500.000       26978.000       33009.000 
-12435  
-1  22  59           26.130         12          11.947         64          64.004          42.329         -34.039      -64207.000     -167127.000      183252.000      -70230.000      101817.000      104144.000     -133604.000      123005.000 
-12435  
-1  12  60           24.033          4           4.326         64          63.996          37.166         -44.458      -49284.000        4526.000      -16138.000      -65745.000       30565.000      -38289.000       28498.000       32943.000 
-12435  
-1  22  61           26.123         12          11.951         64          64.003          42.737         -34.026      -72290.000     -164290.000      179613.000      -78670.000      107400.000       99271.000     -127603.000      129648.000 
-12435  
-1  12  62           24.070          4           4.324         64          64.001          37.621         -44.435      -49202.000        5892.000      -18336.000      -65560.000       29377.000      -39038.000       29205.000       32546.000 
-12435  
-1  22  63           26.113         12          11.945         64          64.002          42.583         -34.026      -74352.000     -162015.000      178916.000      -81149.000      109061.000       97763.000     -126316.000      131805.000 
-12435  
-1  12  64           24.013          4           4.326         64          64.006          37.218         -44.467      -49730.000        3344.000      -15547.000      -65518.000       30673.000      -37935.000       28250.000       33318.000 
-12435  
-1  22  65           26.150         12          11.951         64          64.003          42.586         -34.011      -62937.000     -168341.000      184206.000      -68255.000      101498.000      106135.000     -135672.000      121249.000 
-12435  
-1  12  66           24.003          4           4.325         64          64.004          37.085         -44.503      -49065.000        5267.000      -17807.000      -64942.000       29485.000      -38931.000       28962.000       31934.000 
-12435  
-1  22  67           26.133         12          11.947         64          64.003          42.299         -34.027      -82534.000     -159512.000      174899.000      -89523.000      112668.000       92396.000     -119350.000      137046.000 
-12435  
-1  12  68           24.123          4           4.321         64          64.004          37.324         -44.437      -49795.000        5183.000      -17731.000      -65688.000       29473.000      -38552.000       28262.000       33073.000 
-12435  
-1  22  69           26.120         12          11.947         64          64.003          42.439         -34.030      -66685.000     -165775.000      182555.000      -72374.000      103328.000      103692.000     -131998.000      125279.000 
-12435  
-1  12  70           24.047          4           4.323         64          63.998          37.115         -44.522      -49204.000        4674.000      -17392.000      -65122.000       29759.000      -38219.000       28040.000       32322.000 
-12435  
-1  22  71           26.103         12          11.947         64          64.004          42.489         -34.039      -61772.000     -167030.000      183713.000      -68127.000      101512.000      106246.000     -135100.000      121760.000 
-12435  
-1  12  72           24.057          4           4.323         64          64.003          37.544         -44.502      -48551.000        6683.000      -19497.000      -64472.000       28311.000      -39466.000       30024.000       31871.000 
-12435  
-1  22  73           26.110         12          11.948         64          64.001          42.377         -34.013      -87896.000     -156186.000      171293.000      -96600.000      117468.000       88931.000     -114392.000      141211.000 
-12435  
-1  12  74           23.953          4           4.327         64          63.998          37.134         -44.502      -49295.000        5172.000      -18583.000      -64515.000       29078.000      -39282.000       29556.000       31459.000 
-12435  
-1  22  75           26.103         12          11.949         64          64.000          42.386         -34.012      -76619.000     -162160.000      177658.000      -83503.000      110819.000       97252.000     -123910.000      133263.000 
-12435  
-1  12  76           24.033          4           4.326         64          64.006          37.345         -44.471      -49139.000        4530.000      -17323.000      -65337.000       29726.000      -38609.000       28801.000       32975.000 
-12435  
-1  22  77           26.120         12          11.948         64          64.003          42.413         -34.008      -74917.000     -163116.000      179142.000      -81649.000      108587.000       98350.000     -125840.000      131860.000 
-12435  
-1  12  78           24.053          4           4.325         64          64.006          37.477         -44.456      -50032.000        4007.000      -16351.000      -65170.000       30063.000      -38719.000       28206.000       33212.000 
-12435  
-1  22  79           26.120         12          11.946         64          64.002          42.434         -34.032      -77645.000     -160495.000      177012.000      -84830.000      110405.000       95930.000     -123476.000      134220.000 
-12435  
-1  12  80           24.070          4           4.326         64          63.999          37.363         -44.481      -49613.000        3315.000      -15324.000      -65909.000       30154.000      -37767.000       27315.000       33708.000 
-12435  
-1  22  81           26.117         12          11.949         64          64.003          42.433         -34.016      -65162.000     -166888.000      183236.000      -71424.000      102710.000      104436.000     -133153.000      124412.000 
-12435  
-1  12  82           24.017          4           4.326         64          64.003          37.307         -44.445      -49385.000        7986.000      -21067.000      -64101.000       27263.000      -40872.000       30920.000       30614.000 
-12435  
-1  22  83           26.100         12          11.948         64          64.001          42.515         -33.990      -74120.000     -163329.000      180321.000      -80647.000      108607.000       99436.000     -126496.000      131519.000 
-12435  
-1  12  84           24.013          4           4.324         64          64.001          37.348         -44.490      -49234.000        4492.000      -16401.000      -65151.000       30550.000      -38565.000       28450.000       32547.000 
-12435  
-1  22  85           26.113         12          11.948         64          64.001          42.665         -34.009      -58849.000     -169587.000      185692.000      -65008.000       99433.000      108103.000     -137539.000      119213.000 
-12435  
-1  12  86           23.997          4           4.322         64          64.002          37.360         -44.483      -49130.000        5726.000      -19016.000      -64872.000       28941.000      -39249.000       29504.000       31605.000 
-12435  
-1  22  87           26.107         12          11.947         64          64.000          42.542         -34.021      -73481.000     -162845.000      180328.000      -80007.000      108122.000      100002.000     -126436.000      129473.000 
-12435  
-1  12  88           23.983          4           4.324         64          64.002          37.512         -44.447      -49043.000        5970.000      -18850.000      -65189.000       29233.000      -39449.000       29960.000       31690.000 
-12435  
-1  22  89           26.133         12          11.947         64          64.003          42.466         -34.020      -63766.000     -167400.000      183646.000      -69834.000      102537.000      104582.000     -134701.000      122603.000 
-12435  
-1  12  90           24.020          4           4.325         64          63.998          37.205         -44.490      -49345.000        4683.000      -17267.000      -65458.000       29726.000      -38622.000       28111.000       32262.000 
-12435  
-1  22  91           26.127         12          11.948         64          64.001          42.489         -34.028      -64947.000     -166902.000      182994.000      -70654.000      103272.000      104181.000     -133415.000      123373.000 
-12435  
-1  12  92           23.983          4           4.323         64          64.000          37.326         -44.476      -49468.000        3134.000      -15690.000      -65795.000       30369.000      -37999.000       28001.000       33160.000 
-12435  
-1  22  93           26.110         12          11.947         64          64.002          42.904         -34.028      -75445.000     -162586.000      178492.000      -82376.000      109565.000       97747.000     -124588.000      131251.000 
-12435  
-1  12  94           24.060          4           4.327         64          64.006          37.438         -44.484      -49673.000        5519.000      -18244.000      -64789.000       28763.000      -38989.000       29092.000       32240.000 
-12435  
-1  22  95           26.110         12          11.950         64          63.999          42.480         -33.993      -62758.000     -168176.000      184680.000      -69038.000      101712.000      105979.000     -135250.000      122987.000 
-12435  
-1  12  96           24.007          4           4.329         64          64.005          37.192         -44.487      -49604.000        3842.000      -16516.000      -65370.000       29603.000      -38232.000       28525.000       32865.000 
-12435  
-1  22  97           26.110         12          11.947         64          64.003          42.536         -34.000      -75570.000     -162897.000      178889.000      -83246.000      109590.000       97465.000     -125077.000      132468.000 
-12435  
-1  12  98           24.033          4           4.325         64          64.002          37.410         -44.434      -49920.000        2989.000      -15646.000      -65943.000       30923.000      -37920.000       27736.000       33686.000 
-12435  
-1  22  99           26.120         12          11.946         64          64.002          42.491         -34.012      -62615.000     -168243.000      184519.000      -68612.000      102092.000      105057.000     -135201.000      121731.000 
-12435  
