-1  22  1          -53.360         12          12.031         64          64.009          20.624         -56.229        2931.000       10902.000        2543.000      -11503.000       -3849.000       14956.000       12064.000      -10162.000 
-12435  
-1  12  2          -51.800          4           4.033         64          63.972          17.097         -65.073        3793.000        -640.000       -5757.000        1020.000        5156.000        1803.000       -3306.000       -2930.000 
-12435  
-1  22  3          -53.703         12          12.038         64          64.019          19.957         -56.879        5086.000        9786.000       -1036.000      -10974.000         595.000       14073.000        8744.000      -11439.000 
-12435  
-1  12  4          -52.103          4           3.998         64          64.049          16.937         -64.977        3549.000       -1230.000       -5707.000        2166.000        5303.000         691.000       -3896.000       -2321.000 
-12435  
-1  22  5          -52.753         12          12.018         64          63.992          20.278         -56.498        5587.000       10433.000       -1662.000      -11744.000        1068.000       14558.000        9635.000      -11028.000 
-12435  
-1  12  6          -50.493          4           4.149         64          64.041          17.252         -64.871        3225.000       -1882.000       -5060.000        2667.000        5849.000         913.000       -4266.000       -1765.000 
-12435  
-1  22  7          -52.493         12          12.044         64          64.003          20.040         -56.637        4665.000        9540.000        -431.000      -11147.000        -417.000       14832.000       10176.000      -11179.000 
-12435  
-1  12  8          -51.360          4           4.170         64          63.983          17.483         -64.657        3268.000       -1090.000       -5796.000        2107.000        5757.000         819.000       -4261.000       -2519.000 
-12435  
-1  22  9          -53.867         12          12.003         64          64.030          20.097         -56.629        5537.000        9466.000       -2207.000      -10571.000         591.000       14762.000        8140.000      -12880.000 
-12435  
-1  12  10          -53.017          4           4.136         64          63.992          17.222         -64.965        4341.000       -1243.000       -5562.000        1359.000        4950.000        1710.000       -3648.000       -2626.000 
-12435  
-1  22  11          -51.823         12          12.032         64          63.986          20.518         -56.639        5212.000       10075.000        -927.000      -11753.000          -1.000       14962.000        9562.000      -10130.000 
-12435  
-1  12  12          -52.060          4           4.150         64          64.006          17.347         -64.577        3681.000       -1318.000       -5719.000        2269.000        5538.000         949.000       -4238.000       -2747.000 
-12435  
-1  22  13          -52.973         12          12.050         64          64.009          20.297         -56.536        4666.000       10992.000          98.000      -11295.000       -1502.000       15029.000        9919.000      -10267.000 
-12435  
-1  12  14          -48.350          4           4.100         64          64.003          17.410         -64.556        2844.000       -1901.000       -5434.000        3203.000        5576.000         728.000       -4490.000       -2735.000 
-12435  
-1  22  15          -54.250         12          12.035         64          63.982          20.068         -56.659        5383.000       10347.000       -1440.000      -10688.000         429.000       14336.000        8843.000      -12095.000 
-12435  
-1  12  16          -52.767          4           4.133         64          63.983          17.545         -64.569        3672.000       -1454.000       -5266.000        2225.000        5941.000        1057.000       -4533.000       -2281.000 
-12435  
-1  22  17          -53.167         12          12.038         64          64.006          20.214         -56.460        4471.000        9963.000        -668.000      -11142.000        -702.000       15674.000        9588.000      -11516.000 
-12435  
-1  12  18          -51.980          4           4.010         64          64.018          16.816         -65.297        3239.000       -1297.000       -5329.000        2241.000        5006.000        1434.000       -4055.000       -2059.000 
-12435  
-1  22  19          -53.657         12          12.044         64          63.998          20.125         -56.648        4450.000       10674.000        -910.000      -11566.000        -735.000       14422.000        9486.000      -10835.000 
-12435  
-1  12  20          -53.460          4           4.077         64          64.059          17.221         -65.083        3529.000       -1133.000       -5675.000        1814.000        4852.000        1164.000       -4160.000       -2581.000 
-12435  
-1  22  21          -52.247         12          12.049         64          63.993          20.018         -56.669        4620.000       10568.000        -848.000      -11858.000        -690.000       14630.000        9858.000       -9743.000 
-12435  
-1  12  22          -48.370          4           4.053         64          64.037          17.027         -64.796        3107.000       -1378.000       -5370.000        2533.000        5843.000        1251.000       -3893.000       -2674.000 
-12435  
-1  22  23          -53.923         12          12.039         64          64.001          20.096         -56.760        5511.000        9672.000       -1599.000      -10262.000        1128.000       14696.000        8361.000      -12159.000 
-12435  
-1  12  24          -51.753          4           4.165         64          64.057          17.230         -64.735        3677.000       -1268.000       -5667.000        2423.000        5852.000         697.000       -3855.000       -1892.000 
-12435  
-1  22  25          -52.030         12          12.027         64          64.037          20.232         -56.622        5329.000        9229.000       -1501.000      -11895.000        -791.000       14778.000        8757.000      -11636.000 
-12435  
-1  12  26          -53.527          4           4.060         64          64.008          17.474         -64.867        3682.000       -1818.000       -5203.000        2217.000        5281.000         887.000       -4596.000       -2114.000 
-12435  
-1  22  27          -52.333         12          12.049         64          64.004          20.506         -56.475        5007.000        9762.000       -1768.000      -11001.000         359.000       15831.000        9468.000      -11277.000 
-12435  
-1  12  28          -53.163          4           4.094         64          64.025          17.094         -65.038        3296.000        -970.000       -5570.000        1863.000        5115.000        1115.000       -4276.000       -2670.000 
-12435  
-1  22  29          -53.167         12          12.011         64          64.013          20.509         -56.378        4205.000       10598.000        1004.000      -11922.000       -2655.000       14934.000       10173.000      -11020.000 
-12435  
-1  12  30          -47.503          4           4.039         64          64.029          17.035         -64.897        2811.000       -1257.000       -5505.000        2767.000        5817.000        1269.000       -3851.000       -2164.000 
-12435  
-1  22  31          -53.280         12          12.020         64          64.030          20.115         -56.765        4085.000       10625.000        -140.000      -11453.000        -756.000       14724.000        9485.000       -9900.000 
-12435  
-1  12  32          -51.750          4           3.955         64          63.971          17.106         -65.054        3382.000       -1293.000       -5554.000        2081.000        5223.000        1207.000       -4040.000       -2330.000 
-12435  
-1  22  33          -52.870         12          12.017         64          63.971          20.017         -56.718        3530.000        9673.000         587.000      -11479.000        -397.000       15060.000       10303.000      -10099.000 
-12435  
-1  12  34          -53.617          4           4.118         64          64.019          16.685         -65.322        3352.000       -1427.000       -5266.000        2044.000        4971.000        1007.000       -4284.000       -1897.000 
-12435  
-1  22  35          -53.757         12          12.041         64          63.991          20.519         -56.372        3456.000       10720.000          -1.000      -11919.000       -2055.000       14918.000       10673.000      -10936.000 
-12435  
-1  12  36          -49.627          4           4.133         64          64.015          17.186         -64.998        3383.000       -1428.000       -5561.000        1845.000        5501.000        1099.000       -3662.000       -2713.000 
-12435  
-1  22  37          -53.877         12          12.043         64          63.999          20.143         -56.542        4905.000       10689.000       -1295.000      -11144.000         239.000       14883.000        9320.000      -11337.000 
-12435  
-1  12  38          -51.917          4           4.058         64          63.977          17.527         -64.531        3826.000       -1095.000       -6051.000        1858.000        5625.000        1572.000       -3959.000       -2392.000 
-12435  
-1  22  39          -53.420         12          12.041         64          64.012          19.882         -56.731        4872.000       10196.000        -577.000      -11027.000        -158.000       14832.000        9002.000      -10981.000 
-12435  
-1  12  40          -51.240          4           3.992         64          63.994          16.951         -65.090        3204.000       -1412.000       -5657.000        1871.000        5284.000        1119.000       -4066.000       -2116.000 
-12435  
-1  22  41          -53.570         12          12.042         64          63.993          19.659         -56.749        3313.000       10313.000        -185.000      -10679.000       -1335.000       15340.000        9984.000      -10016.000 
-12435  
-1  12  42          -48.920          4           4.119         64          63.985          17.560         -64.235        3705.000       -1624.000       -6012.000        2287.000        5870.000        1934.000       -3914.000       -2829.000 
-12435  
-1  22  43          -53.913         12          12.064         64          63.978          20.155         -56.568        3938.000       10716.000        -964.000      -10978.000       -1280.000       14325.000       10753.000      -11074.000 
-12435  
-1  12  44          -48.353          4           4.082         64          63.995          17.066         -64.873        3147.000       -1796.000       -5715.000        2367.000        5388.000        1046.000       -3802.000       -2646.000 
-12435  
-1  22  45          -53.840         12          12.026         64          63.997          20.217         -56.648        4053.000       10531.000        -862.000      -11311.000        -991.000       14533.000        9810.000      -10945.000 
-12435  
-1  12  46          -53.140          4           3.960         64          63.989          16.521         -65.299        3446.000        -930.000       -5556.000        1822.000        4695.000        1488.000       -3914.000       -2615.000 
-12435  
-1  22  47          -52.653         12          12.024         64          64.007          19.957         -56.601        4679.000        9868.000        -801.000      -11078.000        -657.000       15364.000        9557.000      -11008.000 
-12435  
-1  12  48          -52.703          4           4.118         64          63.998          16.740         -65.150        3620.000       -1422.000       -5502.000        2066.000        4979.000         939.000       -3992.000       -2307.000 
-12435  
-1  22  49          -51.843         12          12.034         64          64.008          19.941         -56.703        4869.000        9644.000        -484.000      -11578.000          26.000       15230.000        9417.000      -10198.000 
-12435  
-1  12  50          -50.097          4           4.248         64          63.988          17.180         -64.811        3846.000       -1708.000       -5201.000        2223.000        5624.000        1536.000       -3687.000       -2675.000 
-12435  
-1  22  51          -54.637         12          12.043         64          63.987          20.353         -56.613        4642.000       10796.000       -1050.000      -11164.000        -220.000       13938.000        9642.000      -11776.000 
-12435  
-1  12  52          -51.297          4           4.036         64          63.991          17.504         -64.784        3189.000       -1394.000       -5916.000        1995.000        5278.000        1323.000       -4338.000       -2363.000 
-12435  
-1  22  53          -53.163         12          12.028         64          64.005          20.089         -56.597        5740.000       10647.000       -1593.000      -11915.000        -369.000       14530.000        8119.000      -11149.000 
-12435  
-1  12  54          -53.243          4           4.093         64          63.993          17.651         -64.564        4078.000       -1342.000       -5533.000        2241.000        5554.000        1293.000       -4224.000       -2475.000 
-12435  
-1  22  55          -52.007         12          12.029         64          63.986          20.144         -56.539        4226.000       10578.000         191.000      -11689.000       -1905.000       14763.000       10985.000       -9642.000 
-12435  
-1  12  56          -50.353          4           4.030         64          64.023          17.106         -65.058        2968.000       -1432.000       -5260.000        1938.000        5861.000        1336.000       -4160.000       -1715.000 
-12435  
-1  22  57          -54.590         12          12.041         64          64.014          20.685         -56.217        3243.000       11336.000         -69.000      -12716.000       -1305.000       15021.000       10301.000      -11019.000 
-12435  
-1  12  58          -49.873          4           4.139         64          63.984          17.053         -64.902        3180.000       -1130.000       -5318.000        1756.000        5876.000        1954.000       -3975.000       -2321.000 
-12435  
-1  22  59          -53.663         12          12.047         64          64.019          20.309         -56.319        5054.000       10621.000       -1174.000      -12476.000        -757.000       15056.000        8629.000      -11877.000 
-12435  
-1  12  60          -49.637          4           4.073         64          64.018          17.689         -64.525        3569.000       -1644.000       -6192.000        2048.000        5322.000        1545.000       -3916.000       -2746.000 
-12435  
-1  22  61          -54.070         12          12.019         64          64.019          20.021         -56.683        4699.000       10680.000        -968.000      -10817.000         -18.000       14658.000        9309.000      -11096.000 
-12435  
-1  12  62          -51.587          4           3.997         64          64.037          17.301         -64.658        3514.000       -1101.000       -5628.000        2164.000        5739.000        1720.000       -4153.000       -2266.000 
-12435  
-1  22  63          -52.950         12          12.048         64          63.966          20.434         -56.304        4829.000       10113.000       -1097.000      -12154.000         362.000       15321.000        9785.000      -11639.000 
-12435  
-1  12  64          -50.843          4           3.887         64          63.981          14.287         -65.677        3243.000       -1089.000       -5302.000        1909.000        4923.000        1067.000       -3398.000       -2279.000 
-12435  
-1  22  65          -53.500         12          12.039         64          64.023          20.487         -56.247        4359.000       10805.000        -155.000      -11566.000        -543.000       16361.000        9562.000      -11020.000 
-12435  
-1  12  66          -50.710          4           4.081         64          63.950          17.311         -65.055        3405.000       -1486.000       -5015.000        1956.000        5720.000         826.000       -3950.000       -2637.000 
-12435  
-1  22  67          -53.490         12          12.026         64          64.033          20.105         -56.692        4952.000       10596.000          41.000      -11158.000         834.000       15142.000        8952.000      -10293.000 
-12435  
-1  12  68          -50.987          4           4.002         64          64.001          17.003         -64.807        3720.000       -1245.000       -5860.000        1959.000        5431.000        1475.000       -3708.000       -2360.000 
-12435  
-1  22  69          -54.300         12          12.060         64          63.982          19.823         -56.677        3952.000       10400.000        -747.000      -10946.000       -1225.000       14600.000        9559.000      -11378.000 
-12435  
-1  12  70          -52.173          4           4.028         64          63.981          16.721         -65.158        3250.000        -733.000       -5626.000        1702.000        5381.000        1252.000       -3843.000       -2343.000 
-12435  
-1  22  71          -52.143         12          12.039         64          63.989          20.060         -56.728        4626.000       10115.000       -1288.000      -11899.000        -696.000       14493.000        9591.000      -10111.000 
-12435  
-1  12  72          -48.247          4           3.876         64          63.990          17.057         -65.302        2669.000       -1468.000       -5511.000        2161.000        5218.000        1551.000       -3873.000       -2082.000 
-12435  
-1  22  73          -51.687         12          12.039         64          64.014          19.623         -56.993        5434.000        8536.000       -2190.000      -10585.000         781.000       14861.000        8157.000      -11172.000 
-12435  
-1  12  74          -52.130          4           4.055         64          64.009          17.001         -65.085        3785.000       -1341.000       -5212.000        1807.000        5225.000        1621.000       -3887.000       -2545.000 
-12435  
-1  22  75          -53.740         12          12.066         64          64.010          20.039         -56.764        3039.000       10599.000         231.000      -11573.000       -1347.000       14872.000        9790.000       -9584.000 
-12435  
-1  12  76          -51.637          4           4.054         64          63.990          16.933         -65.086        3546.000       -1804.000       -5382.000        2276.000        5123.000        1121.000       -4051.000       -2039.000 
-12435  
-1  22  77          -52.477         12          12.047         64          63.983          20.382         -56.590        5211.000        9743.000       -2260.000      -10608.000        1002.000       15692.000        9046.000      -11166.000 
-12435  
-1  12  78          -49.820          4           4.085         64          64.022          17.363         -64.722        3677.000       -1640.000       -5492.000        2128.000        6015.000         995.000       -3672.000       -2248.000 
-12435  
-1  22  79          -53.643         12          12.036         64          64.002          20.283         -56.496        3610.000       10683.000         -90.000      -11706.000       -1384.000       15714.000        9357.000      -10393.000 
-12435  
-1  12  80          -52.183          4           4.058         64          64.009          16.917         -65.097        3797.000       -1398.000       -5168.000        1770.000        5178.000        1364.000       -3900.000       -2775.000 
-12435  
-1  22  81          -52.810         12          12.039         64          64.007          20.395         -56.421        5907.000        9856.000       -2500.000      -11452.000        1710.000       15943.000        7681.000      -11640.000 
-12435  
-1  12  82          -52.023          4           3.956         64          64.008          17.198         -64.905        3274.000       -1089.000       -5320.000        1746.000        5668.000        1851.000       -4302.000       -2215.000 
-12435  
-1  22  83          -53.853         12          12.038         64          64.012          19.827         -56.724        4041.000       10684.000        -325.000      -11105.000        -479.000       15231.000        9038.000      -10226.000 
-12435  
-1  12  84          -51.050          4           4.101         64          63.975          16.920         -65.095        3354.000       -1175.000       -5352.000        2297.000        5571.000        1306.000       -3829.000       -1968.000 
-12435  
-1  22  85          -53.343         12          12.024         64          63.988          20.231         -56.502        4584.000       10815.000       -1039.000      -11530.000        -731.000       14976.000        9675.000      -10826.000 
-12435  
-1  12  86          -49.713          4           4.099         64          64.013          17.368         -64.621        3247.000       -1230.000       -5781.000        1627.000        5835.000        1279.000       -4050.000       -2987.000 
-12435  
-1  22  87          -51.940         12          12.021         64          64.009          20.127         -56.581        4360.000        9958.000        -219.000      -11768.000       -1488.000       15051.000       10226.000      -10236.000 
-12435  
-1  12  88          -52.860          4           4.107         64          64.004          17.440         -64.642        3180.000        -952.000       -6091.000        2090.000        5167.000        1344.000       -4529.000       -2664.000 
-12435  
-1  22  89          -53.973         12          12.012         64          64.022          20.486         -56.475        4832.000       10197.000        -592.000      -11290.000         716.000       15128.000        9344.000      -11842.000 
-12435  
-1  12  90          -50.223          4           4.035         64          63.957          16.657         -65.324        3347.000       -1946.000       -5224.000        2284.000        4744.000        1524.000       -3876.000       -2338.000 
-12435  
-1  22  91          -53.897         12          12.025         64          63.989          20.136         -56.697        4134.000       10002.000        -642.000      -10832.000        -673.000       15039.000        9316.000      -11328.000 
-12435  
-1  12  92          -50.380          4           4.049         64          63.961          17.390         -64.664        3658.000       -1365.000       -5509.000        2291.000        5751.000        1316.000       -3870.000       -2725.000 
-12435  
-1  22  93          -52.390         12          12.034         64          63.984          19.943         -56.843        4735.000        9748.000        -360.000      -11074.000          81.000       14961.000        9325.000      -10160.000 
-12435  
-1  12  94          -51.983          4           4.135         64          63.997          17.633         -64.319        4268.000       -1265.000       -5683.000        1717.000        5788.000        1869.000       -3988.000       -3003.000 
-12435  
-1  22  95          -53.447         12          12.017         64          63.986          20.149         -56.576        4194.000       10848.000         215.000      -11044.000       -2183.000       14898.000        9961.000      -10603.000 
-12435  
-1  12  96          -52.833          4           3.934         64          63.997          17.017         -64.975        3121.000       -1141.000       -5706.000        2007.000        5020.000        1058.000       -4472.000       -2577.000 
-12435  
-1  22  97          -53.690         12          12.051         64          64.004          19.973         -56.704        4576.000       10514.000        -512.000      -10905.000        -173.000       14822.000        9448.000      -10759.000 
-12435  
-1  12  98          -49.340          4           4.095         64          63.977          17.455         -64.534        3424.000       -1962.000       -5881.000        2189.000        5510.000        1255.000       -4120.000       -2733.000 
-12435  
-1  22  99          -52.130         12          12.028         64          63.993          19.795         -56.958        5051.000        9498.000        -942.000      -10622.000       -1274.000       14240.000        9447.000      -10678.000 
-12435  
