-1  12  1           34.650          4           4.292         64          63.997          32.569         -49.525       13337.000       18306.000      -26724.000        2940.000        9945.000      -31684.000       27870.000       20309.000 
-12435  
-1  22  2           35.830         12          11.928         64          64.002          39.125         -37.520       50657.000       85015.000     -125686.000       25368.000       28338.000     -116584.000       80159.000       94470.000 
-12435  
-1  12  3           34.917          4           4.303         64          63.997          32.245         -49.528       12557.000       19166.000      -26687.000         221.000       11887.000      -30513.000       26589.000       22559.000 
-12435  
-1  22  4           35.737         12          11.925         64          63.998          39.373         -37.537       48240.000       85417.000     -126659.000       22085.000       31232.000     -115821.000       77446.000       96015.000 
-12435  
-1  12  5           34.200          4           4.290         64          64.000          32.381         -49.556       10441.000       19790.000      -26348.000       -1925.000       14704.000      -30200.000       24504.000       23986.000 
-12435  
-1  22  6           35.673         12          11.925         64          63.994          39.075         -37.531       49638.000       85474.000     -125942.000       24104.000       28799.000     -116311.000       79697.000       94409.000 
-12435  
-1  12  7           34.940          4           4.301         64          64.005          32.416         -49.498       10550.000       20025.000      -26731.000       -2863.000       15316.000      -29591.000       23454.000       25584.000 
-12435  
-1  22  8           35.767         12          11.924         64          64.005          39.320         -37.561       36260.000       91085.000     -128346.000        5172.000       45930.000     -109518.000       64268.000      105394.000 
-12435  
-1  12  9           34.920          4           4.296         64          64.002          32.363         -49.590       10836.000       19922.000      -26473.000       -1644.000       14926.000      -29150.000       24073.000       24606.000 
-12435  
-1  22  10           35.867         12          11.923         64          64.004          39.148         -37.564       47010.000       86582.000     -126168.000       19546.000       33709.000     -114584.000       75118.000       97460.000 
-12435  
-1  12  11           34.913          4           4.294         64          64.004          32.429         -49.535       12432.000       19133.000      -26361.000         188.000       12505.000      -30873.000       26083.000       22671.000 
-12435  
-1  22  12           35.803         12          11.928         64          64.001          39.024         -37.532       43205.000       88702.000     -126915.000       14966.000       37433.000     -114696.000       71456.000      100473.000 
-12435  
-1  12  13           34.970          4           4.301         64          64.001          32.506         -49.480       13691.000       18610.000      -26546.000        1103.000       11182.000      -31481.000       27114.000       21755.000 
-12435  
-1  22  14           35.767         12          11.927         64          63.996          39.124         -37.523       37741.000       92141.000     -128183.000        6940.000       44384.000     -111073.000       65800.000      104427.000 
-12435  
-1  12  15           34.833          4           4.294         64          64.007          32.442         -49.553       12312.000       18613.000      -26928.000         788.000       12110.000      -30554.000       26352.000       22517.000 
-12435  
-1  22  16           35.603         12          11.927         64          63.995          39.083         -37.537       43487.000       89827.000     -127108.000       14646.000       37660.000     -114055.000       71931.000       99092.000 
-12435  
-1  12  17           34.463          4           4.300         64          63.996          32.360         -49.494       11009.000       19277.000      -26696.000       -1083.000       14250.000      -30342.000       25409.000       24018.000 
-12435  
-1  22  18           35.910         12          11.926         64          63.999          39.241         -37.568       48943.000       85882.000     -125766.000       22035.000       30812.000     -114794.000       76934.000       96131.000 
-12435  
-1  12  19           34.773          4           4.292         64          64.000          32.504         -49.501        9925.000       20281.000      -26607.000       -2167.000       15296.000      -29516.000       23995.000       25384.000 
-12435  
-1  22  20           35.793         12          11.926         64          64.002          38.900         -37.567       41049.000       89705.000     -127278.000       11036.000       41319.000     -111819.000       69051.000      101695.000 
-12435  
-1  12  21           34.563          4           4.296         64          64.001          32.329         -49.517       11656.000       19273.000      -26612.000        -581.000       13941.000      -30478.000       25715.000       23099.000 
-12435  
-1  22  22           35.723         12          11.928         64          64.005          39.015         -37.540       49463.000       84962.000     -126131.000       25097.000       28818.000     -115646.000       79810.000       94550.000 
-12435  
-1  12  23           34.620          4           4.306         64          64.004          32.637         -49.456       11912.000       18808.000      -27149.000        -481.000       13623.000      -30941.000       25665.000       23437.000 
-12435  
-1  22  24           35.670         12          11.924         64          64.004          39.022         -37.567       42974.000       88454.000     -126620.000       14941.000       36259.000     -113908.000       72301.000       99654.000 
-12435  
-1  12  25           34.760          4           4.299         64          64.000          32.477         -49.569       12330.000       18595.000      -26388.000         264.000       12013.000      -31101.000       26247.000       22313.000 
-12435  
-1  22  26           35.887         12          11.927         64          64.001          38.997         -37.522       47350.000       87059.000     -127004.000       19609.000       33451.000     -115152.000       75064.000       97997.000 
-12435  
-1  12  27           34.713          4           4.296         64          63.999          32.342         -49.514       12401.000       18976.000      -27132.000         348.000       12251.000      -30790.000       26251.000       22340.000 
-12435  
-1  22  28           35.673         12          11.925         64          64.001          39.095         -37.509       54469.000       82874.000     -124876.000       31985.000       23438.000     -117744.000       84750.000       89806.000 
-12435  
-1  12  29           34.907          4           4.300         64          64.002          32.605         -49.543       12465.000       18922.000      -26381.000         488.000       12920.000      -30540.000       26234.000       22714.000 
-12435  
-1  22  30           35.857         12          11.926         64          64.000          39.259         -37.528       48754.000       86478.000     -126875.000       21905.000       31275.000     -115516.000       76516.000       96243.000 
-12435  
-1  12  31           34.823          4           4.295         64          64.001          32.524         -49.576       11986.000       18982.000      -26551.000        -233.000       13066.000      -30746.000       25273.000       22871.000 
-12435  
-1  22  32           35.693         12          11.922         64          63.998          39.325         -37.564       38001.000       90814.000     -128036.000        7972.000       44264.000     -110642.000       66071.000      103441.000 
-12435  
-1  12  33           34.813          4           4.294         64          64.007          32.612         -49.530       11194.000       19140.000      -26152.000       -1149.000       14648.000      -30445.000       24899.000       24199.000 
-12435  
-1  22  34           35.783         12          11.925         64          64.001          39.132         -37.543       53893.000       83511.000     -124406.000       29529.000       24267.000     -117041.000       83414.000       90574.000 
-12435  
-1  12  35           34.287          4           4.303         64          64.001          32.446         -49.552       11350.000       19582.000      -26756.000       -1246.000       14011.000      -30138.000       25250.000       23109.000 
-12435  
-1  22  36           35.913         12          11.923         64          64.001          39.111         -37.535       40875.000       90680.000     -127654.000       10984.000       40585.000     -112127.000       67934.000      103126.000 
-12435  
-1  12  37           34.920          4           4.295         64          63.990          32.447         -49.523       12571.000       18890.000      -26744.000        -193.000       12978.000      -30940.000       25488.000       22895.000 
-12435  
-1  22  38           35.890         12          11.928         64          64.000          38.884         -37.552       52072.000       83621.000     -126322.000       25763.000       26572.000     -115811.000       79851.000       93484.000 
-12435  
-1  12  39           34.940          4           4.301         64          64.000          32.437         -49.504       12334.000       18947.000      -27224.000        -223.000       12566.000      -30558.000       25618.000       23341.000 
-12435  
-1  22  40           35.643         12          11.928         64          64.004          39.256         -37.554       44469.000       87965.000     -127747.000       15872.000       35298.000     -113693.000       73085.000       98711.000 
-12435  
-1  12  41           34.847          4           4.301         64          64.001          32.504         -49.479       11397.000       19793.000      -26451.000       -1080.000       14131.000      -30598.000       25149.000       23973.000 
-12435  
-1  22  42           35.857         12          11.927         64          63.999          39.354         -37.549       49268.000       85611.000     -125994.000       22845.000       30276.000     -114852.000       78715.000       95664.000 
-12435  
-1  12  43           34.907          4           4.301         64          63.999          32.793         -49.485       12696.000       18926.000      -26160.000         621.000       12601.000      -31611.000       26278.000       22532.000 
-12435  
-1  22  44           35.780         12          11.923         64          64.004          39.263         -37.528       45600.000       87948.000     -126570.000       17550.000       35250.000     -115009.000       74586.000       98507.000 
-12435  
-1  12  45           34.843          4           4.296         64          64.013          32.501         -49.534       11618.000       19249.000      -26527.000       -1015.000       14150.000      -30219.000       25158.000       23741.000 
-12435  
-1  22  46           35.660         12          11.923         64          64.003          39.034         -37.545       48955.000       85207.000     -126164.000       24009.000       29620.000     -116077.000       78637.000       94692.000 
-12435  
-1  12  47           34.927          4           4.296         64          64.005          32.541         -49.551       11882.000       19374.000      -26534.000        -361.000       13089.000      -30334.000       25432.000       23410.000 
-12435  
-1  22  48           35.737         12          11.925         64          64.000          39.175         -37.531       49521.000       85869.000     -126177.000       23350.000       29911.000     -115635.000       79293.000       94777.000 
-12435  
-1  12  49           34.970          4           4.299         64          64.010          32.408         -49.509       11979.000       19272.000      -26506.000        -598.000       13318.000      -30699.000       25110.000       23928.000 
-12435  
-1  22  50           35.853         12          11.928         64          64.001          39.349         -37.523       47632.000       86727.000     -125870.000       21745.000       31084.000     -116248.000       76881.000       97158.000 
-12435  
-1  12  51           34.780          4           4.298         64          63.998          32.459         -49.496       11450.000       19428.000      -26957.000        -994.000       13874.000      -30074.000       25451.000       23890.000 
-12435  
-1  22  52           35.780         12          11.926         64          64.000          38.870         -37.524       54278.000       82753.000     -124900.000       31876.000       22923.000     -117517.000       83757.000       90320.000 
-12435  
-1  12  53           34.840          4           4.292         64          63.998          32.403         -49.502       11439.000       19569.000      -26919.000       -1144.000       14436.000      -30082.000       24829.000       24024.000 
-12435  
-1  22  54           35.663         12          11.926         64          64.005          38.958         -37.525       40862.000       90419.000     -128596.000       11605.000       41301.000     -112302.000       68918.000      101606.000 
-12435  
-1  12  55           34.857          4           4.295         64          64.002          32.419         -49.601       12207.000       18269.000      -26704.000         141.000       12391.000      -30428.000       25915.000       22803.000 
-12435  
-1  22  56           35.767         12          11.926         64          64.002          39.008         -37.558       38372.000       90323.000     -127615.000        7629.000       43447.000     -111308.000       66583.000      103934.000 
-12435  
-1  12  57           34.893          4           4.294         64          63.997          32.501         -49.512       12787.000       18450.000      -27110.000         406.000       12720.000      -30649.000       26159.000       22668.000 
-12435  
-1  22  58           35.830         12          11.928         64          64.006          39.104         -37.541       35620.000       92338.000     -128206.000        4497.000       46643.000     -109012.000       63909.000      106365.000 
-12435  
-1  12  59           34.943          4           4.299         64          64.008          32.316         -49.519       12491.000       18917.000      -26709.000         940.000       12535.000      -30744.000       26007.000       22928.000 
-12435  
-1  22  60           35.757         12          11.926         64          64.000          39.079         -37.552       48189.000       86369.000     -126557.000       22018.000       30525.000     -114946.000       77343.000       95690.000 
-12435  
-1  12  61           34.313          4           4.303         64          64.006          32.465         -49.568       12136.000       18845.000      -27014.000        -210.000       13009.000      -30797.000       25496.000       22205.000 
-12435  
-1  22  62           35.837         12          11.927         64          63.999          39.133         -37.513       47196.000       86722.000     -126930.000       21300.000       33236.000     -115865.000       75415.000       97643.000 
-12435  
-1  12  63           34.817          4           4.291         64          64.001          32.698         -49.486       11522.000       19666.000      -27130.000       -1415.000       13851.000      -30000.000       25222.000       23962.000 
-12435  
-1  22  64           35.863         12          11.926         64          64.005          38.881         -37.543       42929.000       88810.000     -126630.000       13633.000       38621.000     -113615.000       71343.000      101215.000 
-12435  
-1  12  65           34.893          4           4.296         64          64.006          32.572         -49.478       12044.000       19374.000      -26740.000        -840.000       14111.000      -30437.000       25390.000       23661.000 
-12435  
-1  22  66           35.907         12          11.929         64          64.004          39.006         -37.540       40928.000       89987.000     -127752.000       10585.000       42553.000     -111740.000       67549.000      103215.000 
-12435  
-1  12  67           34.973          4           4.295         64          64.007          32.430         -49.512       12486.000       18927.000      -26891.000         372.000       12219.000      -30610.000       25923.000       23291.000 
-12435  
-1  22  68           35.803         12          11.926         64          64.001          39.224         -37.507       41278.000       89989.000     -127910.000       12302.000       39883.000     -113127.000       70209.000      102495.000 
-12435  
-1  12  69           34.730          4           4.290         64          64.006          32.445         -49.551       11755.000       19015.000      -26829.000        -803.000       13306.000      -30277.000       25503.000       23284.000 
-12435  
-1  22  70           35.657         12          11.930         64          64.000          39.118         -37.535       40276.000       90740.000     -128060.000       10153.000       41528.000     -112487.000       68174.000      101980.000 
-12435  
-1  12  71           34.390          4           4.293         64          64.005          32.491         -49.579       10773.000       19300.000      -26645.000       -1878.000       14591.000      -29921.000       24349.000       24113.000 
-12435  
-1  22  72           35.897         12          11.928         64          64.000          39.302         -37.527       57971.000       80590.000     -123419.000       36223.000       17997.000     -118256.000       86576.000       87630.000 
-12435  
-1  12  73           34.393          4           4.300         64          64.007          32.565         -49.590       10768.000       19181.000      -26634.000       -1810.000       14340.000      -29921.000       24423.000       24112.000 
-12435  
-1  22  74           35.893         12          11.927         64          64.000          39.121         -37.524       52584.000       83952.000     -124986.000       27206.000       27435.000     -117009.000       81179.000       93331.000 
-12435  
-1  12  75           34.783          4           4.294         64          64.005          32.599         -49.487       11809.000       18889.000      -26872.000        -640.000       13182.000      -30645.000       25870.000       23621.000 
-12435  
-1  22  76           35.740         12          11.928         64          64.002          39.206         -37.531       47587.000       87227.000     -126862.000       20604.000       32796.000     -115671.000       75530.000       96324.000 
-12435  
-1  12  77           34.683          4           4.294         64          64.003          32.262         -49.593       12176.000       18809.000      -26874.000         237.000       12478.000      -30357.000       25994.000       22261.000 
-12435  
-1  22  78           35.837         12          11.930         64          64.004          39.072         -37.532       40078.000       89268.000     -128002.000        9594.000       41166.000     -112414.000       68399.000      103755.000 
-12435  
-1  12  79           34.887          4           4.303         64          63.997          32.372         -49.516       12042.000       19186.000      -26575.000         -92.000       12891.000      -30885.000       25675.000       23153.000 
-12435  
-1  22  80           35.500         12          11.924         64          63.999          39.128         -37.506       45107.000       87148.000     -128148.000       17879.000       34319.000     -115213.000       74831.000       98687.000 
-12435  
-1  12  81           34.863          4           4.303         64          64.008          32.381         -49.605       11392.000       19191.000      -26593.000        -788.000       13667.000      -29744.000       25012.000       23665.000 
-12435  
-1  22  82           35.737         12          11.932         64          63.997          39.095         -37.525       48842.000       85657.000     -126458.000       22576.000       31783.000     -115479.000       78738.000       95621.000 
-12435  
-1  12  83           34.973          4           4.301         64          63.993          32.399         -49.505       12324.000       18889.000      -26629.000         -45.000       12636.000      -30612.000       25906.000       23627.000 
-12435  
-1  22  84           35.790         12          11.927         64          64.001          38.989         -37.516       55230.000       82745.000     -124785.000       31048.000       22539.000     -117851.000       84449.000       89836.000 
-12435  
-1  12  85           34.897          4           4.296         64          64.008          32.281         -49.530       11599.000       19180.000      -26542.000        -298.000       13752.000      -30209.000       25411.000       23854.000 
-12435  
-1  22  86           35.887         12          11.921         64          63.996          39.074         -37.540       45388.000       88611.000     -126792.000       16878.000       35116.000     -113996.000       73366.000       99157.000 
-12435  
-1  12  87           34.820          4           4.299         64          64.000          32.476         -49.491       11130.000       19719.000      -26686.000       -1758.000       14386.000      -30154.000       24815.000       24405.000 
-12435  
-1  22  88           35.847         12          11.926         64          64.002          39.197         -37.527       48648.000       86349.000     -126534.000       22519.000       30936.000     -115503.000       77345.000       96256.000 
-12435  
-1  12  89           34.753          4           4.295         64          64.008          32.636         -49.559       10926.000       19532.000      -26103.000        -951.000       13522.000      -30354.000       25336.000       23902.000 
-12435  
-1  22  90           35.773         12          11.925         64          64.004          39.283         -37.551       39917.000       89954.000     -127955.000       10434.000       41753.000     -112022.000       67752.000      102640.000 
-12435  
-1  12  91           34.907          4           4.304         64          63.994          32.490         -49.430       12317.000       19173.000      -27345.000         681.000       12052.000      -31059.000       26285.000       23187.000 
-12435  
-1  22  92           35.797         12          11.925         64          64.001          39.236         -37.543       44277.000       88705.000     -126688.000       16312.000       36256.000     -114580.000       72457.000       99237.000 
-12435  
-1  12  93           34.367          4           4.293         64          64.001          32.554         -49.545       10759.000       19572.000      -26527.000       -1380.000       14062.000      -30041.000       25194.000       23916.000 
-12435  
-1  22  94           35.890         12          11.924         64          64.004          39.085         -37.510       46117.000       87437.000     -127223.000       18093.000       35038.000     -114587.000       74633.000       99452.000 
-12435  
-1  12  95           34.920          4           4.297         64          64.003          32.281         -49.485       12448.000       19007.000      -26597.000         282.000       12315.000      -31135.000       26261.000       22931.000 
-12435  
-1  22  96           35.907         12          11.927         64          64.002          39.249         -37.504       47469.000       87378.000     -126685.000       20928.000       32990.000     -115290.000       75851.000       98326.000 
-12435  
-1  12  97           34.927          4           4.304         64          64.001          32.551         -49.525       12127.000       18540.000      -26947.000        -492.000       13356.000      -30239.000       25569.000       23750.000 
-12435  
-1  22  98           35.840         12          11.926         64          63.999          39.113         -37.524       41436.000       90402.000     -127223.000       12193.000       40068.000     -113322.000       69493.000      102113.000 
-12435  
-1  12  99           34.313          4           4.288         64          63.995          32.546         -49.516       11940.000       18976.000      -26404.000        -330.000       12902.000      -30854.000       26603.000       22566.000 
-12435  
