-1  22  1           -6.007         12          11.991         64          63.993          42.826         -33.505     -206077.000       -2406.000     -126114.000      102469.000     -119675.000      162060.000      -41134.000      173006.000 
-12435  
-1  12  2           -6.993          4           4.272         64          64.001          43.621         -37.269       69901.000     -111690.000      -22296.000     -100818.000      -61326.000     -116955.000      -93069.000      -71968.000 
-12435  
-1  22  3           -6.010         12          11.993         64          64.003          42.857         -33.501     -205791.000      -13699.000     -132353.000       94938.000     -129761.000      153895.000      -49781.000      170754.000 
-12435  
-1  12  4           -6.993          4           4.271         64          64.007          43.822         -37.260       62023.000     -116301.000      -29661.000      -98662.000      -69451.000     -112666.000      -98554.000      -64953.000 
-12435  
-1  22  5           -6.007         12          11.990         64          64.004          42.918         -33.507     -206619.000        4921.000     -122526.000      106327.000     -114053.000      165342.000      -35018.000      174423.000 
-12435  
-1  12  6           -6.993          4           4.269         64          64.007          44.111         -37.281       57093.000     -118711.000      -33152.000      -97384.000      -73382.000     -108960.000     -100791.000      -61608.000 
-12435  
-1  22  7           -6.003         12          11.992         64          64.002          42.903         -33.520     -206382.000        5100.000     -122703.000      107044.000     -113369.000      164923.000      -35337.000      173726.000 
-12435  
-1  12  8           -6.993          4           4.269         64          63.999          43.929         -37.258       57145.000     -118734.000      -33311.000      -97276.000      -73964.000     -109856.000     -101122.000      -61319.000 
-12435  
-1  22  9           -6.010         12          11.993         64          64.000          42.757         -33.523     -205836.000        5245.000     -122616.000      106327.000     -113173.000      165055.000      -34323.000      174742.000 
-12435  
-1  12  10           -6.997          4           4.271         64          63.998          43.906         -37.249       60481.000     -117428.000      -31539.000      -97685.000      -72103.000     -110980.000     -100362.000      -63356.000 
-12435  
-1  22  11           -6.007         12          11.992         64          63.999          43.037         -33.502     -205884.000      -15665.000     -133285.000       93881.000     -129907.000      153417.000      -52412.000      169757.000 
-12435  
-1  12  12           -6.990          4           4.268         64          63.999          43.815         -37.278       67970.000     -112539.000      -24521.000      -99992.000      -62911.000     -115755.000      -94619.000      -70652.000 
-12435  
-1  22  13           -6.007         12          11.992         64          64.003          43.066         -33.488     -206955.000       -5539.000     -128413.000      100103.000     -122386.000      159280.000      -44289.000      173114.000 
-12435  
-1  12  14           -6.993          4           4.273         64          64.004          44.236         -37.284       65499.000     -113485.000      -26269.000      -99352.000      -65297.000     -114962.000      -96128.000      -68226.000 
-12435  
-1  22  15           -6.007         12          11.992         64          64.004          42.798         -33.496     -206672.000      -10010.000     -130132.000       98006.000     -125286.000      157198.000      -47236.000      171402.000 
-12435  
-1  12  16           -6.990          4           4.271         64          64.002          43.943         -37.264       62988.000     -115417.000      -28468.000      -98742.000      -68270.000     -113461.000      -97623.000      -66841.000 
-12435  
-1  22  17           -6.007         12          11.992         64          64.003          43.056         -33.519     -205802.000       -2374.000     -125843.000      102301.000     -118645.000      161316.000      -41512.000      173620.000 
-12435  
-1  12  18           -6.993          4           4.271         64          64.003          44.064         -37.272       57135.000     -118987.000      -33827.000      -97070.000      -74223.000     -109283.000     -100735.000      -60673.000 
-12435  
-1  22  19           -6.007         12          11.992         64          64.000          42.778         -33.517     -206051.000       17310.000     -116283.000      113706.000     -104017.000      170592.000      -24395.000      176016.000 
-12435  
-1  12  20           -6.993          4           4.272         64          63.999          43.804         -37.265       60912.000     -116493.000      -30927.000      -97925.000      -70393.000     -112143.000      -99373.000      -64271.000 
-12435  
-1  22  21           -6.010         12          11.991         64          63.999          42.917         -33.510     -205860.000      -14041.000     -132154.000       94112.000     -128388.000      154474.000      -50340.000      170700.000 
-12435  
-1  12  22           -6.993          4           4.270         64          64.000          43.878         -37.259       65768.000     -113606.000      -25875.000      -99632.000      -65576.000     -115110.000      -96391.000      -69064.000 
-12435  
-1  22  23           -6.010         12          11.993         64          64.000          43.273         -33.494     -206638.000        -620.000     -125276.000      103821.000     -119109.000      162292.000      -38636.000      173918.000 
-12435  
-1  12  24           -6.983          4           4.271         64          64.000          43.865         -37.283       65550.000     -113587.000      -25727.000      -99790.000      -64368.000     -114874.000      -95384.000      -69665.000 
-12435  
-1  22  25           -6.007         12          11.991         64          64.003          42.999         -33.497     -206904.000        3001.000     -123373.000      105750.000     -114835.000      165277.000      -36920.000      173920.000 
-12435  
-1  12  26           -6.993          4           4.271         64          64.004          43.999         -37.259       60428.000     -116821.000      -30754.000      -98190.000      -71174.000     -112000.000      -99250.000      -64055.000 
-12435  
-1  22  27           -6.007         12          11.990         64          64.001          42.834         -33.534     -205540.000       -7978.000     -129420.000       99458.000     -122796.000      157241.000      -45437.000      171304.000 
-12435  
-1  12  28           -6.993          4           4.270         64          64.001          43.644         -37.265       61655.000     -116590.000      -30056.000      -98048.000      -70173.000     -112292.000      -98412.000      -65011.000 
-12435  
-1  22  29           -6.010         12          11.993         64          64.000          42.830         -33.505     -203925.000       29843.000     -108683.000      121083.000      -91865.000      179510.000      -13468.000      176899.000 
-12435  
-1  12  30           -6.990          4           4.270         64          64.002          43.807         -37.272       59554.000     -117172.000      -31875.000      -97781.000      -71118.000     -111467.000      -99554.000      -63377.000 
-12435  
-1  22  31           -6.003         12          11.993         64          63.999          42.865         -33.523     -205341.000      -12863.000     -131863.000       95724.000     -127484.000      154802.000      -50537.000      169898.000 
-12435  
-1  12  32           -6.990          4           4.271         64          64.002          43.902         -37.281       61602.000     -115558.000      -29989.000      -98402.000      -69927.000     -112613.000      -98018.000      -65061.000 
-12435  
-1  22  33           -6.007         12          11.992         64          64.001          42.906         -33.531     -205038.000      -16334.000     -131796.000       93675.000     -129977.000      152557.000      -52926.000      169834.000 
-12435  
-1  12  34           -6.987          4           4.272         64          64.002          43.878         -37.275       63786.000     -115063.000      -27990.000      -98980.000      -67175.000     -114051.000      -96602.000      -66956.000 
-12435  
-1  22  35           -6.010         12          11.993         64          64.004          43.190         -33.521     -205850.000      -11176.000     -129676.000       96688.000     -125832.000      156056.000      -48176.000      171429.000 
-12435  
-1  12  36           -6.993          4           4.271         64          64.003          44.003         -37.264       64496.000     -114886.000      -27447.000      -98968.000      -66616.000     -113931.000      -97063.000      -68012.000 
-12435  
-1  22  37           -6.003         12          11.992         64          64.004          43.203         -33.500     -206217.000        8903.000     -121749.000      109461.000     -110987.000      166053.000      -32551.000      175741.000 
-12435  
-1  12  38           -6.993          4           4.273         64          64.002          43.682         -37.277       62421.000     -115910.000      -29115.000      -98702.000      -68511.000     -112762.000      -97990.000      -65280.000 
-12435  
-1  22  39           -6.010         12          11.992         64          64.002          42.720         -33.529     -203720.000       30634.000     -107720.000      121573.000      -91373.000      178075.000      -11683.000      176929.000 
-12435  
-1  12  40           -6.993          4           4.272         64          63.999          44.303         -37.268       60599.000     -116719.000      -30608.000      -97939.000      -70915.000     -111755.000      -98999.000      -64624.000 
-12435  
-1  22  41           -6.003         12          11.991         64          64.001          42.956         -33.538     -205297.000      -11111.000     -130141.000       96142.000     -126195.000      154769.000      -49448.000      170983.000 
-12435  
-1  12  42           -6.990          4           4.274         64          64.000          43.758         -37.298       60968.000     -115993.000      -29903.000      -98578.000      -69834.000     -112058.000      -97668.000      -64441.000 
-12435  
-1  22  43           -6.007         12          11.992         64          64.000          42.988         -33.506     -205998.000       14843.000     -118188.000      111735.000     -106724.000      170069.000      -26663.000      175863.000 
-12435  
-1  12  44           -6.990          4           4.269         64          64.001          43.635         -37.266       57333.000     -118365.000      -33349.000      -97269.000      -73307.000     -110306.000     -100724.000      -61601.000 
-12435  
-1  22  45           -6.010         12          11.991         64          63.999          43.030         -33.496     -207037.000        2113.000     -123757.000      104940.000     -116274.000      164026.000      -36915.000      174348.000 
-12435  
-1  12  46           -6.990          4           4.271         64          64.005          44.117         -37.262       60235.000     -116850.000      -30775.000      -98087.000      -70674.000     -112145.000      -99248.000      -64318.000 
-12435  
-1  22  47           -6.007         12          11.992         64          63.999          42.828         -33.513     -206329.000        7659.000     -120057.000      108489.000     -111619.000      166655.000      -32516.000      175330.000 
-12435  
-1  12  48           -6.993          4           4.269         64          64.004          43.684         -37.272       62293.000     -115575.000      -29644.000      -98269.000      -68994.000     -112965.000      -98430.000      -65417.000 
-12435  
-1  22  49           -6.010         12          11.992         64          64.000          42.821         -33.497     -207153.000       -5760.000     -127465.000      100856.000     -121183.000      159600.000      -43351.000      173030.000 
-12435  
-1  12  50           -6.993          4           4.269         64          64.002          43.782         -37.272       59235.000     -117120.000      -31768.000      -97837.000      -71957.000     -110873.000     -100000.000      -63175.000 
-12435  
-1  22  51           -6.007         12          11.991         64          64.001          42.898         -33.502     -205944.000       13103.000     -118564.000      111651.000     -106697.000      169972.000      -27922.000      176104.000 
-12435  
-1  12  52           -6.993          4           4.270         64          64.000          44.193         -37.274       64221.000     -114787.000      -27200.000      -99563.000      -67086.000     -113737.000      -96700.000      -67031.000 
-12435  
-1  22  53           -6.010         12          11.994         64          64.002          43.033         -33.510     -206080.000      -11645.000     -129747.000       96773.000     -125731.000      156920.000      -48162.000      171347.000 
-12435  
-1  12  54           -6.990          4           4.270         64          64.001          43.686         -37.272       60126.000     -116575.000      -30942.000      -98423.000      -70570.000     -111798.000      -99190.000      -64045.000 
-12435  
-1  22  55           -6.010         12          11.992         64          64.000          42.975         -33.513     -205822.000      -18545.000     -133263.000       92635.000     -130775.000      151670.000      -53956.000      169588.000 
-12435  
-1  12  56           -6.987          4           4.270         64          64.002          43.878         -37.261       63798.000     -114902.000      -28188.000      -99443.000      -67236.000     -114226.000      -96756.000      -67251.000 
-12435  
-1  22  57           -6.010         12          11.993         64          64.000          43.393         -33.508     -205967.000      -17403.000     -132709.000       93613.000     -130670.000      152758.000      -52798.000      169418.000 
-12435  
-1  12  58           -6.993          4           4.269         64          64.002          43.874         -37.266       59156.000     -117456.000      -32212.000      -97739.000      -72295.000     -110925.000      -99857.000      -62936.000 
-12435  
-1  22  59           -6.003         12          11.992         64          64.002          42.723         -33.496     -206621.000      -11339.000     -131354.000       96650.000     -126247.000      155874.000      -49783.000      171070.000 
-12435  
-1  12  60           -6.990          4           4.271         64          64.002          43.750         -37.275       58437.000     -117995.000      -32842.000      -97707.000      -72334.000     -109825.000     -100112.000      -62835.000 
-12435  
-1  22  61           -6.007         12          11.993         64          64.000          43.025         -33.519     -206271.000      -15084.000     -131295.000       94703.000     -128968.000      153305.000      -51417.000      169907.000 
-12435  
-1  12  62           -6.993          4           4.270         64          64.004          44.019         -37.263       61749.000     -115761.000      -30384.000      -98427.000      -69904.000     -112057.000      -99093.000      -65597.000 
-12435  
-1  22  63           -6.010         12          11.991         64          64.001          42.930         -33.518     -206720.000        1532.000     -124106.000      104464.000     -116162.000      162543.000      -37288.000      174085.000 
-12435  
-1  12  64           -6.990          4           4.270         64          64.004          44.336         -37.279       61543.000     -115976.000      -29719.000      -98533.000      -69483.000     -112297.000      -98178.000      -65308.000 
-12435  
-1  22  65           -6.013         12          11.992         64          64.001          42.929         -33.511     -205266.000       27722.000     -109319.000      120384.000      -93644.000      176925.000      -14003.000      176848.000 
-12435  
-1  12  66           -6.993          4           4.272         64          64.001          43.722         -37.270       62275.000     -115946.000      -29162.000      -98440.000      -68800.000     -113020.000      -98056.000      -65681.000 
-12435  
-1  22  67           -6.007         12          11.991         64          64.000          43.047         -33.512     -206538.000        8007.000     -121512.000      107644.000     -111364.000      166951.000      -33006.000      174405.000 
-12435  
-1  12  68           -6.990          4           4.271         64          63.998          43.977         -37.261       62837.000     -116012.000      -28941.000      -98368.000      -68407.000     -113576.000      -97464.000      -66450.000 
-12435  
-1  22  69           -6.007         12          11.989         64          64.003          43.190         -33.519     -206148.000       -7190.000     -128412.000       99458.000     -122313.000      158095.000      -45024.000      172414.000 
-12435  
-1  12  70           -6.990          4           4.273         64          64.001          44.415         -37.281       64424.000     -114692.000      -28089.000      -98641.000      -67054.000     -113647.000      -96737.000      -67462.000 
-12435  
-1  22  71           -6.007         12          11.991         64          64.000          42.943         -33.495     -206271.000        5288.000     -122422.000      107484.000     -113511.000      166256.000      -35117.000      174779.000 
-12435  
-1  12  72           -6.993          4           4.271         64          64.001          43.807         -37.258       60911.000     -117080.000      -30134.000      -98482.000      -70375.000     -111871.000      -98821.000      -64751.000 
-12435  
-1  22  73           -6.010         12          11.993         64          64.001          42.728         -33.501     -206487.000        3235.000     -123490.000      105709.000     -115580.000      164421.000      -35636.000      174630.000 
-12435  
-1  12  74           -6.983          4           4.271         64          64.000          43.689         -37.279       57137.000     -117826.000      -33612.000      -97525.000      -73130.000     -110296.000     -100086.000      -62020.000 
-12435  
-1  22  75           -6.007         12          11.993         64          64.000          42.819         -33.506     -206040.000        5373.000     -121757.000      106794.000     -113728.000      166557.000      -34484.000      174602.000 
-12435  
-1  12  76           -6.987          4           4.269         64          64.004          44.060         -37.270       60013.000     -116817.000      -31117.000      -98033.000      -70676.000     -111741.000      -99134.000      -64459.000 
-12435  
-1  22  77           -6.007         12          11.992         64          64.000          42.862         -33.500     -206800.000        6224.000     -121963.000      107555.000     -113062.000      166389.000      -33966.000      174323.000 
-12435  
-1  12  78           -6.993          4           4.271         64          63.999          43.655         -37.264       61752.000     -115777.000      -30179.000      -98736.000      -69685.000     -112269.000      -98940.000      -65210.000 
-12435  
-1  22  79           -6.010         12          11.991         64          64.005          42.985         -33.508     -206354.000       12079.000     -118356.000      110576.000     -107810.000      169411.000      -28427.000      175756.000 
-12435  
-1  12  80           -6.987          4           4.271         64          64.002          43.989         -37.270       65005.000     -114185.000      -27578.000      -98999.000      -66258.000     -114419.000      -96314.000      -68668.000 
-12435  
-1  22  81           -6.007         12          11.993         64          64.004          43.111         -33.476     -205591.000       19233.000     -115778.000      115487.000     -102349.000      173708.000      -22877.000      177470.000 
-12435  
-1  12  82           -6.990          4           4.271         64          64.001          43.803         -37.249       62950.000     -116072.000      -29071.000      -98552.000      -68521.000     -113380.000      -97865.000      -66815.000 
-12435  
-1  22  83           -6.007         12          11.994         64          64.003          43.118         -33.489     -205940.000       18726.000     -114994.000      114865.000     -102703.000      173431.000      -23206.000      176782.000 
-12435  
-1  12  84           -6.993          4           4.272         64          64.000          43.970         -37.270       58944.000     -117300.000      -32127.000      -98050.000      -71879.000     -110564.000     -100291.000      -62991.000 
-12435  
-1  22  85           -6.007         12          11.992         64          64.001          43.206         -33.486     -206473.000        4639.000     -122706.000      107574.000     -114082.000      165849.000      -34721.000      175244.000 
-12435  
-1  12  86           -6.993          4           4.268         64          64.001          43.856         -37.264       59963.000     -116745.000      -31143.000      -98458.000      -71247.000     -111551.000      -99567.000      -63681.000 
-12435  
-1  22  87           -6.007         12          11.994         64          64.000          42.833         -33.522     -206675.000        1815.000     -123937.000      104835.000     -115376.000      163192.000      -37588.000      173514.000 
-12435  
-1  12  88           -6.987          4           4.270         64          64.000          44.048         -37.262       63954.000     -114961.000      -28410.000      -99063.000      -67575.000     -114098.000      -96761.000      -67325.000 
-12435  
-1  22  89           -6.010         12          11.992         64          64.001          43.110         -33.523     -205700.000      -12955.000     -130879.000       96989.000     -126516.000      154685.000      -48929.000      170776.000 
-12435  
-1  12  90           -6.993          4           4.272         64          64.001          43.967         -37.246       61738.000     -116737.000      -30395.000      -98300.000      -70530.000     -112487.000      -98938.000      -64615.000 
-12435  
-1  22  91           -6.007         12          11.991         64          63.999          42.877         -33.485     -207659.000       -1974.000     -125498.000      103004.000     -119549.000      161936.000      -40964.000      173363.000 
-12435  
-1  12  92           -6.993          4           4.271         64          64.002          43.715         -37.274       58676.000     -117536.000      -32345.000      -97242.000      -72533.000     -110926.000     -100054.000      -62495.000 
-12435  
-1  22  93           -6.007         12          11.993         64          64.002          42.852         -33.511     -205804.000        3819.000     -124075.000      105292.000     -115076.000      164821.000      -35941.000      174174.000 
-12435  
-1  12  94           -6.997          4           4.272         64          64.003          44.022         -37.274       59130.000     -117375.000      -31816.000      -97433.000      -72230.000     -110608.000     -100406.000      -62632.000 
-12435  
-1  22  95           -6.010         12          11.994         64          64.003          42.756         -33.505     -206849.000        2770.000     -122634.000      105488.000     -115051.000      164590.000      -35966.000      174635.000 
-12435  
-1  12  96           -6.983          4           4.271         64          63.999          43.903         -37.287       58094.000     -117776.000      -32847.000      -97451.000      -72412.000     -110464.000      -99365.000      -62652.000 
-12435  
-1  22  97           -6.010         12          11.991         64          64.003          43.015         -33.507     -206087.000       10112.000     -119851.000      110321.000     -108941.000      168909.000      -30105.000      174947.000 
-12435  
-1  12  98           -6.993          4           4.270         64          64.001          44.231         -37.258       59335.000     -117285.000      -31344.000      -97844.000      -71633.000     -111590.000     -100034.000      -63512.000 
-12435  
-1  22  99           -6.007         12          11.991         64          64.001          42.869         -33.505     -207112.000        3277.000     -123136.000      106272.000     -114677.000      164132.000      -35888.000      174188.000 
-12435  
