-1  22  1           38.797         12          11.922         64          63.997          37.571         -39.210       37227.000       69934.000     -108767.000        5167.000       55229.000      -79913.000       18958.000      100001.000 
-12435  
-1  12  2           39.893          4           4.307         64          63.989          27.370         -54.678        6368.000       10908.000      -19757.000        4314.000        6107.000      -13753.000         773.000       16777.000 
-12435  
-1  22  3           38.790         12          11.918         64          63.997          37.238         -39.209       36262.000       70412.000     -108312.000        3370.000       55667.000      -79334.000       18683.000      100922.000 
-12435  
-1  12  4           39.990          4           4.307         64          64.011          27.511         -54.697        5644.000       12363.000      -19689.000        2434.000        7151.000      -13129.000        -948.000       16421.000 
-12435  
-1  22  5           38.807         12          11.921         64          64.003          37.239         -39.262       30069.000       72846.000     -108516.000       -5801.000       62364.000      -73110.000        8784.000      100745.000 
-12435  
-1  12  6           39.270          4           4.296         64          64.002          27.628         -54.498        5248.000       12095.000      -20506.000        2877.000        7242.000      -13326.000          31.000       17023.000 
-12435  
-1  22  7           38.897         12          11.921         64          64.005          37.574         -39.250       33428.000       71132.000     -107676.000       -1430.000       59442.000      -75999.000       13272.000      101607.000 
-12435  
-1  12  8           39.487          4           4.300         64          64.003          27.403         -54.598        6295.000       12102.000      -19941.000        3960.000        6526.000      -13506.000         862.000       16486.000 
-12435  
-1  22  9           38.830         12          11.918         64          64.004          37.393         -39.208       44973.000       65060.000     -107922.000       16788.000       45504.000      -85485.000       29722.000       97505.000 
-12435  
-1  12  10           39.817          4           4.297         64          63.984          27.332         -54.689        6346.000       10979.000      -19535.000        4590.000        6270.000      -13697.000        1260.000       16802.000 
-12435  
-1  22  11           38.927         12          11.919         64          63.999          37.504         -39.224       43214.000       65645.000     -107454.000       13025.000       48954.000      -83867.000       26062.000       99048.000 
-12435  
-1  12  12           40.000          4           4.293         64          64.013          27.502         -54.689        5937.000       11485.000      -19188.000        3949.000        6198.000      -13652.000         648.000       17266.000 
-12435  
-1  22  13           38.837         12          11.918         64          63.999          37.464         -39.219       42121.000       67040.000     -108180.000       11351.000       50379.000      -83065.000       24953.000       98430.000 
-12435  
-1  12  14           40.003          4           4.314         64          63.997          27.690         -54.609        6494.000       11278.000      -19762.000        3152.000        6988.000      -13687.000         244.000       16977.000 
-12435  
-1  22  15           38.673         12          11.918         64          64.003          37.433         -39.205       37508.000       69158.000     -109667.000        4781.000       55033.000      -79620.000       19933.000       99840.000 
-12435  
-1  12  16           39.877          4           4.292         64          64.006          27.422         -54.556        6198.000       11170.000      -20035.000        3345.000        6830.000      -13817.000         466.000       17146.000 
-12435  
-1  22  17           38.897         12          11.917         64          64.001          37.197         -39.251       34133.000       71096.000     -107940.000        -715.000       58813.000      -76370.000       13820.000      101115.000 
-12435  
-1  12  18           39.853          4           4.313         64          63.999          27.456         -54.649        5884.000       11985.000      -19865.000        2825.000        7168.000      -13283.000         -67.000       16596.000 
-12435  
-1  22  19           38.793         12          11.916         64          64.004          37.370         -39.237       30874.000       71847.000     -108773.000       -3742.000       60849.000      -75037.000       10489.000      101449.000 
-12435  
-1  12  20           39.957          4           4.313         64          64.004          27.286         -54.601        7251.000       11025.000      -19577.000        5324.000        5899.000      -14071.000        1447.000       16603.000 
-12435  
-1  22  21           38.867         12          11.922         64          64.003          37.390         -39.231       35394.000       70019.000     -109003.000        -558.000       57995.000      -76609.000       15390.000      101192.000 
-12435  
-1  12  22           39.997          4           4.308         64          64.004          27.638         -54.604        7409.000       10755.000      -19298.000        4974.000        5536.000      -14403.000        1766.000       16930.000 
-12435  
-1  22  23           38.633         12          11.918         64          63.999          37.479         -39.223       40327.000       67543.000     -108895.000       11379.000       49886.000      -82751.000       24861.000       98443.000 
-12435  
-1  12  24           39.790          4           4.308         64          63.996          27.374         -54.777        5949.000       11524.000      -19334.000        4280.000        6781.000      -13538.000         342.000       16218.000 
-12435  
-1  22  25           38.820         12          11.916         64          63.997          37.457         -39.230       43004.000       66158.000     -108024.000       14082.000       48628.000      -83493.000       27074.000       97973.000 
-12435  
-1  12  26           40.007          4           4.298         64          64.002          27.449         -54.617        6071.000       11250.000      -19927.000        3718.000        6678.000      -13417.000         196.000       17126.000 
-12435  
-1  22  27           38.790         12          11.914         64          64.001          37.422         -39.240       35233.000       70296.000     -108186.000        2104.000       57667.000      -78569.000       16077.000      100130.000 
-12435  
-1  12  28           39.170          4           4.304         64          63.992          27.363         -54.562        5611.000       11922.000      -20188.000        3339.000        6532.000      -13746.000         454.000       16791.000 
-12435  
-1  22  29           38.917         12          11.922         64          64.002          37.786         -39.200       42894.000       67030.000     -108770.000       11839.000       49175.000      -82474.000       25459.000       99235.000 
-12435  
-1  12  30           39.903          4           4.308         64          63.999          27.400         -54.565        5894.000       11584.000      -20115.000        3198.000        6818.000      -13598.000         -23.000       17035.000 
-12435  
-1  22  31           38.867         12          11.922         64          64.008          37.493         -39.245       34005.000       70209.000     -108092.000       -1207.000       59277.000      -76078.000       14392.000      101727.000 
-12435  
-1  12  32           39.860          4           4.305         64          64.016          27.421         -54.642        6767.000       10985.000      -19927.000        5440.000        6008.000      -13639.000        1063.000       16418.000 
-12435  
-1  22  33           38.893         12          11.920         64          64.004          37.551         -39.218       38155.000       69848.000     -108133.000        5430.000       54492.000      -79928.000       19474.000      100353.000 
-12435  
-1  12  34           39.883          4           4.308         64          64.009          27.274         -54.708        6894.000       10723.000      -19565.000        5058.000        5561.000      -13970.000        1254.000       16464.000 
-12435  
-1  22  35           38.910         12          11.919         64          64.001          37.852         -39.257       37817.000       68667.000     -107852.000        5592.000       54098.000      -79828.000       18920.000      100276.000 
-12435  
-1  12  36           39.203          4           4.311         64          64.004          27.538         -54.611        6164.000       11090.000      -20027.000        4630.000        6025.000      -14172.000        1080.000       16486.000 
-12435  
-1  22  37           38.870         12          11.920         64          63.999          37.331         -39.204       36285.000       70255.000     -109215.000        2075.000       56948.000      -78294.000       16349.000      100795.000 
-12435  
-1  12  38           39.643          4           4.295         64          63.993          27.174         -54.768        5842.000       11864.000      -19258.000        4612.000        5810.000      -13106.000        1452.000       16738.000 
-12435  
-1  22  39           38.920         12          11.919         64          63.999          37.723         -39.211       43895.000       66076.000     -108401.000       14176.000       47962.000      -83317.000       26780.000       98602.000 
-12435  
-1  12  40           39.887          4           4.305         64          64.002          27.770         -54.674        6154.000       11708.000      -19752.000        3131.000        7149.000      -13384.000         119.000       16518.000 
-12435  
-1  22  41           38.793         12          11.917         64          64.003          37.457         -39.254       39433.000       68077.000     -108398.000        8442.000       52148.000      -81042.000       22090.000       98802.000 
-12435  
-1  12  42           39.843          4           4.294         64          63.996          27.540         -54.720        6330.000       11510.000      -19640.000        4164.000        6619.000      -13571.000         344.000       16215.000 
-12435  
-1  22  43           38.783         12          11.919         64          63.997          37.650         -39.230       38738.000       68719.000     -108477.000        8221.000       53220.000      -80896.000       21475.000       99292.000 
-12435  
-1  12  44           40.033          4           4.307         64          64.003          27.451         -54.557        7411.000       10559.000      -19551.000        4663.000        5894.000      -14146.000        1826.000       17287.000 
-12435  
-1  22  45           38.840         12          11.919         64          64.003          37.652         -39.213       39334.000       67685.000     -107912.000        9120.000       51449.000      -83113.000       22185.000       99994.000 
-12435  
-1  12  46           39.073          4           4.298         64          64.000          27.532         -54.514        6514.000       11395.000      -20020.000        4582.000        6222.000      -14358.000        1841.000       16612.000 
-12435  
-1  22  47           38.800         12          11.919         64          64.004          37.433         -39.239       40356.000       67616.000     -108788.000        9653.000       51335.000      -81085.000       23582.000       98918.000 
-12435  
-1  12  48           39.817          4           4.302         64          63.996          27.466         -54.530        6637.000       10826.000      -19933.000        5004.000        6026.000      -13958.000        1715.000       17225.000 
-12435  
-1  22  49           38.903         12          11.913         64          64.002          37.588         -39.195       35945.000       70055.000     -109513.000        1264.000       57460.000      -78280.000       14821.000      101102.000 
-12435  
-1  12  50           39.550          4           4.293         64          63.993          27.379         -54.556        6330.000       11406.000      -20028.000        4142.000        7008.000      -14006.000         666.000       16537.000 
-12435  
-1  22  51           38.847         12          11.921         64          64.004          37.343         -39.262       36042.000       69544.000     -108193.000        2233.000       55898.000      -79002.000       16454.000      100002.000 
-12435  
-1  12  52           39.693          4           4.302         64          63.993          27.305         -54.641        6224.000       11308.000      -19345.000        4806.000        5784.000      -14319.000        1195.000       16805.000 
-12435  
-1  22  53           38.873         12          11.919         64          64.000          37.454         -39.240       36862.000       68979.000     -109064.000        2625.000       55968.000      -78592.000       16831.000      100293.000 
-12435  
-1  12  54           39.847          4           4.293         64          64.001          27.379         -54.554        6512.000       11662.000      -19606.000        4523.000        6014.000      -14138.000        1187.000       16952.000 
-12435  
-1  22  55           38.690         12          11.914         64          64.002          37.708         -39.265       38512.000       68306.000     -108281.000        7334.000       52308.000      -80718.000       22087.000       98927.000 
-12435  
-1  12  56           39.680          4           4.307         64          63.992          27.597         -54.632        6711.000       11010.000      -19520.000        5121.000        5722.000      -14356.000        1398.000       16560.000 
-12435  
-1  22  57           38.853         12          11.919         64          63.996          37.523         -39.221       41949.000       66788.000     -107946.000       11710.000       49001.000      -83404.000       25676.000       99052.000 
-12435  
-1  12  58           39.673          4           4.298         64          63.997          27.233         -54.712        6423.000       11168.000      -19525.000        4015.000        6024.000      -14088.000         807.000       16427.000 
-12435  
-1  22  59           38.833         12          11.916         64          64.002          37.504         -39.198       35590.000       70303.000     -109572.000        1808.000       57479.000      -77953.000       15864.000      100911.000 
-12435  
-1  12  60           39.020          4           4.298         64          63.987          27.197         -54.640        5518.000       11270.000      -20106.000        3851.000        6288.000      -13874.000        1052.000       16636.000 
-12435  
-1  22  61           38.843         12          11.917         64          64.002          37.621         -39.206       33482.000       71686.000     -108919.000       -1026.000       58986.000      -76507.000       13690.000      101582.000 
-12435  
-1  12  62           39.897          4           4.302         64          63.993          27.456         -54.688        6101.000       11647.000      -19729.000        3420.000        6456.000      -13652.000          38.000       16515.000 
-12435  
-1  22  63           38.833         12          11.919         64          64.002          37.688         -39.201       37528.000       69128.000     -108971.000        4975.000       54583.000      -79169.000       20333.000      101316.000 
-12435  
-1  12  64           39.807          4           4.316         64          64.006          27.448         -54.587        6323.000       11849.000      -19783.000        4009.000        6512.000      -13624.000         922.000       16823.000 
-12435  
-1  22  65           38.887         12          11.921         64          64.000          37.540         -39.193       34786.000       71625.000     -109035.000         525.000       57709.000      -77037.000       15125.000      101763.000 
-12435  
-1  12  66           39.813          4           4.299         64          64.004          27.588         -54.639        6541.000       11585.000      -19935.000        3848.000        6491.000      -13387.000         908.000       16590.000 
-12435  
-1  22  67           38.863         12          11.919         64          64.001          37.633         -39.245       40140.000       66829.000     -108269.000        8693.000       52362.000      -80751.000       23046.000       99800.000 
-12435  
-1  12  68           39.923          4           4.310         64          63.991          27.249         -54.735        6465.000       10918.000      -19425.000        4211.000        6276.000      -13686.000         972.000       16712.000 
-12435  
-1  22  69           38.840         12          11.919         64          64.002          37.366         -39.196       39327.000       68429.000     -108866.000        8529.000       52643.000      -81515.000       21766.000      100032.000 
-12435  
-1  12  70           39.840          4           4.308         64          64.019          27.557         -54.612        6440.000       11737.000      -19834.000        4394.000        6383.000      -13785.000         494.000       16451.000 
-12435  
-1  22  71           38.927         12          11.919         64          64.001          37.479         -39.208       40334.000       67752.000     -108390.000        9018.000       51588.000      -81392.000       22467.000      100573.000 
-12435  
-1  12  72           39.973          4           4.289         64          63.997          27.229         -54.700        6475.000       11411.000      -19474.000        4166.000        6041.000      -13603.000         781.000       16750.000 
-12435  
-1  22  73           38.837         12          11.922         64          64.002          37.274         -39.240       38650.000       68016.000     -108492.000        6961.000       53599.000      -80662.000       20532.000       99662.000 
-12435  
-1  12  74           40.113          4           4.303         64          64.012          27.494         -54.582        5747.000       11804.000      -19374.000        3673.000        6870.000      -13752.000        -293.000       17417.000 
-12435  
-1  22  75           38.933         12          11.921         64          64.000          37.270         -39.248       35195.000       71282.000     -108083.000        1053.000       56945.000      -77303.000       14615.000      100845.000 
-12435  
-1  12  76           39.857          4           4.309         64          64.002          27.477         -54.550        6881.000       11290.000      -19685.000        4504.000        6652.000      -14149.000        1208.000       16754.000 
-12435  
-1  22  77           38.770         12          11.918         64          63.997          37.562         -39.211       38408.000       68398.000     -108901.000        6988.000       52770.000      -81008.000       21620.000      100238.000 
-12435  
-1  12  78           39.883          4           4.302         64          63.996          27.735         -54.548        6447.000       12014.000      -19565.000        4257.000        6786.000      -14160.000         456.000       16616.000 
-12435  
-1  22  79           38.917         12          11.918         64          64.001          37.392         -39.249       43307.000       65554.000     -107972.000       14245.000       48310.000      -82816.000       26309.000       98350.000 
-12435  
-1  12  80           39.877          4           4.304         64          63.991          27.302         -54.647        6486.000       10947.000      -19631.000        4059.000        7063.000      -13942.000         618.000       16620.000 
-12435  
-1  22  81           38.903         12          11.918         64          64.001          37.402         -39.247       40332.000       68557.000     -107682.000        9073.000       52233.000      -80940.000       22246.000       99150.000 
-12435  
-1  12  82           40.017          4           4.294         64          63.990          27.356         -54.571        6664.000       11074.000      -19966.000        4171.000        6819.000      -13734.000         485.000       16896.000 
-12435  
-1  22  83           38.857         12          11.917         64          64.002          37.445         -39.242       34421.000       71295.000     -108049.000        -136.000       57542.000      -76835.000       15479.000      101263.000 
-12435  
-1  12  84           39.947          4           4.314         64          63.996          27.793         -54.545        7096.000       11153.000      -19748.000        4488.000        6133.000      -14267.000        1112.000       16825.000 
-12435  
-1  22  85           38.760         12          11.918         64          64.003          37.528         -39.213       34529.000       70601.000     -109287.000        2140.000       57664.000      -78039.000       15607.000      100606.000 
-12435  
-1  12  86           39.607          4           4.306         64          63.998          27.439         -54.641        6477.000       11211.000      -19551.000        5143.000        6251.000      -13907.000        1523.000       16583.000 
-12435  
-1  22  87           38.833         12          11.921         64          64.001          37.560         -39.264       34665.000       70579.000     -108050.000         298.000       57613.000      -77511.000       14973.000      100259.000 
-12435  
-1  12  88           39.353          4           4.317         64          63.994          27.189         -54.637        6461.000       11509.000      -19724.000        4223.000        7163.000      -13983.000         843.000       16078.000 
-12435  
-1  22  89           38.893         12          11.918         64          64.000          37.471         -39.211       34979.000       70989.000     -109135.000        -194.000       57787.000      -76939.000       14589.000      101382.000 
-12435  
-1  12  90           39.423          4           4.290         64          64.014          27.628         -54.581        6996.000       11022.000      -19585.000        4704.000        5810.000      -14773.000        1479.000       16459.000 
-12435  
-1  22  91           38.880         12          11.917         64          64.003          37.506         -39.217       36340.000       69938.000     -109072.000         875.000       57121.000      -78113.000       15905.000      100727.000 
-12435  
-1  12  92           39.933          4           4.310         64          63.999          27.436         -54.675        6596.000       11685.000      -19233.000        4159.000        6545.000      -13974.000         705.000       16486.000 
-12435  
-1  22  93           38.930         12          11.921         64          64.000          37.277         -39.214       41847.000       67000.000     -107106.000       12567.000       48668.000      -84020.000       25191.000       99830.000 
-12435  
-1  12  94           39.977          4           4.301         64          64.003          27.505         -54.534        6496.000       11162.000      -19689.000        4115.000        6454.000      -14181.000         789.000       17275.000 
-12435  
-1  22  95           38.850         12          11.918         64          64.005          37.285         -39.197       39062.000       68540.000     -109202.000        8500.000       52016.000      -81340.000       21448.000      100225.000 
-12435  
-1  12  96           39.200          4           4.308         64          63.989          27.351         -54.605        6572.000       11012.000      -19769.000        4804.000        6344.000      -14171.000        1853.000       16505.000 
-12435  
-1  22  97           38.870         12          11.922         64          63.999          37.468         -39.194       33231.000       72652.000     -108947.000       -2530.000       59924.000      -75998.000       12396.000      101434.000 
-12435  
-1  12  98           39.513          4           4.316         64          63.992          27.458         -54.584        5964.000       11378.000      -19832.000        4213.000        6846.000      -14094.000         610.000       16688.000 
-12435  
-1  22  99           38.860         12          11.921         64          64.000          37.406         -39.202       42275.000       66046.000     -108497.000       12780.000       48744.000      -83583.000       26142.000       99375.000 
-12435  
