-1  12  1          -44.787          4           3.799         64          64.000          26.547         -55.411      -15094.000       -6694.000       -3396.000       15202.000       -2091.000       -9175.000      -16300.000        6343.000 
-12435  
-1  22  2          -41.580         12          12.215         64          64.003          22.382         -54.329       19054.000        9144.000       -5614.000      -16716.000       -4501.000       15876.000       10658.000       -4847.000 
-12435  
-1  12  3          -44.840          4           3.797         64          64.016          26.173         -55.626      -15062.000       -6316.000       -3236.000       15325.000       -2158.000       -8822.000      -15166.000        6418.000 
-12435  
-1  22  4          -42.407         12          12.224         64          64.010          22.350         -54.323       19920.000        6500.000       -7408.000      -15519.000       -1795.000       16332.000       10330.000       -7569.000 
-12435  
-1  12  5          -44.340          4           3.758         64          64.005          26.600         -55.594      -15839.000       -3826.000        -458.000       15158.000       -4606.000       -8928.000      -14622.000        7875.000 
-12435  
-1  22  6          -42.023         12          12.195         64          64.023          22.266         -54.393       20824.000        1108.000      -11934.000      -13122.000        1951.000       15524.000        8269.000       -9345.000 
-12435  
-1  12  7          -44.910          4           3.798         64          63.995          26.539         -55.622      -16022.000       -3269.000         -13.000       14836.000       -4966.000       -8475.000      -14031.000        9262.000 
-12435  
-1  22  8          -42.750         12          12.218         64          63.995          22.548         -54.425       21629.000        3578.000       -9523.000      -13710.000         637.000       15480.000        8260.000       -8598.000 
-12435  
-1  12  9          -45.060          4           3.798         64          63.974          26.365         -55.544      -16049.000       -5022.000        -984.000       15054.000       -3583.000       -8628.000      -14775.000        8146.000 
-12435  
-1  22  10          -41.990         12          12.212         64          63.998          22.204         -54.410       19931.000        6025.000       -7889.000      -15806.000       -2107.000       15257.000       10626.000       -7060.000 
-12435  
-1  12  11          -44.733          4           3.782         64          64.016          26.458         -55.521      -14902.000       -6432.000       -3255.000       15573.000       -1899.000       -8441.000      -15986.000        6317.000 
-12435  
-1  22  12          -42.087         12          12.228         64          64.007          22.845         -54.162       20880.000        5777.000       -8433.000      -15548.000       -1392.000       16145.000       10626.000       -7427.000 
-12435  
-1  12  13          -44.900          4           3.778         64          64.010          26.556         -55.437      -15579.000       -5464.000       -2260.000       15013.000       -2746.000       -8871.000      -15954.000        7771.000 
-12435  
-1  22  14          -42.537         12          12.214         64          64.031          22.358         -54.329       21700.000        1096.000      -11642.000      -13503.000        2931.000       14850.000        7734.000       -9395.000 
-12435  
-1  12  15          -44.867          4           3.775         64          64.010          26.385         -55.524      -16080.000       -4927.000        -495.000       14943.000       -3859.000       -8554.000      -15126.000        7948.000 
-12435  
-1  22  16          -43.293         12          12.223         64          64.011          22.528         -54.255       21666.000        3570.000      -10505.000      -14186.000        2233.000       15178.000        8312.000       -9431.000 
-12435  
-1  12  17          -45.293          4           3.800         64          64.001          26.567         -55.417      -16658.000       -5050.000       -1599.000       14780.000       -4002.000       -8341.000      -15196.000        8243.000 
-12435  
-1  22  18          -42.683         12          12.229         64          63.994          22.153         -54.393       21357.000        4902.000       -9090.000      -14416.000         457.000       15298.000        9214.000       -7757.000 
-12435  
-1  12  19          -44.347          4           3.777         64          63.984          26.493         -55.558      -15384.000       -4870.000       -1318.000       15397.000       -2683.000       -8857.000      -15469.000        7437.000 
-12435  
-1  22  20          -42.693         12          12.231         64          63.989          22.448         -54.378       19979.000        7143.000       -8507.000      -15027.000        -945.000       15964.000       10077.000       -6958.000 
-12435  
-1  12  21          -44.713          4           3.804         64          64.017          26.683         -55.385      -15652.000       -6070.000       -1992.000       15229.000       -3085.000       -8909.000      -16201.000        6796.000 
-12435  
-1  22  22          -41.477         12          12.208         64          63.994          22.372         -54.490       19862.000        2843.000      -11061.000      -13441.000         245.000       16150.000        9691.000       -8009.000 
-12435  
-1  12  23          -44.940          4           3.803         64          64.014          26.459         -55.635      -15788.000       -5236.000       -1433.000       14654.000       -3310.000       -9242.000      -14655.000        7711.000 
-12435  
-1  22  24          -42.153         12          12.213         64          63.987          22.711         -54.176       21659.000        3036.000      -10421.000      -14753.000         648.000       15891.000        8629.000       -8773.000 
-12435  
-1  12  25          -44.730          4           3.766         64          64.004          26.478         -55.581      -16484.000       -4088.000       -1488.000       14707.000       -3603.000       -8350.000      -14877.000        7985.000 
-12435  
-1  22  26          -41.937         12          12.211         64          64.020          22.535         -54.278       20859.000        4920.000       -8323.000      -15671.000        -603.000       16120.000        9535.000       -7446.000 
-12435  
-1  12  27          -44.803          4           3.785         64          63.978          26.643         -55.581      -15638.000       -4790.000        -935.000       15312.000       -3244.000       -9035.000      -14580.000        8194.000 
-12435  
-1  22  28          -42.193         12          12.215         64          64.009          22.649         -54.382       21124.000        4746.000       -8977.000      -15035.000        -417.000       15357.000        9126.000       -7634.000 
-12435  
-1  12  29          -44.333          4           3.780         64          64.006          26.448         -55.587      -15687.000       -4514.000       -1831.000       15499.000       -2694.000       -8779.000      -14974.000        7420.000 
-12435  
-1  22  30          -42.583         12          12.235         64          64.002          22.525         -54.307       22065.000        2537.000      -10569.000      -13543.000        2081.000       14820.000        9274.000       -8641.000 
-12435  
-1  12  31          -44.763          4           3.820         64          64.017          26.288         -55.467      -15944.000       -6157.000       -2522.000       15168.000       -2463.000       -8810.000      -15575.000        6575.000 
-12435  
-1  22  32          -41.943         12          12.224         64          63.974          22.448         -54.260       20125.000        6460.000       -7842.000      -16053.000        -872.000       16179.000       10782.000       -6416.000 
-12435  
-1  12  33          -45.080          4           3.796         64          63.993          26.476         -55.507      -15848.000       -6122.000       -1724.000       14894.000       -2925.000       -8957.000      -15313.000        7282.000 
-12435  
-1  22  34          -42.280         12          12.205         64          63.999          22.383         -54.431       20288.000        5333.000       -9657.000      -14230.000         520.000       15985.000        9852.000       -7157.000 
-12435  
-1  12  35          -44.560          4           3.824         64          63.999          26.430         -55.413      -16570.000       -4535.000        -749.000       15264.000       -3274.000       -8704.000      -15200.000        7939.000 
-12435  
-1  22  36          -41.650         12          12.212         64          63.998          22.658         -54.015       21577.000        5026.000       -9631.000      -15129.000       -1016.000       16974.000       10080.000       -7161.000 
-12435  
-1  12  37          -44.947          4           3.784         64          63.987          26.526         -55.541      -15581.000       -5277.000       -1644.000       15046.000       -4242.000       -9029.000      -15056.000        7551.000 
-12435  
-1  22  38          -42.240         12          12.197         64          63.997          22.248         -54.429       19087.000        6368.000       -7241.000      -16072.000       -1780.000       15785.000       10837.000       -7420.000 
-12435  
-1  12  39          -44.383          4           3.804         64          64.006          26.634         -55.491      -16206.000       -4292.000        -801.000       15238.000       -3789.000       -9410.000      -14671.000        7814.000 
-12435  
-1  22  40          -42.183         12          12.205         64          64.006          22.129         -54.545       20628.000        5194.000       -8023.000      -15027.000        -572.000       15163.000        9315.000       -7121.000 
-12435  
-1  12  41          -44.640          4           3.805         64          63.992          26.333         -55.635      -15751.000       -5085.000       -1274.000       14552.000       -3091.000       -8982.000      -15231.000        7382.000 
-12435  
-1  22  42          -41.947         12          12.210         64          63.985          22.914         -54.156       21560.000         989.000      -11748.000      -13807.000        2596.000       15688.000        9019.000       -9263.000 
-12435  
-1  12  43          -44.767          4           3.783         64          64.006          26.507         -55.361      -16213.000       -5860.000       -1874.000       15227.000       -2379.000       -8863.000      -15838.000        7246.000 
-12435  
-1  22  44          -42.533         12          12.209         64          63.993          22.440         -54.393       20895.000        4161.000       -9927.000      -14209.000         528.000       15671.000        8952.000       -8346.000 
-12435  
-1  12  45          -44.857          4           3.804         64          64.006          26.565         -55.502      -15849.000       -5631.000       -1908.000       15023.000       -2622.000       -8750.000      -15518.000        7378.000 
-12435  
-1  22  46          -41.627         12          12.187         64          64.003          22.410         -54.245       21858.000        4053.000       -9587.000      -15034.000         168.000       15830.000        8910.000       -6911.000 
-12435  
-1  12  47          -44.947          4           3.780         64          64.004          26.205         -55.592      -15767.000       -5095.000       -1176.000       14419.000       -3822.000       -8454.000      -15589.000        7723.000 
-12435  
-1  22  48          -42.430         12          12.229         64          63.994          22.240         -54.634       20493.000        5183.000       -8450.000      -14437.000         300.000       15478.000        8411.000       -7129.000 
-12435  
-1  12  49          -45.037          4           3.798         64          64.026          26.536         -55.607      -15099.000       -5854.000       -1743.000       15139.000       -2761.000       -8793.000      -15275.000        7541.000 
-12435  
-1  22  50          -42.010         12          12.224         64          63.999          22.205         -54.405       20922.000        5834.000       -8527.000      -15375.000        -929.000       15303.000        9331.000       -6620.000 
-12435  
-1  12  51          -44.483          4           3.798         64          63.989          26.500         -55.514      -15292.000       -5145.000       -1040.000       15116.000       -3587.000       -9292.000      -15618.000        7442.000 
-12435  
-1  22  52          -41.937         12          12.214         64          63.995          22.422         -54.585       20079.000        4645.000       -9582.000      -14500.000         -42.000       15597.000        8943.000       -7086.000 
-12435  
-1  12  53          -44.920          4           3.782         64          64.000          26.638         -55.560      -15577.000       -5546.000       -1921.000       15123.000       -3015.000       -8959.000      -15097.000        7484.000 
-12435  
-1  22  54          -42.237         12          12.209         64          64.018          22.424         -54.413       20642.000        4040.000       -9988.000      -13906.000        1181.000       15613.000       10175.000       -7770.000 
-12435  
-1  12  55          -44.767          4           3.814         64          64.008          26.324         -55.664      -14945.000       -5375.000       -1450.000       15029.000       -3095.000       -9345.000      -14953.000        7583.000 
-12435  
-1  22  56          -42.160         12          12.208         64          64.010          22.590         -54.129       20924.000        4785.000       -9429.000      -15666.000         357.000       16041.000       10337.000       -7926.000 
-12435  
-1  12  57          -45.013          4           3.783         64          63.995          26.667         -55.561      -15854.000       -5695.000       -1686.000       15095.000       -2933.000       -8380.000      -15214.000        7352.000 
-12435  
-1  22  58          -41.977         12          12.218         64          63.989          22.047         -54.529       20014.000        4691.000       -9234.000      -14818.000        -515.000       15361.000        9812.000       -7385.000 
-12435  
-1  12  59          -44.503          4           3.790         64          64.011          26.386         -55.547      -16269.000       -4730.000        -683.000       14811.000       -3757.000       -8770.000      -15149.000        7360.000 
-12435  
-1  22  60          -41.710         12          12.215         64          64.006          22.444         -54.336       21375.000        2248.000      -11060.000      -13662.000         958.000       15737.000        8973.000       -8078.000 
-12435  
-1  12  61          -44.753          4           3.777         64          63.999          26.332         -55.603      -15467.000       -5149.000       -1748.000       15431.000       -3571.000       -8858.000      -14762.000        7365.000 
-12435  
-1  22  62          -42.147         12          12.214         64          63.993          22.509         -54.317       20877.000        4977.000       -9040.000      -15089.000         422.000       15970.000        9574.000       -7301.000 
-12435  
-1  12  63          -44.617          4           3.795         64          63.997          26.401         -55.546      -15436.000       -5782.000       -1156.000       15333.000       -2453.000       -8455.000      -15725.000        7003.000 
-12435  
-1  22  64          -42.450         12          12.233         64          64.002          22.341         -54.287       21356.000        3012.000      -10211.000      -14451.000        1283.000       15445.000        8998.000       -8895.000 
-12435  
-1  12  65          -44.827          4           3.813         64          64.004          26.642         -55.358      -15760.000       -5646.000       -1608.000       15656.000       -3028.000       -8981.000      -15635.000        7653.000 
-12435  
-1  22  66          -42.637         12          12.214         64          63.999          22.244         -54.435       21874.000        2010.000      -10542.000      -13276.000        2411.000       14898.000        8064.000       -8725.000 
-12435  
-1  12  67          -44.503          4           3.816         64          63.983          26.623         -55.453      -16518.000       -4734.000       -1549.000       15431.000       -3447.000       -8938.000      -14821.000        7333.000 
-12435  
-1  22  68          -42.250         12          12.218         64          64.006          22.124         -54.446       20470.000        5204.000       -8039.000      -15860.000        -109.000       14722.000       10217.000       -7258.000 
-12435  
-1  12  69          -44.797          4           3.794         64          64.003          26.649         -55.496      -15900.000       -4888.000        -946.000       14960.000       -3922.000       -9261.000      -15012.000        8007.000 
-12435  
-1  22  70          -42.260         12          12.219         64          63.995          22.479         -54.377       20803.000        6212.000       -8881.000      -15314.000        -349.000       15536.000        9107.000       -6711.000 
-12435  
-1  12  71          -45.017          4           3.781         64          64.006          26.656         -55.429      -15988.000       -5596.000       -1554.000       15110.000       -3376.000       -9002.000      -15355.000        7749.000 
-12435  
-1  22  72          -41.843         12          12.220         64          64.002          22.374         -54.407       20888.000        6373.000       -7798.000      -14968.000       -1900.000       15575.000       10087.000       -6040.000 
-12435  
-1  12  73          -44.927          4           3.787         64          64.016          26.267         -55.584      -15839.000       -5247.000       -1197.000       15097.000       -3101.000       -8545.000      -14966.000        7735.000 
-12435  
-1  22  74          -42.333         12          12.236         64          64.015          22.143         -54.531       21346.000        2506.000      -10587.000      -13609.000        2719.000       14701.000        8327.000       -7877.000 
-12435  
-1  12  75          -45.203          4           3.819         64          64.009          26.518         -55.354      -16057.000       -5904.000       -1519.000       15358.000       -3597.000       -9079.000      -15280.000        7873.000 
-12435  
-1  22  76          -42.190         12          12.220         64          63.990          22.202         -54.470       20479.000        4887.000       -9118.000      -14730.000        -346.000       15697.000        9064.000       -7596.000 
-12435  
-1  12  77          -44.733          4           3.785         64          64.019          26.671         -55.617      -15686.000       -5352.000       -2075.000       14815.000       -2993.000       -9016.000      -15089.000        7151.000 
-12435  
-1  22  78          -42.130         12          12.237         64          64.009          22.328         -54.400       20729.000        3838.000       -9711.000      -14477.000         637.000       15305.000       10127.000       -7913.000 
-12435  
-1  12  79          -44.683          4           3.771         64          64.010          26.516         -55.460      -15517.000       -5312.000       -1299.000       15484.000       -3955.000       -8758.000      -15580.000        7342.000 
-12435  
-1  22  80          -42.037         12          12.222         64          64.017          22.427         -54.368       20763.000        4198.000       -8445.000      -15477.000          33.000       15641.000        9577.000       -7795.000 
-12435  
-1  12  81          -44.737          4           3.769         64          63.995          26.420         -55.512      -16176.000       -4629.000        -572.000       15064.000       -4443.000       -8797.000      -14838.000        7823.000 
-12435  
-1  22  82          -41.027         12          12.245         64          64.012          22.336         -54.335       19541.000        5631.000       -7888.000      -16585.000       -1477.000       16322.000       10566.000       -5876.000 
-12435  
-1  12  83          -45.077          4           3.810         64          64.008          26.434         -55.347      -16178.000       -6015.000       -1714.000       15505.000       -3195.000       -8967.000      -15321.000        7529.000 
-12435  
-1  22  84          -41.653         12          12.220         64          64.004          22.464         -54.336       19984.000        6668.000       -7775.000      -15894.000       -2542.000       16138.000       10114.000       -6261.000 
-12435  
-1  12  85          -44.710          4           3.788         64          64.006          26.645         -55.513      -16062.000       -4379.000        -613.000       14669.000       -4157.000       -8930.000      -15201.000        8231.000 
-12435  
-1  22  86          -41.667         12          12.232         64          64.007          22.399         -54.365       20275.000        3927.000       -9756.000      -14845.000         796.000       16371.000        9661.000       -7310.000 
-12435  
-1  12  87          -44.797          4           3.813         64          64.015          26.640         -55.525      -15724.000       -5169.000       -1703.000       15666.000       -3596.000       -9119.000      -14519.000        7546.000 
-12435  
-1  22  88          -42.230         12          12.203         64          64.014          22.482         -54.241       20429.000        6878.000       -8445.000      -15720.000       -1131.000       15810.000       10596.000       -6658.000 
-12435  
-1  12  89          -45.247          4           3.791         64          64.012          26.440         -55.570      -15362.000       -5909.000       -1584.000       15456.000       -3291.000       -8509.000      -14925.000        7665.000 
-12435  
-1  22  90          -42.627         12          12.222         64          64.023          22.185         -54.595       20998.000        2164.000      -11900.000      -12621.000        2173.000       14654.000        7512.000       -8687.000 
-12435  
-1  12  91          -44.707          4           3.797         64          63.995          26.626         -55.406      -16132.000       -5506.000       -1931.000       15286.000       -2821.000       -8869.000      -15596.000        7272.000 
-12435  
-1  22  92          -42.110         12          12.220         64          63.996          22.399         -54.299       20916.000        3697.000      -10260.000      -14666.000         879.000       15782.000        9348.000       -8148.000 
-12435  
-1  12  93          -44.563          4           3.794         64          64.005          26.425         -55.484      -15826.000       -4927.000       -1139.000       15655.000       -3505.000       -8991.000      -14930.000        7582.000 
-12435  
-1  22  94          -41.880         12          12.213         64          64.000          22.699         -54.186       21151.000        4522.000       -9750.000      -14674.000         998.000       16565.000       10120.000       -7075.000 
-12435  
-1  12  95          -44.900          4           3.792         64          64.004          26.375         -55.478      -15992.000       -5252.000       -1681.000       15261.000       -3387.000       -8894.000      -15063.000        7703.000 
-12435  
-1  22  96          -41.403         12          12.229         64          64.028          22.105         -54.582       20043.000        5987.000       -7607.000      -14999.000       -2164.000       15663.000        9847.000       -5798.000 
-12435  
-1  12  97          -44.803          4           3.792         64          64.005          26.410         -55.465      -16453.000       -5090.000        -969.000       14977.000       -3733.000       -9169.000      -14823.000        7674.000 
-12435  
-1  22  98          -41.787         12          12.231         64          64.012          22.365         -54.343       21478.000        2305.000      -11208.000      -13870.000        1477.000       15618.000        8360.000       -7915.000 
-12435  
-1  12  99          -44.817          4           3.785         64          64.018          26.581         -55.485      -15665.000       -5533.000       -2010.000       15277.000       -3376.000       -8995.000      -15343.000        7291.000 
-12435  
