-1  12  1            4.930          4           4.304         64          64.001          51.146         -23.326       45616.000     -532111.000      158588.000     -590095.000      152141.000     -604457.000      382444.000     -526390.000 
-12435  
-1  22  2            4.967         12          11.960         64          64.000          43.016         -33.594     -143454.000      -69286.000     -154051.000     -111670.000     -158604.000     -109602.000     -104664.000     -168902.000 
-12435  
-1  12  3            4.930          4           4.304         64          64.001          51.085         -23.324       96376.000     -525778.000      215202.000     -571574.000      209378.000     -587239.000      431660.000     -486969.000 
-12435  
-1  22  4            4.980         12          11.960         64          64.000          42.994         -33.582     -142489.000      -70367.000     -152884.000     -114177.000     -158418.000     -111281.000     -101345.000     -170838.000 
-12435  
-1  12  5            4.927          4           4.304         64          64.003          50.941         -23.326       88725.000     -526810.000      206849.000     -574536.000      200892.000     -590219.000      423748.000     -493806.000 
-12435  
-1  22  6            4.970         12          11.961         64          64.003          42.908         -33.566     -141567.000      -73413.000     -150660.000     -116935.000     -156172.000     -113999.000      -99440.000     -173298.000 
-12435  
-1  12  7            4.927          4           4.304         64          64.004          51.025         -23.327       98477.000     -525096.000      216930.000     -570563.000      211297.000     -586235.000      432666.000     -486127.000 
-12435  
-1  22  8            4.967         12          11.961         64          64.000          42.844         -33.579     -141545.000      -72214.000     -150897.000     -115553.000     -156383.000     -113423.000     -101263.000     -172524.000 
-12435  
-1  12  9            4.927          4           4.304         64          64.002          51.074         -23.327       56053.000     -531119.000      170114.000     -586884.000      163514.000     -601642.000      391984.000     -518765.000 
-12435  
-1  22  10            4.957         12          11.960         64          63.999          42.986         -33.586     -142703.000      -71719.000     -152827.000     -114625.000     -157271.000     -111128.000     -101923.000     -170309.000 
-12435  
-1  12  11            4.930          4           4.304         64          64.000          50.467         -23.329       89236.000     -526586.000      206462.000     -574295.000      201339.000     -589997.000      424069.000     -492915.000 
-12435  
-1  22  12            4.963         12          11.960         64          64.000          42.858         -33.582     -133895.000      -86707.000     -139217.000     -131109.000     -143772.000     -128132.000      -82378.000     -180855.000 
-12435  
-1  12  13            4.927          4           4.304         64          64.003          50.591         -23.327       77161.000     -528372.000      193400.000     -579231.000      187770.000     -594298.000      412577.000     -503071.000 
-12435  
-1  22  14            4.973         12          11.960         64          64.002          42.969         -33.579     -141206.000      -73231.000     -151976.000     -116250.000     -155860.000     -114418.000      -99471.000     -171845.000 
-12435  
-1  12  15            4.927          4           4.304         64          64.004          51.292         -23.326       62459.000     -530238.000      177010.000     -584280.000      170867.000     -599583.000      398508.000     -514630.000 
-12435  
-1  22  16            4.977         12          11.959         64          64.000          42.711         -33.573     -142456.000      -73429.000     -150782.000     -115743.000     -155759.000     -113956.000      -99924.000     -172797.000 
-12435  
-1  12  17            4.930          4           4.304         64          64.003          50.852         -23.330       61595.000     -530393.000      176730.000     -584267.000      170343.000     -599696.000      397944.000     -513939.000 
-12435  
-1  22  18            4.983         12          11.961         64          63.999          42.963         -33.580     -142255.000      -71967.000     -152419.000     -114691.000     -157128.000     -112719.000     -100255.000     -171551.000 
-12435  
-1  12  19            4.927          4           4.304         64          64.002          50.864         -23.325      101941.000     -524260.000      220382.000     -569659.000      216269.000     -585357.000      435334.000     -482915.000 
-12435  
-1  22  20            4.970         12          11.961         64          64.000          42.884         -33.583     -149448.000      -55650.000     -164107.000      -97824.000     -168586.000      -94457.000     -118833.000     -158728.000 
-12435  
-1  12  21            4.930          4           4.304         64          64.004          50.839         -23.326       76945.000     -528741.000      193218.000     -579520.000      187819.000     -595008.000      412407.000     -502371.000 
-12435  
-1  22  22            4.960         12          11.960         64          64.001          42.706         -33.587     -138464.000      -79785.000     -146013.000     -122074.000     -150975.000     -119923.000      -92438.000     -175947.000 
-12435  
-1  12  23            4.930          4           4.304         64          64.002          50.781         -23.323       94396.000     -526078.000      212393.000     -572837.000      207363.000     -588190.000      429252.000     -489082.000 
-12435  
-1  22  24            4.947         12          11.957         64          64.002          42.983         -33.563     -138863.000      -77213.000     -147831.000     -121508.000     -153179.000     -118476.000      -95715.000     -175235.000 
-12435  
-1  12  25            4.927          4           4.304         64          64.001          50.673         -23.324       85240.000     -527690.000      202784.000     -576760.000      197004.000     -591573.000      420183.000     -496111.000 
-12435  
-1  22  26            4.967         12          11.961         64          64.000          42.908         -33.588     -142752.000      -71155.000     -153275.000     -113120.000     -157279.000     -111242.000     -102824.000     -170286.000 
-12435  
-1  12  27            4.930          4           4.304         64          64.001          50.496         -23.326       74280.000     -529092.000      190834.000     -580214.000      184945.000     -595477.000      410116.000     -504609.000 
-12435  
-1  22  28            4.950         12          11.959         64          64.003          42.798         -33.564     -140461.000      -74743.000     -150715.000     -116993.000     -155837.000     -115463.000      -99630.000     -172986.000 
-12435  
-1  12  29            4.927          4           4.304         64          64.003          50.598         -23.324       87334.000     -527056.000      205230.000     -575327.000      199265.000     -591320.000      422741.000     -494357.000 
-12435  
-1  22  30            4.990         12          11.963         64          64.001          43.290         -33.555     -149914.000      -56812.000     -163913.000      -98351.000     -167889.000      -96257.000     -118086.000     -160747.000 
-12435  
-1  12  31            4.927          4           4.304         64          64.003          50.915         -23.326       71312.000     -528777.000      186527.000     -581592.000      180772.000     -596818.000      406994.000     -507955.000 
-12435  
-1  22  32            4.977         12          11.960         64          64.001          42.966         -33.584     -138231.000      -78551.000     -147000.000     -121750.000     -152340.000     -119174.000      -91778.000     -176118.000 
-12435  
-1  12  33            4.930          4           4.304         64          64.002          50.887         -23.324       63956.000     -531081.000      179194.000     -584241.000      172923.000     -599067.000      399900.000     -512677.000 
-12435  
-1  22  34            4.963         12          11.959         64          63.998          42.741         -33.551     -149307.000      -54867.000     -164799.000      -97433.000     -169748.000      -94283.000     -120994.000     -159072.000 
-12435  
-1  12  35            4.927          4           4.304         64          64.002          51.094         -23.325       86757.000     -527293.000      204255.000     -575766.000      198298.000     -590923.000      421670.000     -495393.000 
-12435  
-1  22  36            4.967         12          11.959         64          64.002          42.983         -33.592     -134688.000      -84530.000     -140669.000     -128804.000     -145420.000     -127202.000      -85015.000     -179047.000 
-12435  
-1  12  37            4.930          4           4.304         64          64.001          51.697         -23.321      105906.000     -524228.000      225474.000     -568026.000      220579.000     -583411.000      440102.000     -479171.000 
-12435  
-1  22  38            4.963         12          11.960         64          64.004          42.947         -33.595     -143346.000      -68022.000     -155320.000     -111904.000     -159117.000     -107994.000     -105351.000     -168234.000 
-12435  
-1  12  39            4.927          4           4.304         64          64.001          50.631         -23.324       80756.000     -528106.000      197738.000     -577950.000      191501.000     -593594.000      416247.000     -500107.000 
-12435  
-1  22  40            4.967         12          11.960         64          64.003          42.880         -33.572     -143199.000      -70520.000     -154481.000     -111929.000     -159149.000     -110384.000     -103554.000     -169751.000 
-12435  
-1  12  41            4.927          4           4.304         64          64.000          51.278         -23.327       84795.000     -527590.000      201153.000     -576452.000      196016.000     -591815.000      419350.000     -497175.000 
-12435  
-1  22  42            4.987         12          11.960         64          64.001          42.930         -33.573     -144778.000      -67452.000     -156469.000     -108764.000     -160494.000     -108132.000     -106656.000     -168111.000 
-12435  
-1  12  43            4.927          4           4.304         64          64.000          50.617         -23.322       90442.000     -527453.000      208036.000     -574532.000      202310.000     -589515.000      424758.000     -492921.000 
-12435  
-1  22  44            4.947         12          11.959         64          64.001          43.181         -33.566     -141400.000      -74155.000     -150849.000     -118124.000     -155102.000     -114358.000      -99950.000     -172583.000 
-12435  
-1  12  45            4.930          4           4.304         64          64.002          51.136         -23.324       73416.000     -529100.000      189896.000     -580759.000      184777.000     -595529.000      409329.000     -505758.000 
-12435  
-1  22  46            4.957         12          11.962         64          64.001          42.888         -33.583     -140933.000      -73332.000     -151924.000     -115748.000     -156744.000     -112500.000      -99817.000     -172271.000 
-12435  
-1  12  47            4.927          4           4.304         64          64.002          50.520         -23.324       71194.000     -529803.000      187128.000     -581448.000      180663.000     -596876.000      406885.000     -507472.000 
-12435  
-1  22  48            4.977         12          11.959         64          64.001          42.774         -33.574     -142374.000      -71718.000     -152519.000     -114891.000     -156979.000     -112085.000     -101128.000     -171903.000 
-12435  
-1  12  49            4.927          4           4.304         64          64.001          51.546         -23.324       71766.000     -529532.000      187757.000     -581162.000      181227.000     -596844.000      407773.000     -507117.000 
-12435  
-1  22  50            4.967         12          11.960         64          63.999          42.724         -33.578     -141981.000      -72033.000     -151944.000     -115444.000     -157482.000     -112648.000     -100571.000     -171384.000 
-12435  
-1  12  51            4.930          4           4.304         64          64.002          51.363         -23.324       78229.000     -528601.000      194928.000     -578862.000      189398.000     -594260.000      413905.000     -501845.000 
-12435  
-1  22  52            4.957         12          11.960         64          64.000          42.824         -33.584     -136008.000      -82078.000     -143998.000     -125451.000     -149068.000     -122480.000      -88676.000     -178151.000 
-12435  
-1  12  53            4.930          4           4.304         64          64.002          51.057         -23.325       98646.000     -525529.000      216988.000     -570630.000      212065.000     -586526.000      432857.000     -485525.000 
-12435  
-1  22  54            4.980         12          11.960         64          64.002          42.873         -33.564     -142694.000      -70711.000     -153632.000     -113372.000     -157797.000     -112441.000     -103004.000     -170889.000 
-12435  
-1  12  55            4.927          4           4.304         64          64.001          50.988         -23.320       97268.000     -525451.000      215866.000     -571781.000      210760.000     -587603.000      431691.000     -487039.000 
-12435  
-1  22  56            4.953         12          11.960         64          64.000          43.159         -33.548     -142519.000      -71652.000     -152971.000     -115523.000     -158848.000     -112107.000     -101845.000     -171290.000 
-12435  
-1  12  57            4.930          4           4.304         64          64.002          51.457         -23.326       83194.000     -527982.000      200192.000     -576848.000      194514.000     -592121.000      418624.000     -498153.000 
-12435  
-1  22  58            4.970         12          11.959         64          64.003          42.942         -33.562     -142721.000      -70455.000     -153881.000     -113600.000     -158436.000     -110117.000     -103355.000     -171507.000 
-12435  
-1  12  59            4.927          4           4.304         64          64.002          50.816         -23.322       95575.000     -526129.000      213259.000     -572547.000      207951.000     -588140.000      429852.000     -488500.000 
-12435  
-1  22  60            4.957         12          11.960         64          64.001          43.021         -33.580     -140788.000      -74973.000     -149769.000     -118682.000     -154509.000     -115968.000      -97895.000     -172619.000 
-12435  
-1  12  61            4.930          4           4.304         64          64.002          51.561         -23.322      108812.000     -523372.000      228374.000     -566385.000      223462.000     -582670.000      442638.000     -476940.000 
-12435  
-1  22  62            4.947         12          11.960         64          64.002          42.970         -33.582     -145376.000      -65233.000     -157026.000     -106609.000     -163429.000     -104600.000     -110325.000     -165464.000 
-12435  
-1  12  63            4.927          4           4.304         64          64.000          50.659         -23.321       66759.000     -530410.000      182297.000     -583310.000      176495.000     -598545.000      402669.000     -511185.000 
-12435  
-1  22  64            4.970         12          11.962         64          64.002          43.031         -33.567     -143253.000      -69352.000     -154645.000     -112078.000     -160034.000     -110253.000     -104015.000     -169376.000 
-12435  
-1  12  65            4.927          4           4.304         64          63.999          50.746         -23.325       62158.000     -530906.000      177019.000     -584173.000      170340.000     -599898.000      398605.000     -514420.000 
-12435  
-1  22  66            4.963         12          11.961         64          64.001          42.958         -33.556     -144167.000      -68305.000     -155072.000     -110665.000     -160944.000     -108205.000     -106373.000     -169635.000 
-12435  
-1  12  67            4.927          4           4.304         64          64.001          51.005         -23.324       80004.000     -528231.000      196663.000     -578595.000      190390.000     -593830.000      415479.000     -500716.000 
-12435  
-1  22  68            4.980         12          11.961         64          64.002          43.059         -33.554     -138121.000      -79812.000     -146762.000     -123547.000     -151248.000     -121386.000      -90998.000     -177110.000 
-12435  
-1  12  69            4.930          4           4.304         64          64.001          51.207         -23.326       69905.000     -529841.000      185279.000     -581924.000      179240.000     -596951.000      405789.000     -508378.000 
-12435  
-1  22  70            4.973         12          11.958         64          64.000          42.866         -33.574     -138370.000      -78444.000     -146930.000     -122202.000     -151920.000     -119873.000      -92486.000     -176213.000 
-12435  
-1  12  71            4.927          4           4.304         64          64.002          50.599         -23.327       80256.000     -527974.000      197104.000     -577775.000      191580.000     -593696.000      415402.000     -500225.000 
-12435  
-1  22  72            4.957         12          11.958         64          63.998          42.830         -33.559     -136309.000      -84586.000     -141628.000     -128074.000     -147472.000     -125781.000      -86334.000     -179224.000 
-12435  
-1  12  73            4.930          4           4.304         64          64.001          51.223         -23.325       70163.000     -529512.000      185108.000     -581986.000      180227.000     -597493.000      405710.000     -508336.000 
-12435  
-1  22  74            4.970         12          11.961         64          64.002          42.891         -33.576     -142460.000      -70165.000     -153581.000     -113721.000     -158048.000     -110837.000     -103204.000     -170711.000 
-12435  
-1  12  75            4.927          4           4.304         64          64.001          50.954         -23.325       84256.000     -527929.000      200950.000     -577252.000      195178.000     -591910.000      419183.000     -497106.000 
-12435  
-1  22  76            4.957         12          11.959         64          64.000          42.916         -33.580     -142386.000      -71876.000     -151795.000     -115159.000     -157334.000     -112376.000     -101605.000     -170980.000 
-12435  
-1  12  77            4.930          4           4.304         64          64.001          51.219         -23.325       93314.000     -526166.000      210842.000     -573396.000      206007.000     -588493.000      427754.000     -489833.000 
-12435  
-1  22  78            4.993         12          11.960         64          64.001          42.639         -33.582     -136316.000      -82107.000     -143387.000     -125323.000     -147637.000     -124910.000      -87567.000     -178785.000 
-12435  
-1  12  79            4.927          4           4.304         64          64.002          50.960         -23.321       89466.000     -526568.000      207041.000     -575202.000      201969.000     -590490.000      424248.000     -493489.000 
-12435  
-1  22  80            4.983         12          11.961         64          64.002          42.993         -33.570     -142286.000      -72639.000     -152370.000     -114101.000     -156580.000     -114089.000     -100932.000     -171835.000 
-12435  
-1  12  81            4.927          4           4.304         64          64.002          50.657         -23.324       68922.000     -530085.000      184135.000     -582694.000      177500.000     -597701.000      404769.000     -508942.000 
-12435  
-1  22  82            4.987         12          11.958         64          64.002          42.988         -33.572     -141440.000      -73892.000     -151049.000     -115310.000     -155450.000     -114727.000      -99311.000     -173682.000 
-12435  
-1  12  83            4.933          4           4.304         64          64.002          51.167         -23.324       87208.000     -527229.000      205201.000     -575217.000      199574.000     -590950.000      423251.000     -494109.000 
-12435  
-1  22  84            4.953         12          11.963         64          63.999          42.783         -33.568     -148732.000      -58227.000     -163261.000      -98994.000     -167700.000      -95601.000     -118427.000     -160666.000 
-12435  
-1  12  85            4.930          4           4.304         64          64.003          50.788         -23.326       72478.000     -529397.000      189119.000     -580834.000      183419.000     -596176.000      408394.000     -505868.000 
-12435  
-1  22  86            4.940         12          11.960         64          64.000          43.035         -33.566     -136054.000      -82878.000     -143882.000     -125714.000     -149062.000     -123839.000      -89484.000     -177994.000 
-12435  
-1  12  87            4.927          4           4.304         64          64.003          51.791         -23.326       81201.000     -528359.000      198005.000     -577752.000      191810.000     -593212.000      416587.000     -499387.000 
-12435  
-1  22  88            4.970         12          11.960         64          64.001          42.810         -33.556     -145394.000      -66372.000     -157404.000     -107833.000     -162023.000     -106444.000     -109055.000     -167420.000 
-12435  
-1  12  89            4.930          4           4.304         64          64.002          51.383         -23.321       88286.000     -526814.000      206044.000     -575443.000      200524.000     -590675.000      423872.000     -494081.000 
-12435  
-1  22  90            4.960         12          11.961         64          64.002          42.760         -33.558     -143746.000      -69565.000     -155537.000     -111343.000     -160166.000     -108939.000     -105257.000     -169341.000 
-12435  
-1  12  91            4.930          4           4.304         64          64.000          51.047         -23.324       96104.000     -525194.000      214661.000     -571629.000      209900.000     -587860.000      430994.000     -487409.000 
-12435  
-1  22  92            4.953         12          11.962         64          64.003          42.877         -33.570     -139553.000      -78069.000     -147391.000     -121014.000     -152668.000     -118007.000      -94953.000     -175564.000 
-12435  
-1  12  93            4.927          4           4.304         64          64.001          51.676         -23.327       94331.000     -525402.000      212154.000     -572378.000      206674.000     -587929.000      428970.000     -489710.000 
-12435  
-1  22  94            4.960         12          11.960         64          64.001          43.030         -33.584     -139970.000      -74473.000     -150306.000     -117010.000     -155045.000     -114987.000      -99082.000     -173390.000 
-12435  
-1  12  95            4.927          4           4.304         64          64.002          51.126         -23.325       86139.000     -527290.000      202947.000     -576027.000      197638.000     -591723.000      420868.000     -495982.000 
-12435  
-1  22  96            4.967         12          11.959         64          64.001          42.937         -33.588     -138031.000      -79083.000     -145447.000     -123074.000     -150847.000     -120088.000      -91864.000     -176651.000 
-12435  
-1  12  97            4.930          4           4.304         64          64.002          50.985         -23.327       76508.000     -528332.000      193105.000     -579217.000      187743.000     -594295.000      412671.000     -503419.000 
-12435  
-1  22  98            4.980         12          11.960         64          63.999          42.829         -33.582     -131199.000      -90329.000     -135852.000     -134052.000     -139761.000     -132593.000      -77174.000     -183699.000 
-12435  
-1  12  99            4.927          4           4.304         64          64.003          50.891         -23.330       77158.000     -528341.000      192693.000     -579057.000      187047.000     -594181.000      412442.000     -503094.000 
-12435  
