-1  22  1          -36.000         12          12.041         64          63.986          33.280         -43.504      -55836.000       16281.000       50068.000       37716.000       -1814.000      -66206.000      -44437.000       20980.000 
-12435  
-1  12  2            3.723          4           3.939         64          63.985          17.328         -64.881        -114.000        4853.000        6083.000        1767.000         293.000        -174.000        1684.000        6011.000 
-12435  
-1  22  3          -36.040         12          12.045         64          63.994          33.454         -43.449      -54938.000       19713.000       51922.000       35503.000       -6527.000      -65719.000      -43988.000       25142.000 
-12435  
-1  12  4            3.843          4           3.986         64          64.018          17.625         -64.515        -468.000        4736.000        6124.000        1353.000         -11.000         466.000        2113.000        6720.000 
-12435  
-1  22  5          -36.010         12          12.052         64          64.012          33.205         -43.473      -55159.000       18789.000       52150.000       34997.000       -6811.000      -66888.000      -42294.000       23725.000 
-12435  
-1  12  6            3.833          4           3.973         64          63.964          17.342         -64.787        -133.000        4502.000        6185.000        1843.000        -121.000         636.000        2383.000        6083.000 
-12435  
-1  22  7          -35.997         12          12.046         64          64.005          33.330         -43.460      -52730.000       23661.000       55044.000       32446.000      -10692.000      -65528.000      -41410.000       26619.000 
-12435  
-1  12  8            4.363          4           3.988         64          64.040          17.706         -64.639         532.000        4604.000        6305.000         998.000        -308.000          19.000        2665.000        6265.000 
-12435  
-1  22  9          -36.020         12          12.048         64          63.995          33.019         -43.483      -53350.000       23312.000       53960.000       31846.000      -11260.000      -65246.000      -41667.000       27282.000 
-12435  
-1  12  10            3.333          4           3.884         64          63.993          17.005         -64.842         126.000        4827.000        6196.000         875.000         597.000         426.000        2631.000        5812.000 
-12435  
-1  22  11          -36.023         12          12.049         64          63.992          33.372         -43.507      -56828.000       14749.000       48121.000       39892.000        -309.000      -66081.000      -44227.000       20620.000 
-12435  
-1  12  12            3.353          4           3.980         64          63.983          17.374         -64.768        -528.000        4966.000        5898.000        1479.000         137.000         316.000        1911.000        6309.000 
-12435  
-1  22  13          -36.000         12          12.049         64          64.002          33.191         -43.457      -55657.000       17419.000       50893.000       37451.000       -3539.000      -66405.000      -44181.000       22327.000 
-12435  
-1  12  14            3.567          4           3.913         64          63.983          16.935         -65.000        -275.000        4201.000        5834.000        1522.000         -30.000         169.000        2505.000        6295.000 
-12435  
-1  22  15          -36.000         12          12.044         64          64.002          33.185         -43.420      -54654.000       20995.000       52392.000       34318.000       -6820.000      -67153.000      -43336.000       24596.000 
-12435  
-1  12  16            2.863          4           3.900         64          63.995          17.172         -64.972          96.000        4533.000        6007.000        1468.000         243.000         359.000        3062.000        5682.000 
-12435  
-1  22  17          -36.000         12          12.046         64          64.005          33.191         -43.455      -55459.000       19083.000       51453.000       36768.000       -4792.000      -65901.000      -44012.000       23003.000 
-12435  
-1  12  18            3.447          4           3.924         64          64.063          16.952         -65.057         338.000        4509.000        6127.000        1078.000        -134.000         230.000        3004.000        5519.000 
-12435  
-1  22  19          -36.003         12          12.044         64          63.999          33.322         -43.377      -57161.000       16118.000       49487.000       39751.000       -1364.000      -66858.000      -45634.000       20476.000 
-12435  
-1  12  20            3.587          4           3.934         64          64.004          17.018         -64.997        -202.000        4622.000        6141.000        1247.000         352.000         645.000        2300.000        5793.000 
-12435  
-1  22  21          -36.017         12          12.052         64          63.999          33.307         -43.447      -55809.000       15748.000       49732.000       38808.000       -2778.000      -66393.000      -45610.000       21464.000 
-12435  
-1  12  22            3.340          4           3.889         64          64.006          17.214         -64.819        -279.000        4233.000        5882.000        1269.000         471.000          -2.000        2647.000        6543.000 
-12435  
-1  22  23          -36.000         12          12.048         64          64.011          33.394         -43.458      -55488.000       18801.000       51883.000       36154.000       -5210.000      -66159.000      -43689.000       22778.000 
-12435  
-1  12  24            2.327          4           3.936         64          63.962          17.433         -64.817        -254.000        4906.000        5975.000        1685.000         303.000         -33.000        2762.000        5823.000 
-12435  
-1  22  25          -36.013         12          12.045         64          64.005          33.151         -43.468      -56201.000       17263.000       50242.000       37719.000       -4215.000      -66419.000      -43898.000       21645.000 
-12435  
-1  12  26            3.000          4           3.977         64          63.993          16.671         -65.181        -102.000        4460.000        5751.000        1253.000          30.000          -1.000        2752.000        5814.000 
-12435  
-1  22  27          -36.000         12          12.049         64          64.002          33.509         -43.428      -54406.000       22862.000       53991.000       33286.000       -8713.000      -66155.000      -41404.000       26274.000 
-12435  
-1  12  28            3.117          4           3.963         64          63.977          17.277         -64.793           6.000        4483.000        5791.000        1154.000         292.000        -168.000        2883.000        6442.000 
-12435  
-1  22  29          -36.020         12          12.042         64          63.998          33.302         -43.452      -55955.000       16565.000       50013.000       37979.000       -3905.000      -66973.000      -44148.000       22005.000 
-12435  
-1  12  30            2.997          4           3.911         64          64.011          17.402         -64.790         319.000        4832.000        6271.000        1202.000         111.000        -152.000        2974.000        5644.000 
-12435  
-1  22  31          -36.000         12          12.049         64          64.004          33.321         -43.487      -54508.000       19040.000       51906.000       35762.000       -5241.000      -66380.000      -43021.000       24021.000 
-12435  
-1  12  32            3.327          4           3.925         64          64.000          17.212         -64.771        -289.000        5005.000        6031.000        1345.000         -87.000         345.000        2312.000        6052.000 
-12435  
-1  22  33          -36.003         12          12.044         64          64.004          33.084         -43.471      -56111.000       16140.000       50063.000       39413.000       -1789.000      -66052.000      -43865.000       21488.000 
-12435  
-1  12  34            2.790          4           3.920         64          64.022          17.154         -64.795          18.000        4983.000        5911.000        1405.000         141.000         -13.000        2737.000        5965.000 
-12435  
-1  22  35          -36.033         12          12.043         64          64.001          33.213         -43.413      -55800.000       20538.000       52630.000       35252.000       -7553.000      -65921.000      -42983.000       24745.000 
-12435  
-1  12  36            4.217          4           3.901         64          63.965          17.053         -64.991         284.000        4275.000        6179.000        1436.000        -329.000         395.000        2623.000        5871.000 
-12435  
-1  22  37          -36.003         12          12.046         64          63.997          33.166         -43.471      -53628.000       22862.000       53980.000       32973.000      -10185.000      -65569.000      -41630.000       26137.000 
-12435  
-1  12  38            3.380          4           3.912         64          64.008          17.144         -64.890        -131.000        4725.000        5957.000        1288.000         175.000          46.000        2344.000        6127.000 
-12435  
-1  22  39          -36.000         12          12.044         64          64.004          33.193         -43.523      -52652.000       23799.000       54137.000       30813.000      -10257.000      -65663.000      -40694.000       27577.000 
-12435  
-1  12  40            3.530          4           3.976         64          64.005          17.693         -64.356          81.000        5166.000        6187.000        1473.000         387.000         204.000        2262.000        6597.000 
-12435  
-1  22  41          -36.020         12          12.047         64          64.001          33.327         -43.396      -57250.000       14785.000       49150.000       40290.000       -1133.000      -67201.000      -44517.000       20814.000 
-12435  
-1  12  42            2.877          4           3.944         64          64.013          17.368         -64.798        -589.000        4684.000        5643.000        1395.000         -42.000         420.000        2579.000        6470.000 
-12435  
-1  22  43          -36.000         12          12.048         64          63.996          33.175         -43.487      -55565.000       16863.000       49737.000       38075.000       -2311.000      -66575.000      -44181.000       21959.000 
-12435  
-1  12  44            3.153          4           3.940         64          64.013          17.100         -64.749         214.000        4788.000        5781.000        1563.000         303.000         356.000        2723.000        6284.000 
-12435  
-1  22  45          -36.017         12          12.048         64          63.999          33.317         -43.490      -51490.000       27472.000       56244.000       28308.000      -15920.000      -64021.000      -39189.000       29967.000 
-12435  
-1  12  46            2.667          4           3.902         64          64.000          17.029         -64.888        -417.000        4648.000        5842.000        1167.000         591.000         435.000        2780.000        6090.000 
-12435  
-1  22  47          -36.007         12          12.052         64          64.005          33.120         -43.417      -53485.000       25893.000       55562.000       28963.000      -14338.000      -65851.000      -40252.000       27909.000 
-12435  
-1  12  48            2.943          4           3.905         64          63.993          16.984         -64.930          -7.000        4943.000        6077.000         881.000         182.000         207.000        2790.000        5623.000 
-12435  
-1  22  49          -36.000         12          12.044         64          64.000          33.330         -43.403      -57341.000       17012.000       49888.000       39092.000       -1513.000      -66507.000      -44813.000       20372.000 
-12435  
-1  12  50            4.337          4           3.944         64          63.986          17.155         -64.993         240.000        4675.000        6146.000        1212.000        -509.000         445.000        2313.000        5762.000 
-12435  
-1  22  51          -36.010         12          12.054         64          64.002          33.213         -43.430      -56748.000       15511.000       49036.000       39752.000       -1261.000      -66492.000      -45392.000       20620.000 
-12435  
-1  12  52            3.743          4           3.936         64          64.005          17.085         -64.813         377.000        5092.000        5878.000        1528.000        -235.000         918.000        2458.000        5873.000 
-12435  
-1  22  53          -36.017         12          12.046         64          64.004          33.507         -43.521      -55913.000       15843.000       50255.000       38078.000       -2265.000      -65886.000      -43394.000       21793.000 
-12435  
-1  12  54            2.967          4           3.940         64          63.959          17.250         -64.667        -150.000        4976.000        5981.000        1723.000        -214.000         -17.000        2640.000        6117.000 
-12435  
-1  22  55          -36.003         12          12.046         64          64.003          33.149         -43.455      -53483.000       23539.000       55095.000       30714.000      -12088.000      -65816.000      -40912.000       26985.000 
-12435  
-1  12  56            4.153          4           3.956         64          64.023          17.374         -64.722          90.000        5059.000        6086.000        1203.000        -135.000         438.000        1974.000        6199.000 
-12435  
-1  22  57          -36.010         12          12.048         64          64.003          33.132         -43.473      -54756.000       20712.000       52488.000       34535.000       -7731.000      -65952.000      -42547.000       24888.000 
-12435  
-1  12  58            3.813          4           3.989         64          64.035          16.996         -64.882          93.000        4465.000        5934.000        1206.000         404.000         592.000        2508.000        6273.000 
-12435  
-1  22  59          -36.007         12          12.049         64          64.003          33.321         -43.471      -55557.000       17465.000       51284.000       36037.000       -4971.000      -66649.000      -43856.000       22549.000 
-12435  
-1  12  60            3.690          4           3.914         64          64.024          17.035         -64.947        -112.000        4760.000        6332.000        1177.000         148.000         227.000        2219.000        5663.000 
-12435  
-1  22  61          -36.050         12          12.051         64          64.005          33.238         -43.474      -56060.000       14909.000       49621.000       38977.000       -2398.000      -66301.000      -44582.000       21822.000 
-12435  
-1  12  62            4.107          4           3.944         64          63.986          17.075         -64.791         270.000        4631.000        6222.000         720.000         117.000        -351.000        2363.000        6201.000 
-12435  
-1  22  63          -36.003         12          12.053         64          64.003          33.233         -43.442      -55195.000       19303.000       52568.000       35339.000       -6974.000      -66429.000      -43138.000       23721.000 
-12435  
-1  12  64            3.490          4           3.941         64          63.968          16.958         -64.934         111.000        4830.000        5742.000        1779.000         -96.000          67.000        2218.000        6093.000 
-12435  
-1  22  65          -36.017         12          12.048         64          63.994          33.147         -43.433      -52326.000       25429.000       55891.000       29358.000      -14469.000      -65273.000      -40498.000       29389.000 
-12435  
-1  12  66            3.387          4           3.915         64          64.001          17.112         -65.089        -200.000        5041.000        5772.000         905.000        -101.000         163.000        2145.000        5810.000 
-12435  
-1  22  67          -36.040         12          12.042         64          64.001          33.157         -43.498      -55655.000       18611.000       50729.000       36165.000       -5489.000      -65815.000      -43518.000       23481.000 
-12435  
-1  12  68            4.857          4           3.918         64          64.060          17.328         -64.525         602.000        4386.000        6597.000        1445.000        -145.000          66.000        2375.000        6379.000 
-12435  
-1  22  69          -36.007         12          12.052         64          64.003          33.288         -43.458      -54631.000       21563.000       53592.000       33005.000       -8114.000      -66138.000      -41885.000       25650.000 
-12435  
-1  12  70            3.487          4           3.906         64          63.965          17.616         -64.789        -353.000        4687.000        6371.000         781.000        -199.000         146.000        2696.000        5861.000 
-12435  
-1  22  71          -36.000         12          12.047         64          64.014          33.185         -43.507      -55411.000       17575.000       50739.000       36983.000       -3675.000      -65844.000      -43942.000       22383.000 
-12435  
-1  12  72            3.863          4           3.898         64          64.030          16.778         -65.165         260.000        4549.000        5968.000        1311.000         185.000         692.000        2382.000        5656.000 
-12435  
-1  22  73          -36.000         12          12.046         64          64.007          33.204         -43.491      -55347.000       18776.000       51703.000       35647.000       -5500.000      -66242.000      -43166.000       22625.000 
-12435  
-1  12  74            3.060          4           3.927         64          64.010          17.600         -64.675          67.000        4959.000        5861.000        1355.000        -375.000         532.000        3065.000        6097.000 
-12435  
-1  22  75          -36.007         12          12.042         64          64.001          33.489         -43.452      -56749.000       15733.000       50417.000       38203.000       -2778.000      -66588.000      -44066.000       20721.000 
-12435  
-1  12  76            3.933          4           3.901         64          64.036          17.439         -64.632         220.000        5023.000        6029.000         973.000        -162.000         488.000        2451.000        6325.000 
-12435  
-1  22  77          -36.003         12          12.047         64          64.001          33.324         -43.460      -55137.000       17872.000       51408.000       36813.000       -5071.000      -66912.000      -43150.000       23071.000 
-12435  
-1  12  78            2.857          4           3.968         64          64.022          17.305         -64.737        -311.000        5250.000        6078.000        1359.000          76.000         226.000        2403.000        5827.000 
-12435  
-1  22  79          -36.023         12          12.048         64          64.001          33.297         -43.459      -55277.000       18957.000       52943.000       35885.000       -6949.000      -66052.000      -41852.000       24282.000 
-12435  
-1  12  80            4.617          4           3.932         64          63.988          17.190         -64.789         258.000        4160.000        6358.000        1176.000         423.000         893.000        2509.000        6208.000 
-12435  
-1  22  81          -36.003         12          12.044         64          64.009          33.100         -43.513      -54320.000       21846.000       53293.000       33054.000       -8932.000      -65444.000      -41506.000       25236.000 
-12435  
-1  12  82            2.603          4           3.949         64          63.967          17.237         -64.744          94.000        4853.000        6299.000        1518.000          34.000         397.000        3253.000        5459.000 
-12435  
-1  22  83          -36.007         12          12.045         64          64.001          33.226         -43.528      -55992.000       17106.000       50760.000       36879.000       -3478.000      -65483.000      -43508.000       21849.000 
-12435  
-1  12  84            3.093          4           3.930         64          64.018          16.984         -65.102        -410.000        4255.000        5368.000        1859.000        -287.000         424.000        2560.000        6350.000 
-12435  
-1  22  85          -36.023         12          12.040         64          63.997          33.438         -43.437      -56385.000       16374.000       49325.000       37641.000       -2918.000      -67402.000      -44681.000       22032.000 
-12435  
-1  12  86            3.127          4           3.957         64          64.002          17.442         -64.713        -303.000        5095.000        6075.000         980.000         627.000          39.000        2123.000        6166.000 
-12435  
-1  22  87          -36.040         12          12.049         64          63.996          33.335         -43.530      -55508.000       18431.000       51444.000       35316.000       -5340.000      -65198.000      -43303.000       23637.000 
-12435  
-1  12  88            3.573          4           3.876         64          64.016          16.846         -65.082         465.000        4600.000        5505.000        1428.000         -49.000         276.000        2621.000        6121.000 
-12435  
-1  22  89          -36.013         12          12.049         64          64.006          33.086         -43.494      -53223.000       25123.000       54362.000       30796.000      -11882.000      -64817.000      -40619.000       28034.000 
-12435  
-1  12  90            2.860          4           3.979         64          63.966          17.629         -64.618         -33.000        5052.000        5759.000        1890.000         460.000         884.000        2589.000        6264.000 
-12435  
-1  22  91          -36.000         12          12.043         64          64.005          33.189         -43.475      -55123.000       18545.000       51497.000       36732.000       -4248.000      -65663.000      -44563.000       22563.000 
-12435  
-1  12  92            4.067          4           3.988         64          64.027          17.193         -64.942         138.000        4633.000        6029.000        1508.000        -120.000         581.000        2237.000        5990.000 
-12435  
-1  22  93          -35.997         12          12.045         64          64.002          33.293         -43.446      -54151.000       21226.000       53712.000       33384.000       -7946.000      -66599.000      -42594.000       24652.000 
-12435  
-1  12  94            3.050          4           3.988         64          64.014          17.248         -64.772        -540.000        4647.000        5990.000        1385.000         -85.000         472.000        2677.000        6190.000 
-12435  
-1  22  95          -36.010         12          12.042         64          64.003          33.284         -43.482      -54409.000       21587.000       53257.000       33280.000       -9254.000      -65867.000      -41749.000       25420.000 
-12435  
-1  12  96            3.640          4           3.966         64          64.012          17.366         -64.513         119.000        5364.000        6084.000        1444.000          94.000         843.000        2215.000        6193.000 
-12435  
-1  22  97          -36.017         12          12.045         64          63.996          33.263         -43.412      -56947.000       16353.000       50080.000       39192.000       -2424.000      -66162.000      -45010.000       21238.000 
-12435  
-1  12  98            3.323          4           3.924         64          64.003          17.425         -64.717        -131.000        4806.000        5967.000        1389.000        -161.000         639.000        2735.000        6179.000 
-12435  
-1  22  99          -36.000         12          12.045         64          64.003          33.325         -43.430      -55683.000       18715.000       51818.000       36364.000       -4737.000      -66958.000      -42943.000       23374.000 
-12435  
