-1  22  1            7.040         12          11.954         64          64.001          43.691         -32.400      168027.000         162.000      204696.000       80660.000      195960.000       87859.000      143606.000      196397.000 
-12435  
-1  12  2            7.003          4           4.308         64          63.999          50.436         -25.267     -222200.000      327464.000     -409392.000      290738.000     -402219.000      264806.000     -546908.000       27061.000 
-12435  
-1  22  3            7.070         12          11.956         64          63.999          43.949         -32.414      167327.000        9049.000      199747.000       91070.000      189729.000       99720.000      131705.000      204483.000 
-12435  
-1  12  4            7.000          4           4.307         64          64.001          50.549         -25.265     -223762.000      326153.000     -410222.000      289546.000     -403316.000      263670.000     -547259.000       25353.000 
-12435  
-1  22  5            7.053         12          11.954         64          63.999          43.978         -32.403      167679.000        6187.000      201629.000       88384.000      192352.000       95466.000      135486.000      201831.000 
-12435  
-1  12  6            7.007          4           4.308         64          64.005          51.107         -25.271     -221356.000      327781.000     -407915.000      291806.000     -401484.000      265262.000     -547042.000       28031.000 
-12435  
-1  22  7            7.053         12          11.953         64          64.002          44.181         -32.398      167448.000       16018.000      196147.000       98749.000      185674.000      106685.000      124847.000      209928.000 
-12435  
-1  12  8            7.003          4           4.308         64          64.003          50.566         -25.267     -206584.000      337779.000     -394226.000      310527.000     -389036.000      284256.000     -544770.000       53497.000 
-12435  
-1  22  9            7.047         12          11.955         64          63.997          44.022         -32.400      168162.000        -781.000      204959.000       79004.000      195037.000       87836.000      145443.000      196252.000 
-12435  
-1  12  10            7.007          4           4.308         64          64.002          50.189         -25.275     -212518.000      333406.000     -399671.000      302806.000     -394063.000      275980.000     -545579.000       42916.000 
-12435  
-1  22  11            7.050         12          11.956         64          63.997          43.989         -32.390      167540.000      -13893.000      210449.000       61712.000      202946.000       71525.000      160333.000      184439.000 
-12435  
-1  12  12            7.003          4           4.308         64          64.002          50.965         -25.266     -235478.000      318086.000     -420485.000      273792.000     -412756.000      248633.000     -547632.000        4709.000 
-12435  
-1  22  13            7.043         12          11.953         64          64.003          43.852         -32.400      166981.000      -13705.000      210775.000       62601.000      201745.000       72171.000      160461.000      184059.000 
-12435  
-1  12  14            7.003          4           4.307         64          64.002          50.779         -25.269     -215866.000      331891.000     -403036.000      298680.000     -396608.000      272446.000     -546483.000       37886.000 
-12435  
-1  22  15            7.040         12          11.955         64          64.000          43.827         -32.396      168042.000        2657.000      203919.000       83551.000      193820.000       90733.000      141359.000      198846.000 
-12435  
-1  12  16            7.003          4           4.308         64          64.003          50.394         -25.265     -214254.000      333356.000     -401927.000      300414.000     -395545.000      274421.000     -546482.000       40518.000 
-12435  
-1  22  17            7.050         12          11.957         64          63.999          43.851         -32.415      167041.000       17520.000      195183.000      100642.000      184607.000      107444.000      122365.000      210461.000 
-12435  
-1  12  18            7.007          4           4.307         64          64.002          50.898         -25.268     -214035.000      333041.000     -401489.000      300879.000     -395767.000      274368.000     -545965.000       40786.000 
-12435  
-1  22  19            7.047         12          11.956         64          64.001          44.183         -32.425      167227.000        6236.000      202053.000       87327.000      190794.000       94578.000      136592.000      201201.000 
-12435  
-1  12  20            7.007          4           4.307         64          64.003          50.480         -25.270     -226247.000      324958.000     -411757.000      285895.000     -405087.000      259742.000     -547520.000       20313.000 
-12435  
-1  22  21            7.040         12          11.953         64          64.002          44.010         -32.399      167976.000       -6993.000      208486.000       71865.000      198451.000       80307.000      152396.000      189870.000 
-12435  
-1  12  22            7.003          4           4.308         64          64.003          50.685         -25.262     -231419.000      321980.000     -417260.000      279709.000     -409045.000      254327.000     -547455.000       12191.000 
-12435  
-1  22  23            7.043         12          11.950         64          64.000          43.800         -32.387      168690.000       -3163.000      207178.000       76412.000      196745.000       84826.000      148099.000      193535.000 
-12435  
-1  12  24            7.007          4           4.308         64          64.000          50.382         -25.267     -234514.000      318608.000     -419421.000      275118.000     -411776.000      249921.000     -547903.000        5751.000 
-12435  
-1  22  25            7.047         12          11.954         64          64.001          43.896         -32.378      167364.000      -17066.000      212631.000       58392.000      203987.000       67662.000      163902.000      181379.000 
-12435  
-1  12  26            7.003          4           4.308         64          63.999          50.446         -25.263     -241680.000      313658.000     -425979.000      265242.000     -417715.000      239739.000     -548250.000       -5944.000 
-12435  
-1  22  27            7.057         12          11.954         64          64.002          43.915         -32.409      168173.000        3102.000      203999.000       84381.000      193139.000       92236.000      139077.000      198576.000 
-12435  
-1  12  28            7.007          4           4.308         64          64.001          50.125         -25.261     -221263.000      328099.000     -408419.000      291904.000     -401598.000      266002.000     -547987.000       28419.000 
-12435  
-1  22  29            7.060         12          11.954         64          64.004          44.012         -32.400      167701.000       11581.000      198221.000       95667.000      188341.000      103508.000      128730.000      206223.000 
-12435  
-1  12  30            7.007          4           4.307         64          64.001          50.447         -25.272     -207134.000      336859.000     -394674.000      308538.000     -389750.000      282783.000     -545378.000       51437.000 
-12435  
-1  22  31            7.060         12          11.953         64          64.001          43.963         -32.403      167972.000        7057.000      201104.000       89237.000      190969.000       97001.000      134445.000      202980.000 
-12435  
-1  12  32            7.003          4           4.307         64          64.001          50.366         -25.266     -207788.000      337337.000     -395747.000      308314.000     -389870.000      282890.000     -545172.000       51143.000 
-12435  
-1  22  33            7.033         12          11.955         64          64.000          44.171         -32.377      168769.000       -3842.000      206296.000       75918.000      197913.000       83444.000      149719.000      193836.000 
-12435  
-1  12  34            7.003          4           4.307         64          64.002          50.405         -25.269     -215593.000      331530.000     -402949.000      299012.000     -396946.000      272955.000     -546068.000       37662.000 
-12435  
-1  22  35            7.057         12          11.955         64          64.000          44.204         -32.401      167713.000        7377.000      201772.000       88118.000      190312.000       97950.000      135793.000      202526.000 
-12435  
-1  12  36            7.003          4           4.308         64          64.003          50.746         -25.268     -234115.000      319431.000     -419192.000      275549.000     -411285.000      250068.000     -547632.000        7166.000 
-12435  
-1  22  37            7.057         12          11.954         64          64.002          43.939         -32.384      168907.000         397.000      204641.000       80716.000      194774.000       89254.000      143252.000      198224.000 
-12435  
-1  12  38            7.007          4           4.307         64          64.002          50.123         -25.259     -216583.000      331299.000     -404386.000      298345.000     -397342.000      272037.000     -547380.000       36051.000 
-12435  
-1  22  39            7.043         12          11.955         64          64.002          43.886         -32.412      167716.000       -1017.000      205007.000       77916.000      195511.000       87097.000      145961.000      195209.000 
-12435  
-1  12  40            7.003          4           4.307         64          64.000          50.762         -25.265     -232242.000      320210.000     -418084.000      277746.000     -410293.000      252275.000     -548009.000       10014.000 
-12435  
-1  22  41            7.033         12          11.953         64          64.003          43.894         -32.415      167477.000       13672.000      197904.000       95880.000      186633.000      103228.000      128828.000      206590.000 
-12435  
-1  12  42            7.000          4           4.307         64          64.000          50.603         -25.265     -213606.000      333079.000     -401425.000      301862.000     -395095.000      275485.000     -546062.000       42186.000 
-12435  
-1  22  43            7.053         12          11.954         64          64.002          44.145         -32.395      168545.000        6833.000      202125.000       88425.000      191640.000       95907.000      135187.000      202091.000 
-12435  
-1  12  44            7.000          4           4.308         64          64.001          50.254         -25.268     -217245.000      330883.000     -404482.000      296937.000     -397901.000      271415.000     -546311.000       35821.000 
-12435  
-1  22  45            7.037         12          11.954         64          64.003          44.035         -32.396      167960.000        7382.000      201741.000       88906.000      191505.000       95856.000      135982.000      202258.000 
-12435  
-1  12  46            7.003          4           4.307         64          64.003          50.185         -25.268     -226346.000      324980.000     -412066.000      285804.000     -405407.000      260020.000     -547177.000       21229.000 
-12435  
-1  22  47            7.040         12          11.953         64          64.004          43.893         -32.418      166402.000       15729.000      195837.000       99095.000      185950.000      105945.000      125116.000      208894.000 
-12435  
-1  12  48            7.007          4           4.307         64          64.002          50.322         -25.263     -218469.000      329530.000     -405888.000      295324.000     -399442.000      269578.000     -547472.000       32633.000 
-12435  
-1  22  49            7.047         12          11.955         64          64.000          44.326         -32.394      168535.000        1994.000      203789.000       83064.000      194023.000       90413.000      141582.000      198806.000 
-12435  
-1  12  50            7.003          4           4.308         64          64.000          50.443         -25.265     -209656.000      335670.000     -396749.000      307109.000     -391391.000      280578.000     -546113.000       48304.000 
-12435  
-1  22  51            7.043         12          11.954         64          64.004          43.920         -32.394      168596.000       -1126.000      206190.000       78532.000      195797.000       86872.000      145625.000      194952.000 
-12435  
-1  12  52            7.000          4           4.307         64          64.002          50.476         -25.266     -221650.000      327817.000     -408602.000      291485.000     -402109.000      266397.000     -546369.000       28295.000 
-12435  
-1  22  53            7.053         12          11.954         64          64.003          43.976         -32.402      167645.000       11333.000      199350.000       94245.000      188155.000      101630.000      129852.000      206023.000 
-12435  
-1  12  54            7.003          4           4.307         64          64.001          50.309         -25.265     -213062.000      333821.000     -400577.000      302396.000     -394578.000      276093.000     -546144.000       42837.000 
-12435  
-1  22  55            7.043         12          11.954         64          64.001          44.168         -32.399      166789.000       18691.000      194873.000      102794.000      184052.000      109665.000      121509.000      211240.000 
-12435  
-1  12  56            7.007          4           4.307         64          64.003          50.591         -25.267     -207969.000      336924.000     -395557.000      308496.000     -390119.000      282218.000     -545490.000       50177.000 
-12435  
-1  22  57            7.043         12          11.956         64          64.000          43.845         -32.406      168637.000      -10341.000      209159.000       67025.000      200014.000       76315.000      155948.000      186550.000 
-12435  
-1  12  58            7.003          4           4.307         64          64.003          50.675         -25.264     -221984.000      327441.000     -409151.000      290884.000     -402280.000      265671.000     -547157.000       27378.000 
-12435  
-1  22  59            7.050         12          11.954         64          63.999          44.234         -32.401      167568.000      -12164.000      210219.000       64240.000      201548.000       73670.000      157817.000      185543.000 
-12435  
-1  12  60            7.007          4           4.308         64          64.004          50.641         -25.269     -224286.000      326159.000     -411163.000      288081.000     -403673.000      261630.000     -547146.000       23257.000 
-12435  
-1  22  61            7.057         12          11.954         64          64.001          43.904         -32.403      168206.000         476.000      204956.000       80376.000      194869.000       90002.000      143057.000      196352.000 
-12435  
-1  12  62            7.007          4           4.307         64          64.003          50.340         -25.266     -224126.000      326213.000     -410801.000      288579.000     -403656.000      261863.000     -547647.000       23185.000 
-12435  
-1  22  63            7.063         12          11.954         64          64.000          43.895         -32.411      167280.000        5616.000      201998.000       87078.000      191527.000       95220.000      136278.000      202011.000 
-12435  
-1  12  64            7.003          4           4.307         64          64.002          50.654         -25.270     -229258.000      322446.000     -414805.000      282382.000     -407213.000      256757.000     -547106.000       15594.000 
-12435  
-1  22  65            7.047         12          11.955         64          64.001          43.902         -32.416      168558.000         300.000      203841.000       80342.000      193665.000       88584.000      143754.000      197093.000 
-12435  
-1  12  66            7.007          4           4.307         64          64.001          50.423         -25.271     -231071.000      320661.000     -416904.000      279078.000     -409707.000      253568.000     -547167.000       11228.000 
-12435  
-1  22  67            7.037         12          11.955         64          64.002          43.946         -32.411      166783.000       18671.000      194542.000      101354.000      185397.000      108080.000      121749.000      210608.000 
-12435  
-1  12  68            7.003          4           4.308         64          64.001          50.510         -25.263     -211748.000      334783.000     -399695.000      303856.000     -393797.000      277377.000     -546095.000       44692.000 
-12435  
-1  22  69            7.030         12          11.954         64          64.001          43.922         -32.413      168485.000        1210.000      204522.000       80922.000      194827.000       88597.000      143404.000      195707.000 
-12435  
-1  12  70            7.007          4           4.308         64          64.003          50.623         -25.274     -228217.000      323404.000     -413864.000      282123.000     -406838.000      256949.000     -547311.000       16312.000 
-12435  
-1  22  71            7.067         12          11.955         64          64.001          44.162         -32.377      169013.000        5704.000      201852.000       87463.000      192818.000       95847.000      135877.000      202791.000 
-12435  
-1  12  72            7.007          4           4.308         64          64.003          50.638         -25.266     -229448.000      322959.000     -415089.000      282235.000     -407854.000      256162.000     -547165.000       15069.000 
-12435  
-1  22  73            7.047         12          11.955         64          64.000          43.919         -32.396      167837.000       11423.000      199526.000       93107.000      189642.000      101162.000      130455.000      205283.000 
-12435  
-1  12  74            7.003          4           4.307         64          64.004          50.787         -25.265     -227468.000      323430.000     -413747.000      284031.000     -406691.000      258774.000     -547694.000       18192.000 
-12435  
-1  22  75            7.047         12          11.953         64          63.999          43.975         -32.404      166127.000       20996.000      193554.000      104941.000      182842.000      111615.000      118207.000      213088.000 
-12435  
-1  12  76            7.003          4           4.308         64          64.002          50.501         -25.266     -208787.000      336741.000     -397402.000      306968.000     -391000.000      280607.000     -545423.000       49432.000 
-12435  
-1  22  77            7.047         12          11.955         64          64.000          43.914         -32.414      166400.000       20173.000      193030.000      103956.000      183449.000      111016.000      119032.000      212323.000 
-12435  
-1  12  78            7.000          4           4.308         64          64.001          50.615         -25.269     -220394.000      328355.000     -407326.000      293177.000     -400333.000      266987.000     -547034.000       30674.000 
-12435  
-1  22  79            7.057         12          11.953         64          64.001          43.848         -32.411      167928.000        3227.000      203236.000       84092.000      192562.000       91782.000      139440.000      199950.000 
-12435  
-1  12  80            7.003          4           4.307         64          64.003          50.781         -25.264     -228552.000      323464.000     -414656.000      283028.000     -407167.000      257251.000     -547684.000       16842.000 
-12435  
-1  22  81            7.050         12          11.953         64          64.000          44.347         -32.408      167703.000        1047.000      204328.000       82248.000      193596.000       90731.000      142545.000      197425.000 
-12435  
-1  12  82            7.003          4           4.307         64          64.002          50.785         -25.263     -231978.000      320660.000     -417623.000      278991.000     -409761.000      253365.000     -547941.000       10384.000 
-12435  
-1  22  83            7.057         12          11.954         64          64.000          43.926         -32.384      167598.000      -17198.000      212808.000       59554.000      203082.000       68382.000      162823.000      181610.000 
-12435  
-1  12  84            7.003          4           4.307         64          64.002          50.005         -25.267     -218342.000      329683.000     -405456.000      295771.000     -399322.000      270087.000     -546502.000       33162.000 
-12435  
-1  22  85            7.053         12          11.956         64          64.001          44.179         -32.388      168116.000       14662.000      196972.000       98365.000      186655.000      105951.000      126015.000      208764.000 
-12435  
-1  12  86            7.003          4           4.308         64          64.002          50.726         -25.260     -232396.000      320171.000     -418179.000      278299.000     -410554.000      253000.000     -548166.000        9937.000 
-12435  
-1  22  87            7.043         12          11.953         64          63.999          43.764         -32.388      167724.000       14786.000      196882.000       98497.000      187925.000      105629.000      125945.000      208145.000 
-12435  
-1  12  88            7.003          4           4.308         64          64.002          50.125         -25.269     -207624.000      337357.000     -395220.000      308496.000     -389605.000      282420.000     -545332.000       51559.000 
-12435  
-1  22  89            7.057         12          11.954         64          64.000          43.761         -32.411      166395.000       20344.000      193633.000      105087.000      181564.000      112016.000      118440.000      212896.000 
-12435  
-1  12  90            7.000          4           4.308         64          64.001          50.356         -25.267     -221574.000      327773.000     -408098.000      292128.000     -401141.000      266263.000     -547030.000       28848.000 
-12435  
-1  22  91            7.060         12          11.956         64          64.001          43.986         -32.387      168827.000        2150.000      203889.000       84221.000      194035.000       91827.000      139981.000      199153.000 
-12435  
-1  12  92            7.000          4           4.308         64          64.001          50.258         -25.265     -235368.000      317937.000     -420653.000      274500.000     -412160.000      248648.000     -547914.000        5437.000 
-12435  
-1  22  93            7.063         12          11.954         64          64.002          43.938         -32.398      167991.000        3770.000      202683.000       84701.000      193280.000       92899.000      138498.000      200955.000 
-12435  
-1  12  94            7.007          4           4.307         64          64.002          50.535         -25.264     -220815.000      328694.000     -407599.000      292592.000     -401309.000      267031.000     -547068.000       29291.000 
-12435  
-1  22  95            7.047         12          11.956         64          64.003          44.133         -32.415      168195.000         258.000      203846.000       80980.000      194087.000       89545.000      143572.000      196603.000 
-12435  
-1  12  96            7.003          4           4.308         64          64.001          50.270         -25.265     -221845.000      328138.000     -408770.000      290676.000     -401778.000      265411.000     -547521.000       27887.000 
-12435  
-1  22  97            7.043         12          11.953         64          64.002          43.929         -32.417      167548.000        1059.000      204984.000       81050.000      194639.000       89216.000      142711.000      195911.000 
-12435  
-1  12  98            7.007          4           4.308         64          64.000          50.896         -25.268     -221488.000      327807.000     -409025.000      291836.000     -401717.000      264911.000     -546716.000       27600.000 
-12435  
-1  22  99            7.047         12          11.953         64          64.002          43.870         -32.395      168628.000        3356.000      203685.000       83150.000      194001.000       91713.000      140391.000      198903.000 
-12435  
