-1  12  1          -11.320          4           4.320         64          64.001          38.143         -43.559       66867.000       23525.000       39844.000      -22488.000       34078.000      -53191.000      -17440.000      -50217.000 
-12435  
-1  22  2          -10.997         12          12.042         64          64.000          41.431         -35.126     -128143.000     -116518.000     -123278.000       24491.000     -140277.000       99313.000      -21529.000      146123.000 
-12435  
-1  12  3          -11.277          4           4.323         64          63.996          38.066         -43.598       65337.000       25380.000       40466.000      -21136.000       36002.000      -52067.000      -15833.000      -50550.000 
-12435  
-1  22  4          -10.997         12          12.045         64          63.998          41.524         -35.142      -97035.000     -143885.000     -124813.000       -4805.000     -158868.000       62968.000      -55609.000      136984.000 
-12435  
-1  12  5          -11.253          4           4.322         64          63.998          38.274         -43.585       63840.000       29507.000       42152.000      -17948.000       39293.000      -49463.000      -12266.000      -51617.000 
-12435  
-1  22  6          -10.997         12          12.046         64          63.999          41.295         -35.144      -94645.000     -144790.000     -124768.000       -6171.000     -160680.000       61126.000      -56117.000      136009.000 
-12435  
-1  12  7          -11.243          4           4.322         64          64.005          38.279         -43.611       62303.000       32976.000       42596.000      -15901.000       42074.000      -46959.000       -9823.000      -51588.000 
-12435  
-1  22  8          -10.997         12          12.043         64          64.005          41.261         -35.138     -104509.000     -138244.000     -125459.000        2067.000     -155270.000       71850.000      -47149.000      140030.000 
-12435  
-1  12  9          -11.157          4           4.320         64          64.004          38.277         -43.569       64170.000       28311.000       41927.000      -19063.000       38519.000      -50102.000      -12814.000      -51992.000 
-12435  
-1  22  10          -10.997         12          12.043         64          64.004          41.383         -35.141     -111905.000     -131954.000     -124513.000        8202.000     -151888.000       79368.000      -40096.000      142558.000 
-12435  
-1  12  11          -11.167          4           4.320         64          64.000          38.210         -43.581       64694.000       27213.000       41580.000      -19691.000       37901.000      -50566.000      -13985.000      -51311.000 
-12435  
-1  22  12          -10.990         12          12.046         64          64.002          41.760         -35.133     -120667.000     -124084.000     -125194.000       18403.000     -146151.000       90278.000      -30347.000      143437.000 
-12435  
-1  12  13          -11.137          4           4.322         64          63.995          38.150         -43.592       65812.000       24005.000       40739.000      -21881.000       35341.000      -51974.000      -16370.000      -50635.000 
-12435  
-1  22  14          -10.993         12          12.046         64          63.999          41.415         -35.146     -112376.000     -132101.000     -124049.000        8884.000     -151924.000       79625.000      -40888.000      141643.000 
-12435  
-1  12  15          -11.250          4           4.319         64          63.996          38.032         -43.582       63424.000       30457.000       42208.000      -17824.000       39981.000      -48849.000      -11751.000      -51867.000 
-12435  
-1  22  16          -10.997         12          12.044         64          64.001          41.420         -35.130     -119420.000     -125412.000     -125190.000       15891.000     -147243.000       88296.000      -31231.000      143839.000 
-12435  
-1  12  17          -11.243          4           4.319         64          64.002          37.892         -43.575       62983.000       30970.000       42745.000      -17761.000       41123.000      -48155.000      -12017.000      -51584.000 
-12435  
-1  22  18          -10.997         12          12.044         64          64.003          41.257         -35.141     -109396.000     -134919.000     -124249.000        5797.000     -153139.000       75909.000      -44269.000      141396.000 
-12435  
-1  12  19          -11.273          4           4.318         64          64.014          38.143         -43.579       63307.000       30663.000       42561.000      -17292.000       40197.000      -48388.000      -11528.000      -52174.000 
-12435  
-1  22  20          -10.993         12          12.046         64          64.004          41.517         -35.147     -107476.000     -134972.000     -124981.000        5108.000     -154887.000       74459.000      -44926.000      140404.000 
-12435  
-1  12  21          -11.163          4           4.322         64          64.006          37.943         -43.571       65421.000       25634.000       41061.000      -20799.000       36741.000      -51376.000      -15348.000      -51157.000 
-12435  
-1  22  22          -10.997         12          12.045         64          64.000          41.465         -35.151     -110702.000     -132948.000     -124646.000        7485.000     -151594.000       79142.000      -40662.000      142008.000 
-12435  
-1  12  23          -11.263          4           4.321         64          64.000          38.352         -43.562       65241.000       26162.000       41840.000      -20568.000       36713.000      -51415.000      -15240.000      -50878.000 
-12435  
-1  22  24          -10.997         12          12.045         64          64.003          41.136         -35.131     -114069.000     -131186.000     -124575.000        9496.000     -150721.000       81387.000      -38593.000      142702.000 
-12435  
-1  12  25          -11.280          4           4.318         64          64.004          38.173         -43.544       63561.000       30972.000       42774.000      -17473.000       40223.000      -48578.000      -11427.000      -52363.000 
-12435  
-1  22  26          -10.997         12          12.044         64          64.002          41.590         -35.143      -96988.000     -143398.000     -124883.000       -5215.000     -159797.000       63019.000      -55194.000      136441.000 
-12435  
-1  12  27          -11.423          4           4.321         64          64.004          38.228         -43.571       65118.000       27285.000       41501.000      -19737.000       37066.000      -50872.000      -14567.000      -51226.000 
-12435  
-1  22  28          -10.997         12          12.046         64          64.001          41.371         -35.138     -117304.000     -128058.000     -124474.000       13833.000     -147915.000       85868.000      -34242.000      143537.000 
-12435  
-1  12  29          -11.167          4           4.314         64          64.000          38.374         -43.549       64466.000       28613.000       42010.000      -19333.000       38709.000      -50223.000      -13042.000      -51595.000 
-12435  
-1  22  30          -10.997         12          12.046         64          64.002          41.551         -35.144      -99851.000     -141792.000     -125326.000       -1828.000     -157910.000       66344.000      -51984.000      137528.000 
-12435  
-1  12  31          -11.220          4           4.316         64          64.008          38.117         -43.556       63958.000       29244.000       42125.000      -18787.000       39119.000      -50025.000      -12633.000      -51747.000 
-12435  
-1  22  32          -10.997         12          12.046         64          63.998          41.259         -35.153     -103242.000     -138789.000     -125462.000         443.000     -156086.000       70770.000      -48609.000      138324.000 
-12435  
-1  12  33          -11.227          4           4.322         64          64.003          38.261         -43.597       64150.000       28328.000       41979.000      -19061.000       38241.000      -50013.000      -13192.000      -51308.000 
-12435  
-1  22  34          -10.997         12          12.045         64          63.998          41.423         -35.157     -115691.000     -128706.000     -124279.000       12520.000     -148584.000       84075.000      -35470.000      143123.000 
-12435  
-1  12  35          -11.240          4           4.319         64          63.999          38.201         -43.553       62341.000       32534.000       42946.000      -16426.000       42391.000      -47688.000      -10460.000      -52108.000 
-12435  
-1  22  36          -10.997         12          12.046         64          64.002          41.244         -35.146     -103955.000     -138173.000     -124736.000        1582.000     -155814.000       71544.000      -47912.000      139762.000 
-12435  
-1  12  37          -11.127          4           4.325         64          64.001          38.170         -43.573       63967.000       28696.000       41946.000      -18475.000       39348.000      -49846.000      -12415.000      -51839.000 
-12435  
-1  22  38          -10.997         12          12.047         64          63.999          41.732         -35.148     -111838.000     -131689.000     -124650.000        8931.000     -151366.000       80118.000      -39215.000      142515.000 
-12435  
-1  12  39          -11.177          4           4.326         64          64.001          38.196         -43.576       64389.000       28380.000       41573.000      -19006.000       38856.000      -49959.000      -13228.000      -51562.000 
-12435  
-1  22  40          -10.997         12          12.044         64          64.004          41.397         -35.134     -126032.000     -119454.000     -122839.000       22230.000     -142217.000       96513.000      -23776.000      145317.000 
-12435  
-1  12  41          -11.293          4           4.319         64          64.002          38.143         -43.561       64637.000       27642.000       41494.000      -19473.000       37692.000      -50953.000      -13896.000      -51718.000 
-12435  
-1  22  42          -10.993         12          12.045         64          64.002          41.421         -35.151     -107445.000     -135610.000     -124575.000        5139.000     -154756.000       74338.000      -45100.000      139953.000 
-12435  
-1  12  43          -11.210          4           4.325         64          64.003          38.323         -43.587       64275.000       28527.000       41587.000      -18393.000       38651.000      -50047.000      -12741.000      -51684.000 
-12435  
-1  22  44          -10.997         12          12.047         64          64.004          41.221         -35.128     -125684.000     -119497.000     -122790.000       22073.000     -142434.000       96082.000      -24378.000      146056.000 
-12435  
-1  12  45          -11.187          4           4.320         64          64.006          38.049         -43.606       63265.000       29563.000       41946.000      -18225.000       39590.000      -49337.000      -12070.000      -51665.000 
-12435  
-1  22  46          -10.997         12          12.045         64          64.002          41.727         -35.135     -103023.000     -138853.000     -125584.000         987.000     -156689.000       70516.000      -48326.000      139301.000 
-12435  
-1  12  47          -11.143          4           4.321         64          64.002          38.139         -43.576       63702.000       29791.000       42323.000      -18013.000       39937.000      -49163.000      -11806.000      -51666.000 
-12435  
-1  22  48          -10.997         12          12.045         64          64.002          41.251         -35.153     -125068.000     -118770.000     -122904.000       21742.000     -142068.000       96511.000      -23802.000      145412.000 
-12435  
-1  12  49          -11.133          4           4.317         64          64.005          38.126         -43.603       64957.000       26154.000       40874.000      -19993.000       37549.000      -50994.000      -14625.000      -50963.000 
-12435  
-1  22  50          -10.997         12          12.046         64          64.001          41.319         -35.148      -98616.000     -142158.000     -125117.000       -2963.000     -158307.000       65123.000      -53356.000      137526.000 
-12435  
-1  12  51          -11.217          4           4.318         64          64.005          38.142         -43.582       64863.000       26394.000       41256.000      -19417.000       37847.000      -50952.000      -14803.000      -51302.000 
-12435  
-1  22  52          -10.993         12          12.046         64          64.002          41.316         -35.165     -111399.000     -131648.000     -124864.000        8973.000     -151760.000       79490.000      -40483.000      140989.000 
-12435  
-1  12  53          -11.123          4           4.321         64          64.004          38.279         -43.586       64048.000       28266.000       42147.000      -18626.000       38992.000      -49781.000      -12704.000      -51619.000 
-12435  
-1  22  54          -10.997         12          12.043         64          64.001          41.554         -35.111     -113503.000     -132024.000     -124619.000        8950.000     -151182.000       81287.000      -40075.000      143128.000 
-12435  
-1  12  55          -11.170          4           4.321         64          64.001          38.780         -43.545       64948.000       28165.000       41628.000      -19504.000       38270.000      -50900.000      -13320.000      -51205.000 
-12435  
-1  22  56          -10.997         12          12.047         64          64.001          41.474         -35.133     -102122.000     -139517.000     -124921.000         163.000     -157796.000       68676.000      -49925.000      139215.000 
-12435  
-1  12  57          -11.123          4           4.319         64          63.999          38.301         -43.599       63773.000       27484.000       41729.000      -19665.000       38189.000      -50457.000      -13330.000      -51723.000 
-12435  
-1  22  58          -10.997         12          12.042         64          64.003          41.600         -35.130     -103136.000     -139500.000     -125988.000         777.000     -156191.000       70051.000      -48411.000      139439.000 
-12435  
-1  12  59          -11.173          4           4.326         64          64.000          38.072         -43.586       64961.000       26787.000       41280.000      -19556.000       37900.000      -50736.000      -14388.000      -51059.000 
-12435  
-1  22  60          -10.993         12          12.044         64          64.002          41.460         -35.142     -102635.000     -138648.000     -125345.000         502.000     -156812.000       68737.000      -50295.000      139506.000 
-12435  
-1  12  61          -11.137          4           4.320         64          64.001          38.312         -43.602       64503.000       27794.000       41270.000      -19220.000       38506.000      -49880.000      -13363.000      -51393.000 
-12435  
-1  22  62          -10.990         12          12.047         64          64.002          41.284         -35.151     -112413.000     -131065.000     -124906.000        9410.000     -151725.000       80148.000      -40310.000      141487.000 
-12435  
-1  12  63          -11.167          4           4.321         64          64.004          38.206         -43.565       64369.000       28132.000       41709.000      -18960.000       38790.000      -49788.000      -13236.000      -52189.000 
-12435  
-1  22  64          -10.993         12          12.046         64          64.002          41.452         -35.151     -103747.000     -138288.000     -125534.000        1248.000     -156170.000       70972.000      -48677.000      138385.000 
-12435  
-1  12  65          -11.170          4           4.320         64          64.003          37.937         -43.630       63304.000       29587.000       41850.000      -17562.000       39857.000      -48679.000      -11820.000      -51640.000 
-12435  
-1  22  66          -10.997         12          12.045         64          64.000          41.379         -35.142     -107997.000     -135087.000     -125390.000        4831.000     -154254.000       75388.000      -43994.000      140405.000 
-12435  
-1  12  67          -11.263          4           4.322         64          63.998          38.082         -43.602       64400.000       27483.000       41253.000      -19634.000       37786.000      -50539.000      -14125.000      -51260.000 
-12435  
-1  22  68          -10.993         12          12.045         64          64.005          41.505         -35.126     -125758.000     -118728.000     -123456.000       22968.000     -142507.000       96794.000      -24559.000      145557.000 
-12435  
-1  12  69          -11.277          4           4.320         64          63.998          38.148         -43.566       63527.000       29342.000       42213.000      -18300.000       39584.000      -50103.000      -12669.000      -51574.000 
-12435  
-1  22  70          -10.997         12          12.046         64          64.000          41.571         -35.127     -112837.000     -131370.000     -124749.000        9203.000     -152055.000       80283.000      -38953.000      142809.000 
-12435  
-1  12  71          -11.133          4           4.320         64          64.003          38.134         -43.574       64555.000       26688.000       41846.000      -20258.000       37902.000      -50672.000      -14528.000      -51302.000 
-12435  
-1  22  72          -10.993         12          12.043         64          64.004          41.389         -35.140     -121392.000     -123503.000     -123545.000       18157.000     -145845.000       91108.000      -29787.000      144201.000 
-12435  
-1  12  73          -11.367          4           4.321         64          64.005          38.178         -43.570       63833.000       29714.000       41784.000      -18314.000       39566.000      -49903.000      -12790.000      -51393.000 
-12435  
-1  22  74          -10.993         12          12.045         64          64.001          41.280         -35.151     -101276.000     -139810.000     -124265.000        -639.000     -158218.000       67660.000      -51460.000      138097.000 
-12435  
-1  12  75          -11.163          4           4.323         64          64.003          38.372         -43.576       64555.000       27239.000       42326.000      -19205.000       37998.000      -50568.000      -13692.000      -51212.000 
-12435  
-1  22  76          -10.997         12          12.044         64          64.003          41.229         -35.149     -100545.000     -140157.000     -125100.000       -1129.000     -157567.000       67187.000      -51196.000      138769.000 
-12435  
-1  12  77          -11.180          4           4.320         64          64.001          38.220         -43.543       65910.000       25402.000       41192.000      -20117.000       36989.000      -51748.000      -15443.000      -51082.000 
-12435  
-1  22  78          -10.993         12          12.044         64          64.002          41.313         -35.147     -115761.000     -129097.000     -124299.000       13906.000     -148924.000       84117.000      -35916.000      142909.000 
-12435  
-1  12  79          -11.343          4           4.323         64          63.998          38.201         -43.572       64108.000       29589.000       42382.000      -18063.000       39407.000      -49308.000      -12813.000      -51346.000 
-12435  
-1  22  80          -10.997         12          12.044         64          64.002          41.355         -35.129     -102006.000     -140427.000     -125061.000        -403.000     -157586.000       69170.000      -50848.000      138194.000 
-12435  
-1  12  81          -11.160          4           4.320         64          64.001          38.038         -43.554       64305.000       28757.000       41803.000      -19076.000       39255.000      -49828.000      -13063.000      -51793.000 
-12435  
-1  22  82          -10.997         12          12.045         64          64.004          41.250         -35.172      -99780.000     -139791.000     -125084.000       -1333.000     -157393.000       66758.000      -51498.000      138204.000 
-12435  
-1  12  83          -11.150          4           4.322         64          64.000          38.675         -43.588       64079.000       28153.000       41788.000      -18684.000       39242.000      -49599.000      -13251.000      -51694.000 
-12435  
-1  22  84          -10.997         12          12.044         64          64.001          41.229         -35.154     -102637.000     -139497.000     -124641.000         167.000     -156839.000       68613.000      -49777.000      138578.000 
-12435  
-1  12  85          -11.180          4           4.324         64          64.004          38.337         -43.557       65032.000       26249.000       41600.000      -20511.000       37133.000      -51752.000      -14880.000      -50911.000 
-12435  
-1  22  86          -10.993         12          12.044         64          63.999          41.142         -35.147     -104209.000     -137868.000     -125260.000        1292.000     -156083.000       71066.000      -48898.000      138969.000 
-12435  
-1  12  87          -11.163          4           4.324         64          64.001          38.097         -43.523       65030.000       26730.000       41933.000      -19769.000       37618.000      -51342.000      -14114.000      -52033.000 
-12435  
-1  22  88          -10.993         12          12.045         64          64.003          41.532         -35.126     -103989.000     -138598.000     -125533.000         539.000     -157246.000       70745.000      -48517.000      138798.000 
-12435  
-1  12  89          -11.193          4           4.319         64          64.006          38.422         -43.558       64184.000       29198.000       42267.000      -18671.000       39308.000      -49879.000      -12718.000      -51336.000 
-12435  
-1  22  90          -10.997         12          12.044         64          64.001          41.563         -35.141     -103691.000     -138557.000     -125116.000         885.000     -156557.000       70795.000      -48188.000      139168.000 
-12435  
-1  12  91          -11.110          4           4.317         64          64.001          38.273         -43.594       62824.000       30193.000       42640.000      -17517.000       40845.000      -48486.000      -11285.000      -51898.000 
-12435  
-1  22  92          -10.993         12          12.048         64          64.000          41.307         -35.140     -102244.000     -139938.000     -126148.000         373.000     -156729.000       68839.000      -49559.000      138244.000 
-12435  
-1  12  93          -11.210          4           4.317         64          64.004          38.540         -43.538       64621.000       28456.000       41819.000      -18885.000       38921.000      -50354.000      -13300.000      -51809.000 
-12435  
-1  22  94          -10.997         12          12.043         64          63.999          41.620         -35.115      -97354.000     -144601.000     -125080.000       -4766.000     -159815.000       63653.000      -54786.000      136901.000 
-12435  
-1  12  95          -11.170          4           4.325         64          64.001          38.217         -43.592       63647.000       28617.000       42131.000      -18728.000       39272.000      -49534.000      -12971.000      -51667.000 
-12435  
-1  22  96          -10.993         12          12.043         64          63.999          41.550         -35.117     -125140.000     -121084.000     -123726.000       20508.000     -143883.000       93916.000      -26537.000      145166.000 
-12435  
-1  12  97          -11.173          4           4.321         64          63.998          38.260         -43.574       63978.000       28988.000       41930.000      -17858.000       39529.000      -49612.000      -12283.000      -51976.000 
-12435  
-1  22  98          -10.993         12          12.043         64          64.003          41.289         -35.129     -100753.000     -141327.000     -124926.000        -529.000     -158384.000       67044.000      -51515.000      138237.000 
-12435  
-1  12  99          -11.427          4           4.319         64          64.000          38.351         -43.575       63521.000       30446.000       42503.000      -17286.000       40170.000      -48431.000      -12272.000      -52024.000 
-12435  
