-1  12  1           28.133          4           4.302         64          64.003          34.055         -47.885       19584.000       18774.000      -37688.000       29092.000      -28379.000      -28044.000       22976.000       -4946.000 
-12435  
-1  22  2           32.983         12          11.937         64          63.998          38.723         -38.025       36083.000       93649.000     -119489.000        7604.000       12853.000     -110768.000       95367.000       62443.000 
-12435  
-1  12  3           28.260          4           4.304         64          64.001          34.146         -47.838       18407.000       21150.000      -40131.000       25566.000      -26092.000      -30256.000       23449.000       -2514.000 
-12435  
-1  22  4           32.983         12          11.939         64          64.002          38.614         -38.002       29002.000       95953.000     -119628.000       -2694.000       22160.000     -109760.000       91195.000       69798.000 
-12435  
-1  12  5           28.283          4           4.301         64          63.998          34.292         -47.809       18610.000       19787.000      -39203.000       27431.000      -27296.000      -29662.000       23976.000       -3205.000 
-12435  
-1  22  6           32.973         12          11.934         64          64.003          38.487         -38.011       22577.000       97173.000     -120202.000      -10014.000       28743.000     -107494.000       86650.000       74867.000 
-12435  
-1  12  7           28.283          4           4.304         64          64.005          34.136         -47.841       18777.000       20239.000      -39210.000       27343.000      -27415.000      -28769.000       23731.000       -3068.000 
-12435  
-1  22  8           32.973         12          11.937         64          64.003          38.839         -38.019       25454.000       96689.000     -119180.000       -6218.000       25006.000     -109262.000       88839.000       72118.000 
-12435  
-1  12  9           28.220          4           4.302         64          63.999          33.932         -47.777       19255.000       19550.000      -38671.000       28459.000      -28275.000      -28884.000       23805.000       -4126.000 
-12435  
-1  22  10           32.977         12          11.932         64          64.001          38.608         -38.035       23512.000       96998.000     -119255.000      -10113.000       27697.000     -107914.000       86188.000       74783.000 
-12435  
-1  12  11           28.263          4           4.307         64          63.996          34.337         -47.785       19080.000       19864.000      -39676.000       27383.000      -27149.000      -29460.000       23799.000       -3514.000 
-12435  
-1  22  12           32.983         12          11.936         64          64.000          38.993         -38.013       41002.000       90439.000     -118786.000       15445.000        5166.000     -111315.000      100483.000       56941.000 
-12435  
-1  12  13           28.280          4           4.301         64          64.006          34.142         -47.830       18557.000       20135.000      -39697.000       26708.000      -26952.000      -29316.000       24015.000       -3140.000 
-12435  
-1  22  14           32.977         12          11.932         64          64.000          38.669         -38.003       22510.000       97236.000     -120177.000      -10492.000       28999.000     -107763.000       86121.000       75497.000 
-12435  
-1  12  15           28.197          4           4.305         64          64.003          34.104         -47.776       17754.000       21056.000      -40801.000       26055.000      -25919.000      -30563.000       23748.000       -2186.000 
-12435  
-1  22  16           32.980         12          11.932         64          64.002          38.536         -37.993       22760.000       97644.000     -119400.000       -9283.000       27889.000     -108877.000       86456.000       75515.000 
-12435  
-1  12  17           28.100          4           4.304         64          63.994          34.127         -47.831       18369.000       20302.000      -39958.000       26319.000      -26974.000      -29744.000       23412.000       -3387.000 
-12435  
-1  22  18           32.970         12          11.933         64          64.002          38.789         -38.020       29386.000       94960.000     -119562.000       -1572.000       20400.000     -110198.000       91891.000       68632.000 
-12435  
-1  12  19           28.307          4           4.307         64          64.000          34.045         -47.817       18810.000       19926.000      -39595.000       26206.000      -27276.000      -29927.000       23953.000       -3046.000 
-12435  
-1  22  20           32.943         12          11.934         64          64.002          38.748         -38.018       32517.000       94251.000     -119731.000        2918.000       15473.000     -110727.000       94831.000       64271.000 
-12435  
-1  12  21           28.163          4           4.302         64          64.000          34.365         -47.807       18715.000       19871.000      -39035.000       27798.000      -27499.000      -29351.000       23749.000       -4019.000 
-12435  
-1  22  22           32.977         12          11.934         64          64.000          38.661         -38.007       30859.000       95493.000     -119426.000         104.000       19603.000     -110363.000       92843.000       67243.000 
-12435  
-1  12  23           28.137          4           4.303         64          63.998          33.999         -47.820       18479.000       20152.000      -39929.000       27016.000      -26826.000      -29543.000       23416.000       -3342.000 
-12435  
-1  22  24           32.970         12          11.934         64          64.000          38.681         -38.018       31823.000       95683.000     -119521.000         323.000       17554.000     -109412.000       93509.000       66594.000 
-12435  
-1  12  25           28.233          4           4.305         64          64.001          34.153         -47.780       18789.000       20862.000      -39705.000       27173.000      -27027.000      -29731.000       23381.000       -2799.000 
-12435  
-1  22  26           32.973         12          11.933         64          64.002          38.571         -38.034       35950.000       93053.000     -119320.000        5954.000       12744.000     -110404.000       96085.000       62587.000 
-12435  
-1  12  27           28.170          4           4.301         64          63.997          34.024         -47.868       18646.000       20411.000      -39079.000       27584.000      -26851.000      -28856.000       23384.000       -3736.000 
-12435  
-1  22  28           32.960         12          11.937         64          64.003          38.770         -38.023       23965.000       97275.000     -119122.000       -8027.000       25647.000     -109222.000       87330.000       73127.000 
-12435  
-1  12  29           28.280          4           4.297         64          64.000          33.857         -47.883       18340.000       20912.000      -39395.000       26458.000      -26347.000      -29403.000       23585.000       -2794.000 
-12435  
-1  22  30           32.977         12          11.935         64          64.005          38.740         -37.986       24694.000       97355.000     -119496.000       -8270.000       26417.000     -109366.000       87769.000       74016.000 
-12435  
-1  12  31           28.123          4           4.304         64          64.002          34.030         -47.801       18347.000       20165.000      -39880.000       27063.000      -26982.000      -29905.000       23417.000       -3188.000 
-12435  
-1  22  32           32.977         12          11.935         64          64.004          38.780         -37.996       37185.000       94172.000     -119345.000        6953.000       12094.000     -110962.000       96729.000       61680.000 
-12435  
-1  12  33           28.253          4           4.302         64          63.994          34.170         -47.772       19024.000       19745.000      -39912.000       26796.000      -27395.000      -29678.000       24002.000       -3522.000 
-12435  
-1  22  34           32.963         12          11.931         64          64.005          38.846         -38.033       40291.000       91879.000     -119066.000       12570.000        6916.000     -110663.000       99184.000       56661.000 
-12435  
-1  12  35           28.257          4           4.304         64          63.999          34.283         -47.816       19425.000       20015.000      -39032.000       28071.000      -27634.000      -28573.000       23368.000       -3586.000 
-12435  
-1  22  36           32.957         12          11.935         64          64.003          38.559         -38.000       23565.000       97457.000     -119147.000       -8650.000       26193.000     -109024.000       88384.000       73564.000 
-12435  
-1  12  37           28.233          4           4.304         64          64.006          34.176         -47.824       18824.000       20104.000      -39341.000       26606.000      -27529.000      -29583.000       23692.000       -3342.000 
-12435  
-1  22  38           32.973         12          11.933         64          64.003          38.960         -37.959       40432.000       92401.000     -119763.000       12852.000        7145.000     -111980.000       99837.000       57895.000 
-12435  
-1  12  39           28.143          4           4.307         64          63.998          34.268         -47.785       18419.000       20014.000      -39104.000       27959.000      -27311.000      -29917.000       23687.000       -3696.000 
-12435  
-1  22  40           32.970         12          11.935         64          64.000          38.607         -37.990       29585.000       95891.000     -119088.000       -1006.000       19262.000     -110754.000       92957.000       68590.000 
-12435  
-1  12  41           28.213          4           4.304         64          64.003          34.063         -47.823       18367.000       20906.000      -39761.000       25812.000      -26265.000      -30740.000       23553.000       -3041.000 
-12435  
-1  22  42           32.970         12          11.936         64          64.002          38.569         -37.989       29798.000       95065.000     -120148.000        -511.000       19253.000     -110180.000       93148.000       68522.000 
-12435  
-1  12  43           28.103          4           4.302         64          64.005          33.999         -47.825       18498.000       19941.000      -39067.000       27882.000      -27603.000      -29047.000       23538.000       -3917.000 
-12435  
-1  22  44           32.973         12          11.932         64          64.000          38.965         -37.988       22219.000       97482.000     -120172.000       -9893.000       28612.000     -108193.000       86726.000       75373.000 
-12435  
-1  12  45           28.143          4           4.299         64          64.004          34.374         -47.840       18205.000       20269.000      -40323.000       26094.000      -26643.000      -29605.000       23576.000       -3021.000 
-12435  
-1  22  46           32.980         12          11.935         64          64.000          38.730         -38.024       23970.000       96360.000     -119195.000       -7321.000       26531.000     -108927.000       87604.000       74047.000 
-12435  
-1  12  47           28.283          4           4.301         64          64.003          34.176         -47.788       19222.000       19904.000      -38943.000       27822.000      -27791.000      -29222.000       23807.000       -3646.000 
-12435  
-1  22  48           32.963         12          11.936         64          64.000          38.724         -37.999       26101.000       97160.000     -119703.000       -4913.000       23758.000     -109760.000       89556.000       70901.000 
-12435  
-1  12  49           28.187          4           4.302         64          64.000          34.076         -47.757       19105.000       20013.000      -39845.000       27405.000      -27371.000      -29662.000       23534.000       -3572.000 
-12435  
-1  22  50           32.963         12          11.935         64          63.999          38.521         -38.008       31573.000       94790.000     -120364.000        1059.000       17755.000     -110365.000       93108.000       66239.000 
-12435  
-1  12  51           28.307          4           4.304         64          63.999          34.038         -47.822       19720.000       19633.000      -38460.000       28215.000      -28199.000      -28325.000       23618.000       -4016.000 
-12435  
-1  22  52           32.983         12          11.937         64          64.000          38.697         -38.019       30728.000       95908.000     -118708.000        -154.000       18560.000     -110051.000       92577.000       68094.000 
-12435  
-1  12  53           28.250          4           4.303         64          64.003          34.094         -47.789       19222.000       20034.000      -39291.000       27511.000      -27536.000      -29297.000       23668.000       -3648.000 
-12435  
-1  22  54           32.987         12          11.936         64          64.002          38.902         -37.981       23042.000       97513.000     -119519.000       -9822.000       28107.000     -109141.000       85852.000       76464.000 
-12435  
-1  12  55           28.200          4           4.308         64          63.998          34.183         -47.870       18977.000       19353.000      -39134.000       27393.000      -27321.000      -28647.000       23727.000       -4235.000 
-12435  
-1  22  56           32.973         12          11.935         64          64.003          38.733         -38.019       30441.000       95523.000     -119493.000         227.000       18432.000     -109624.000       93001.000       67578.000 
-12435  
-1  12  57           28.137          4           4.298         64          64.000          34.159         -47.801       17760.000       20642.000      -40444.000       26264.000      -26581.000      -29851.000       23946.000       -2874.000 
-12435  
-1  22  58           32.963         12          11.937         64          64.003          38.761         -38.013       29256.000       95781.000     -120185.000       -1977.000       19813.000     -109269.000       91955.000       68603.000 
-12435  
-1  12  59           28.257          4           4.300         64          64.000          34.783         -47.767       19030.000       20362.000      -39288.000       27290.000      -27768.000      -29464.000       23910.000       -3492.000 
-12435  
-1  22  60           32.963         12          11.934         64          64.002          38.779         -38.011       22047.000       97624.000     -118583.000      -10115.000       28118.000     -108723.000       87186.000       74833.000 
-12435  
-1  12  61           28.193          4           4.303         64          64.004          34.120         -47.802       18318.000       20289.000      -39573.000       26970.000      -27169.000      -29544.000       24116.000       -3555.000 
-12435  
-1  22  62           32.970         12          11.935         64          64.000          38.525         -38.003       23403.000       97430.000     -119500.000       -9611.000       26853.000     -108618.000       86847.000       74890.000 
-12435  
-1  12  63           28.127          4           4.304         64          63.997          34.055         -47.834       18394.000       20256.000      -38914.000       27143.000      -27669.000      -29489.000       23632.000       -3733.000 
-12435  
-1  22  64           32.983         12          11.934         64          64.000          38.668         -38.007       27912.000       96387.000     -119242.000       -2679.000       21978.000     -109602.000       90899.000       70565.000 
-12435  
-1  12  65           28.253          4           4.301         64          64.006          34.129         -47.759       18577.000       20975.000      -40054.000       26628.000      -26834.000      -30222.000       23654.000       -2597.000 
-12435  
-1  22  66           32.963         12          11.933         64          64.003          38.687         -38.009       31455.000       95402.000     -119828.000         692.000       17735.000     -109935.000       93600.000       66357.000 
-12435  
-1  12  67           28.207          4           4.301         64          64.002          34.094         -47.848       18861.000       19876.000      -38868.000       27492.000      -27291.000      -29631.000       23213.000       -3382.000 
-12435  
-1  22  68           32.980         12          11.931         64          64.002          38.601         -38.010       25459.000       96067.000     -119453.000       -6811.000       24966.000     -108892.000       88954.000       73609.000 
-12435  
-1  12  69           28.317          4           4.306         64          63.996          34.184         -47.819       19323.000       19340.000      -38181.000       28805.000      -28500.000      -28016.000       24016.000       -3975.000 
-12435  
-1  22  70           32.950         12          11.938         64          64.004          38.627         -37.992       38664.000       92528.000     -119974.000       10251.000        8511.000     -111945.000       97926.000       58882.000 
-12435  
-1  12  71           28.180          4           4.297         64          64.000          33.994         -47.803       18363.000       20037.000      -40099.000       26346.000      -26770.000      -29702.000       24292.000       -3846.000 
-12435  
-1  22  72           32.967         12          11.933         64          63.998          38.491         -38.033       32130.000       94768.000     -119379.000        2664.000       16514.000     -110205.000       93834.000       65113.000 
-12435  
-1  12  73           28.127          4           4.304         64          64.003          34.074         -47.842       19065.000       19771.000      -38528.000       28280.000      -28260.000      -28118.000       23475.000       -4382.000 
-12435  
-1  22  74           32.970         12          11.937         64          64.001          38.581         -38.001       21691.000       97566.000     -119509.000      -11295.000       28983.000     -108263.000       85854.000       76021.000 
-12435  
-1  12  75           28.203          4           4.300         64          63.998          34.336         -47.798       18597.000       19795.000      -38859.000       27373.000      -27935.000      -29320.000       24392.000       -4250.000 
-12435  
-1  22  76           32.957         12          11.939         64          63.999          38.637         -37.998       23392.000       97280.000     -120165.000       -8860.000       26420.000     -109139.000       86715.000       74043.000 
-12435  
-1  12  77           28.247          4           4.307         64          63.995          33.987         -47.850       18406.000       20765.000      -39322.000       26191.000      -26833.000      -30080.000       23521.000       -2817.000 
-12435  
-1  22  78           32.987         12          11.933         64          64.000          38.679         -38.001       30303.000       96142.000     -119630.000        -194.000       19862.000     -109779.000       91900.000       68885.000 
-12435  
-1  12  79           28.233          4           4.301         64          64.005          34.177         -47.802       19064.000       20296.000      -38540.000       27697.000      -28060.000      -29483.000       23443.000       -3421.000 
-12435  
-1  22  80           32.977         12          11.935         64          63.998          39.032         -37.990       42646.000       90908.000     -118615.000       15580.000        3972.000     -111772.000      101114.000       55691.000 
-12435  
-1  12  81           28.167          4           4.305         64          63.998          33.873         -47.818       18502.000       19886.000      -39570.000       27322.000      -27254.000      -29629.000       23370.000       -3037.000 
-12435  
-1  22  82           32.987         12          11.934         64          64.001          38.650         -38.014       37031.000       92884.000     -119600.000        9025.000       11705.000     -110532.000       97121.000       61507.000 
-12435  
-1  12  83           28.167          4           4.301         64          64.004          34.042         -47.813       18647.000       19757.000      -40292.000       26242.000      -26815.000      -29805.000       23726.000       -3517.000 
-12435  
-1  22  84           32.970         12          11.936         64          64.001          38.621         -38.000       29388.000       95841.000     -120108.000       -1346.000       20648.000     -109966.000       91922.000       68381.000 
-12435  
-1  12  85           28.120          4           4.302         64          63.996          34.044         -47.762       20040.000       19157.000      -37752.000       29362.000      -29382.000      -28164.000       23458.000       -5565.000 
-12435  
-1  22  86           32.970         12          11.933         64          64.005          38.688         -38.005       20935.000       98407.000     -118805.000      -12093.000       29885.000     -107744.000       85774.000       76279.000 
-12435  
-1  12  87           28.153          4           4.303         64          64.000          34.422         -47.844       19529.000       19351.000      -38283.000       28048.000      -28470.000      -28590.000       23206.000       -4505.000 
-12435  
-1  22  88           32.963         12          11.935         64          63.995          38.522         -38.016       22379.000       97020.000     -119137.000      -11001.000       28007.000     -108246.000       86753.000       75369.000 
-12435  
-1  12  89           28.317          4           4.303         64          64.007          34.306         -47.766       18746.000       20682.000      -40286.000       26179.000      -26607.000      -30671.000       23423.000       -2053.000 
-12435  
-1  22  90           32.973         12          11.938         64          64.000          38.636         -37.991       28585.000       96674.000     -119503.000       -3252.000       20476.000     -109980.000       91140.000       70323.000 
-12435  
-1  12  91           28.350          4           4.305         64          64.004          34.335         -47.803       19055.000       20135.000      -39845.000       26508.000      -26963.000      -29591.000       23964.000       -3040.000 
-12435  
-1  22  92           32.967         12          11.937         64          64.003          38.623         -38.028       23584.000       97352.000     -119084.000       -7541.000       25230.000     -108757.000       87591.000       73429.000 
-12435  
-1  12  93           28.230          4           4.300         64          64.003          34.280         -47.738       18264.000       20800.000      -40008.000       26491.000      -27028.000      -30610.000       24083.000       -2817.000 
-12435  
-1  22  94           32.967         12          11.936         64          64.001          38.705         -37.981       24245.000       97313.000     -119539.000       -8648.000       26008.000     -109395.000       88289.000       74041.000 
-12435  
-1  12  95           28.193          4           4.305         64          63.999          34.273         -47.823       18776.000       20722.000      -39643.000       26500.000      -26946.000      -29544.000       23538.000       -3483.000 
-12435  
-1  22  96           32.970         12          11.936         64          64.000          38.523         -38.017       22137.000       97546.000     -119158.000       -9939.000       27612.000     -108140.000       86740.000       75115.000 
-12435  
-1  12  97           28.200          4           4.301         64          63.998          34.180         -47.776       19162.000       20136.000      -38709.000       27989.000      -28267.000      -28997.000       23806.000       -4089.000 
-12435  
-1  22  98           32.937         12          11.936         64          63.999          38.698         -38.004       21774.000       97156.000     -119863.000      -11056.000       27889.000     -108303.000       86947.000       74879.000 
-12435  
-1  12  99           28.203          4           4.303         64          64.007          34.175         -47.745       18837.000       20996.000      -39983.000       27013.000      -26966.000      -29846.000       23716.000       -3339.000 
-12435  
