-1  12  1           46.670          4           4.273         64          63.984          29.796         -52.074       15882.000       -7145.000       -6387.000       20864.000       -5648.000      -21508.000       20658.000       16156.000 
-12435  
-1  22  2           36.477         12          11.819         64          63.974          16.702         -59.847        2227.000       -3761.000        2181.000       11464.000      -10521.000       -2340.000        7487.000        -235.000 
-12435  
-1  12  3           46.413          4           4.278         64          64.003          30.209         -52.017       16401.000       -6120.000       -7850.000       20568.000       -3844.000      -21913.000       20109.000       17238.000 
-12435  
-1  22  4           38.197         12          11.860         64          64.014          16.865         -59.911        2554.000       -3585.000        1319.000       11051.000      -10483.000       -3311.000        7437.000        1832.000 
-12435  
-1  12  5           46.307          4           4.273         64          64.004          29.912         -52.060       16726.000       -5739.000       -7995.000       20502.000       -3962.000      -21719.000       19660.000       17240.000 
-12435  
-1  22  6           41.020         12          11.874         64          64.038          16.849         -59.783        1426.000       -5142.000        1947.000       11008.000      -10429.000       -1641.000        8175.000         854.000 
-12435  
-1  12  7           46.443          4           4.282         64          64.007          30.216         -52.013       17031.000       -7358.000       -6612.000       20846.000       -5237.000      -21360.000       21062.000       15476.000 
-12435  
-1  22  8           37.760         12          11.800         64          63.984          16.475         -60.268        1772.000       -4694.000        1956.000       10937.000       -9936.000       -1735.000        6851.000          15.000 
-12435  
-1  12  9           46.607          4           4.273         64          64.004          30.111         -51.956       15636.000       -8917.000       -4763.000       21314.000       -7657.000      -20926.000       22832.000       14035.000 
-12435  
-1  22  10           37.323         12          11.824         64          64.007          16.891         -59.857        2825.000       -4002.000        2094.000       11687.000      -10180.000       -1980.000        7271.000        1193.000 
-12435  
-1  12  11           46.273          4           4.279         64          64.007          29.713         -52.158       15174.000       -7537.000       -5313.000       21383.000       -6905.000      -20559.000       21520.000       14768.000 
-12435  
-1  22  12           35.637         12          11.821         64          63.987          16.903         -59.918        1836.000       -3380.000        1140.000       11049.000      -11150.000       -3347.000        6889.000        1031.000 
-12435  
-1  12  13           46.943          4           4.278         64          64.001          30.233         -51.981       15977.000       -8017.000       -6007.000       21066.000       -6219.000      -21234.000       21487.000       15913.000 
-12435  
-1  22  14           39.653         12          11.835         64          64.013          17.180         -59.774        1446.000       -4094.000        2523.000       10970.000      -10713.000        -925.000        8446.000         797.000 
-12435  
-1  12  15           46.600          4           4.271         64          64.012          29.741         -52.096       16424.000       -6801.000       -7593.000       19957.000       -5152.000      -21605.000       20245.000       16632.000 
-12435  
-1  22  16           36.477         12          11.866         64          64.068          16.684         -60.052        2139.000       -4069.000        3003.000       10878.000      -10694.000        -805.000        7000.000         -37.000 
-12435  
-1  12  17           46.303          4           4.276         64          63.998          29.928         -52.014       16421.000       -6668.000       -7057.000       20828.000       -5241.000      -21814.000       20502.000       16352.000 
-12435  
-1  22  18           36.540         12          11.815         64          64.005          17.122         -59.614        1486.000       -4066.000        2373.000       12194.000      -10675.000       -2940.000        6946.000        1310.000 
-12435  
-1  12  19           46.770          4           4.266         64          63.997          30.012         -51.991       16252.000       -6835.000       -6621.000       21084.000       -5908.000      -21008.000       20962.000       16868.000 
-12435  
-1  22  20           38.433         12          11.862         64          64.011          16.681         -60.203        1577.000       -4410.000        2216.000       10687.000      -10246.000       -1249.000        7355.000         243.000 
-12435  
-1  12  21           46.807          4           4.277         64          64.008          30.050         -52.017       16135.000       -7693.000       -5557.000       20727.000       -6467.000      -21108.000       21810.000       15635.000 
-12435  
-1  22  22           36.137         12          11.812         64          63.992          16.666         -60.098        2178.000       -3602.000        1645.000       10936.000      -10680.000       -3098.000        6692.000         843.000 
-12435  
-1  12  23           46.257          4           4.282         64          64.003          30.223         -51.940       16258.000       -7851.000       -5594.000       21745.000       -7159.000      -20979.000       21903.000       14896.000 
-12435  
-1  22  24           39.203         12          11.874         64          63.956          16.556         -60.423        2549.000       -4223.000        1472.000        9735.000      -10509.000       -2632.000        6770.000        1546.000 
-12435  
-1  12  25           46.280          4           4.280         64          63.997          29.891         -52.150       15709.000       -7046.000       -6143.000       20657.000       -6199.000      -21217.000       20929.000       15494.000 
-12435  
-1  22  26           38.330         12          11.872         64          64.000          16.803         -59.743        2051.000       -4211.000        1654.000       11085.000      -10872.000       -2565.000        7931.000         558.000 
-12435  
-1  12  27           46.707          4           4.279         64          63.995          29.813         -52.027       16239.000       -7098.000       -6420.000       20804.000       -6009.000      -21020.000       21224.000       16324.000 
-12435  
-1  22  28           38.730         12          11.867         64          64.012          17.320         -59.846        2230.000       -4374.000        1868.000       11145.000      -10535.000       -2595.000        7543.000        1088.000 
-12435  
-1  12  29           46.540          4           4.277         64          63.995          29.717         -52.071       16101.000       -7153.000       -6932.000       20298.000       -5869.000      -21397.000       20948.000       16171.000 
-12435  
-1  22  30           39.237         12          11.871         64          64.018          16.853         -59.927        2082.000       -4551.000          89.000       11252.000       -9728.000       -3548.000        7843.000        1108.000 
-12435  
-1  12  31           46.247          4           4.274         64          63.998          29.993         -52.072       16049.000       -7741.000       -6740.000       20383.000       -6083.000      -21234.000       21640.000       15091.000 
-12435  
-1  22  32           38.250         12          11.838         64          64.011          17.240         -59.646        2867.000       -4130.000        1496.000       11129.000      -10613.000       -3653.000        8099.000         334.000 
-12435  
-1  12  33           46.473          4           4.268         64          64.003          30.135         -52.058       15838.000       -8030.000       -5851.000       21131.000       -7090.000      -20662.000       21737.000       14938.000 
-12435  
-1  22  34           38.897         12          11.865         64          64.015          17.190         -59.665         858.000       -4728.000        2565.000       11300.000      -10852.000       -1847.000        7938.000         -76.000 
-12435  
-1  12  35           46.463          4           4.285         64          63.991          30.029         -51.966       15777.000       -7685.000       -6335.000       20960.000       -5981.000      -21820.000       21585.000       15672.000 
-12435  
-1  22  36           36.567         12          11.877         64          63.981          17.464         -59.432        1065.000       -3675.000        1398.000       11902.000      -11285.000       -3407.000        7914.000         737.000 
-12435  
-1  12  37           46.890          4           4.274         64          64.003          30.436         -51.980       16305.000       -7276.000       -6861.000       20689.000       -5433.000      -21720.000       20701.000       16756.000 
-12435  
-1  22  38           37.490         12          11.816         64          64.027          17.010         -59.756        1832.000       -4142.000        1244.000       11477.000      -10708.000       -3057.000        7481.000         856.000 
-12435  
-1  12  39           46.777          4           4.275         64          63.998          30.155         -51.984       15921.000       -8151.000       -5952.000       20815.000       -6689.000      -21342.000       21803.000       15439.000 
-12435  
-1  22  40           36.933         12          11.844         64          63.986          16.661         -59.979        2111.000       -4432.000        1010.000       11354.000      -10420.000       -3187.000        6645.000         920.000 
-12435  
-1  12  41           46.257          4           4.278         64          63.985          30.164         -52.028       15835.000       -7903.000       -6386.000       21293.000       -6318.000      -21210.000       21454.000       15004.000 
-12435  
-1  22  42           38.390         12          11.870         64          64.029          16.924         -59.769        2008.000       -4227.000         880.000       11402.000      -10324.000       -3549.000        7785.000        1000.000 
-12435  
-1  12  43           46.643          4           4.275         64          64.004          29.660         -52.109       15847.000       -7600.000       -5410.000       21053.000       -6492.000      -20938.000       21274.000       15214.000 
-12435  
-1  22  44           37.710         12          11.817         64          63.989          17.098         -59.901        1917.000       -4161.000        2085.000       11248.000      -10734.000       -1830.000        7159.000        1362.000 
-12435  
-1  12  45           46.050          4           4.276         64          64.007          30.455         -52.009       16372.000       -6939.000       -6448.000       21150.000       -5872.000      -21364.000       21424.000       15362.000 
-12435  
-1  22  46           39.100         12          11.866         64          64.035          17.219         -59.553        1949.000       -4513.000        2350.000       11591.000      -10816.000       -2235.000        7944.000        1175.000 
-12435  
-1  12  47           46.910          4           4.280         64          64.006          29.882         -52.006       16443.000       -7747.000       -6193.000       20742.000       -5906.000      -21462.000       21046.000       15977.000 
-12435  
-1  22  48           37.910         12          11.837         64          64.020          17.307         -59.515        1826.000       -3993.000        1720.000       11352.000      -11165.000       -3135.000        8235.000         385.000 
-12435  
-1  12  49           46.543          4           4.282         64          63.986          29.864         -52.013       15910.000       -7039.000       -7020.000       20760.000       -5116.000      -21669.000       20964.000       16473.000 
-12435  
-1  22  50           37.943         12          11.861         64          63.965          16.913         -59.875        1654.000       -4167.000        1493.000       11304.000      -10476.000       -1742.000        7908.000         232.000 
-12435  
-1  12  51           46.773          4           4.281         64          64.007          30.056         -51.961       16178.000       -7375.000       -6553.000       21073.000       -5824.000      -21517.000       21063.000       16412.000 
-12435  
-1  22  52           37.240         12          11.808         64          64.043          16.962         -59.894        3014.000       -3683.000        1947.000       10668.000      -11061.000       -2541.000        7375.000         774.000 
-12435  
-1  12  53           46.917          4           4.271         64          64.008          29.772         -52.126       16080.000       -6928.000       -6418.000       20573.000       -5257.000      -20950.000       20632.000       16589.000 
-12435  
-1  22  54           35.220         12          11.826         64          64.026          16.561         -60.204        2575.000       -2504.000         788.000       10926.000      -10218.000       -4154.000        6771.000        1138.000 
-12435  
-1  12  55           46.303          4           4.286         64          64.000          30.035         -52.000       16248.000       -7016.000       -6885.000       20830.000       -5624.000      -21638.000       21036.000       16078.000 
-12435  
-1  22  56           37.890         12          11.856         64          63.972          17.103         -59.750        2588.000       -4420.000        1792.000       11010.000      -11054.000       -3113.000        7173.000         975.000 
-12435  
-1  12  57           46.270          4           4.275         64          64.006          29.867         -52.081       15687.000       -7245.000       -6796.000       21017.000       -5644.000      -21083.000       21204.000       15679.000 
-12435  
-1  22  58           37.703         12          11.847         64          63.978          17.021         -59.672        1606.000       -3975.000        2071.000       12038.000      -10192.000       -3176.000        7666.000         858.000 
-12435  
-1  12  59           46.070          4           4.272         64          64.000          29.808         -52.117       16110.000       -6972.000       -6624.000       21122.000       -5308.000      -21504.000       20553.000       15198.000 
-12435  
-1  22  60           37.007         12          11.893         64          64.007          17.154         -59.523        1237.000       -5108.000        2584.000       11233.000      -12020.000       -2107.000        6551.000         792.000 
-12435  
-1  12  61           46.257          4           4.287         64          63.999          29.641         -52.176       15851.000       -6293.000       -7545.000       20787.000       -4789.000      -20848.000       20149.000       16512.000 
-12435  
-1  22  62           37.050         12          11.870         64          63.982          17.050         -59.787        2172.000       -4547.000        1568.000       11572.000      -10743.000       -2090.000        7088.000         568.000 
-12435  
-1  12  63           46.970          4           4.281         64          64.001          30.049         -52.045       16209.000       -7333.000       -6755.000       20824.000       -5480.000      -21329.000       20405.000       16657.000 
-12435  
-1  22  64           38.357         12          11.817         64          63.998          17.173         -59.759        1409.000       -5276.000        2878.000       10468.000      -11715.000       -1340.000        6894.000         224.000 
-12435  
-1  12  65           46.530          4           4.275         64          63.995          29.996         -51.993       15696.000       -7757.000       -5709.000       21082.000       -6352.000      -21255.000       22073.000       15349.000 
-12435  
-1  22  66           37.770         12          11.811         64          64.001          16.649         -60.025        2107.000       -4429.000        1544.000       10654.000      -10861.000       -2011.000        7235.000         355.000 
-12435  
-1  12  67           46.267          4           4.283         64          64.002          30.132         -52.000       16073.000       -6916.000       -5834.000       21110.000       -6452.000      -21103.000       21799.000       15729.000 
-12435  
-1  22  68           37.230         12          11.821         64          64.004          17.121         -59.541        2422.000       -4316.000        2266.000       12151.000      -10522.000       -1348.000        7847.000         264.000 
-12435  
-1  12  69           46.737          4           4.281         64          64.018          29.953         -52.004       16303.000       -7480.000       -6042.000       21239.000       -6370.000      -21053.000       21142.000       15919.000 
-12435  
-1  22  70           36.453         12          11.816         64          64.057          17.014         -59.821        1734.000       -4499.000        3823.000       11250.000      -10769.000        -868.000        6931.000        -597.000 
-12435  
-1  12  71           46.530          4           4.284         64          64.009          29.963         -52.000       16437.000       -7548.000       -6548.000       20867.000       -6044.000      -21502.000       21074.000       15704.000 
-12435  
-1  22  72           36.907         12          11.836         64          63.981          17.183         -59.728        1840.000       -3556.000        1550.000       12034.000      -10176.000       -2899.000        7816.000         632.000 
-12435  
-1  12  73           46.243          4           4.282         64          64.012          30.289         -51.992       15619.000       -8103.000       -5886.000       21434.000       -7156.000      -20992.000       22013.000       14793.000 
-12435  
-1  22  74           38.130         12          11.859         64          64.016          17.109         -59.712        2011.000       -4075.000        1492.000       11371.000      -10961.000       -2834.000        7374.000        1787.000 
-12435  
-1  12  75           46.337          4           4.287         64          63.996          30.039         -51.955       16334.000       -6858.000       -6874.000       21119.000       -5791.000      -21624.000       20945.000       16401.000 
-12435  
-1  22  76           38.647         12          11.848         64          63.988          16.832         -60.055         814.000       -4030.000        2504.000       10543.000      -10621.000       -2148.000        7780.000          34.000 
-12435  
-1  12  77           46.347          4           4.285         64          64.004          30.181         -51.969       16566.000       -7650.000       -7037.000       21026.000       -6210.000      -21199.000       21258.000       15654.000 
-12435  
-1  22  78           36.913         12          11.833         64          63.991          16.698         -59.989        1002.000       -4400.000        3684.000       10535.000      -11089.000       -1012.000        6893.000        -758.000 
-12435  
-1  12  79           46.630          4           4.274         64          63.994          29.963         -52.112       16174.000       -8044.000       -5449.000       20936.000       -7049.000      -20806.000       21223.000       14737.000 
-12435  
-1  22  80           35.887         12          11.816         64          64.038          17.915         -59.059        1913.000       -4540.000         529.000       12818.000      -11593.000       -3827.000        7339.000        1006.000 
-12435  
-1  12  81           46.753          4           4.270         64          63.990          29.952         -51.999       16534.000       -7767.000       -6168.000       20943.000       -6661.000      -20922.000       21382.000       15681.000 
-12435  
-1  22  82           36.397         12          11.843         64          63.989          17.337         -59.610        2795.000       -4041.000        1344.000       11913.000      -10751.000       -2753.000        7404.000         346.000 
-12435  
-1  12  83           46.213          4           4.288         64          63.992          29.753         -52.092       16247.000       -7435.000       -6357.000       20960.000       -6547.000      -21041.000       20969.000       15139.000 
-12435  
-1  22  84           36.813         12          11.847         64          63.992          17.426         -59.496        2097.000       -4858.000        2024.000       11558.000      -11608.000       -2197.000        7057.000         290.000 
-12435  
-1  12  85           46.647          4           4.274         64          63.998          30.167         -52.007       15739.000       -7783.000       -5767.000       21260.000       -6743.000      -20961.000       21751.000       15510.000 
-12435  
-1  22  86           35.620         12          11.807         64          64.043          17.003         -59.751        1827.000       -3844.000         917.000       11967.000      -10754.000       -2620.000        7033.000         843.000 
-12435  
-1  12  87           46.740          4           4.276         64          64.001          30.245         -51.976       15995.000       -7582.000       -6448.000       20906.000       -5797.000      -21311.000       21618.000       16103.000 
-12435  
-1  22  88           37.410         12          11.863         64          64.017          17.082         -59.967        1755.000       -4321.000        1721.000       10807.000      -11055.000       -2020.000        7104.000         588.000 
-12435  
-1  12  89           46.917          4           4.281         64          63.998          30.223         -51.985       15990.000       -8171.000       -6055.000       21082.000       -5788.000      -21472.000       21417.000       15659.000 
-12435  
-1  22  90           35.243         12          11.788         64          64.004          16.675         -60.027        1414.000       -4014.000        2317.000       11600.000      -10398.000        -688.000        6861.000        -736.000 
-12435  
-1  12  91           46.367          4           4.275         64          63.993          29.870         -52.050       15870.000       -7366.000       -6630.000       20940.000       -6358.000      -20931.000       21370.000       15772.000 
-12435  
-1  22  92           38.373         12          11.848         64          64.025          17.126         -59.848        1927.000       -3282.000        1496.000       11154.000      -10604.000       -3179.000        7693.000        2150.000 
-12435  
-1  12  93           46.540          4           4.286         64          64.007          29.990         -51.942       16209.000       -7530.000       -6446.000       21519.000       -6047.000      -21302.000       21321.000       15910.000 
-12435  
-1  22  94           38.663         12          11.851         64          64.016          16.784         -60.102        1705.000       -4453.000        3135.000       10689.000      -10222.000        -778.000        7547.000          29.000 
-12435  
-1  12  95           46.440          4           4.294         64          63.999          30.359         -52.075       15956.000       -7196.000       -6567.000       21003.000       -6065.000      -21184.000       20798.000       15893.000 
-12435  
-1  22  96           37.987         12          11.854         64          64.008          17.120         -59.677        1882.000       -4118.000        1600.000       11441.000      -10934.000       -3216.000        7383.000        1518.000 
-12435  
-1  12  97           46.207          4           4.282         64          64.001          30.043         -51.933       16233.000       -7217.000       -6725.000       21085.000       -6375.000      -21331.000       21734.000       15895.000 
-12435  
-1  22  98           36.583         12          11.826         64          64.025          16.963         -59.909        1172.000       -3646.000        2516.000       11152.000      -10817.000       -2425.000        7395.000          -5.000 
-12435  
-1  12  99           46.320          4           4.281         64          63.993          30.324         -52.000       15774.000       -7652.000       -5470.000       21272.000       -6841.000      -21567.000       21577.000       15099.000 
-12435  
