-1  12  1           16.960          4           4.325         64          64.002          35.961         -45.717       12646.000       39474.000      -31595.000       38786.000      -33814.000       19792.000      -38815.000      -34877.000 
-12435  
-1  22  2           17.000         12          11.944         64          63.999          41.211         -35.342      -91624.000      -87040.000       53040.000     -145845.000       86510.000      -94647.000      181081.000       56041.000 
-12435  
-1  12  3           16.953          4           4.326         64          64.007          36.083         -45.729       13138.000       38632.000      -31139.000       39414.000      -33786.000       20288.000      -39103.000      -34416.000 
-12435  
-1  22  4           17.003         12          11.945         64          64.001          41.017         -35.359      -76693.000     -100359.000       75520.000     -135362.000       99845.000      -78805.000      169195.000       85316.000 
-12435  
-1  12  5           16.993          4           4.325         64          63.996          36.290         -45.757       13544.000       38192.000      -31372.000       39084.000      -33708.000       19526.000      -38693.000      -35106.000 
-12435  
-1  22  6           16.997         12          11.946         64          64.001          41.099         -35.332      -84238.000      -94969.000       64528.000     -141404.000       92128.000      -87922.000      176835.000       69794.000 
-12435  
-1  12  7           16.973          4           4.330         64          64.002          36.257         -45.750       11735.000       38926.000      -32746.000       37756.000      -34224.000       18267.000      -38117.000      -36122.000 
-12435  
-1  22  8           17.000         12          11.944         64          64.001          41.190         -35.339      -90971.000      -87521.000       53541.000     -145658.000       86227.000      -93531.000      181690.000       57178.000 
-12435  
-1  12  9           16.967          4           4.328         64          64.003          36.062         -45.714       13270.000       38564.000      -31441.000       38899.000      -34330.000       19985.000      -39078.000      -34837.000 
-12435  
-1  22  10           17.000         12          11.945         64          64.003          41.048         -35.353      -74133.000     -102813.000       78914.000     -133199.000      101673.000      -76473.000      167466.000       89041.000 
-12435  
-1  12  11           16.973          4           4.331         64          63.999          36.182         -45.695       13755.000       38432.000      -31232.000       39206.000      -34250.000       20012.000      -39675.000      -34557.000 
-12435  
-1  22  12           17.000         12          11.945         64          64.000          41.243         -35.350      -80796.000      -97216.000       68953.000     -138532.000       95984.000      -83466.000      173606.000       77596.000 
-12435  
-1  12  13           16.983          4           4.326         64          64.002          36.234         -45.718       14535.000       38556.000      -30751.000       39466.000      -33295.000       19952.000      -40357.000      -33756.000 
-12435  
-1  22  14           17.000         12          11.946         64          64.000          41.339         -35.366      -89979.000      -88158.000       55382.000     -144755.000       86846.000      -91930.000      180214.000       59613.000 
-12435  
-1  12  15           16.983          4           4.327         64          64.005          36.278         -45.719       12403.000       38910.000      -32193.000       38600.000      -34704.000       18754.000      -38014.000      -35761.000 
-12435  
-1  22  16           17.000         12          11.945         64          63.999          41.586         -35.353      -74386.000     -102350.000       77917.000     -134023.000      101616.000      -76983.000      167738.000       88153.000 
-12435  
-1  12  17           16.970          4           4.326         64          63.997          36.024         -45.733       11167.000       39240.000      -33257.000       37468.000      -34856.000       18169.000      -37194.000      -36652.000 
-12435  
-1  22  18           17.003         12          11.944         64          64.003          41.387         -35.362      -76275.000     -100927.000       76497.000     -133930.000      100158.000      -78259.000      169058.000       86455.000 
-12435  
-1  12  19           16.977          4           4.327         64          64.002          36.166         -45.700       13397.000       38611.000      -32176.000       38893.000      -33921.000       19728.000      -38816.000      -35298.000 
-12435  
-1  22  20           17.003         12          11.945         64          63.997          41.274         -35.312      -76682.000     -101507.000       75568.000     -135335.000      100987.000      -79313.000      170063.000       86246.000 
-12435  
-1  12  21           16.983          4           4.325         64          64.006          36.100         -45.741       12094.000       39127.000      -32531.000       37899.000      -34228.000       18216.000      -38253.000      -35963.000 
-12435  
-1  22  22           17.003         12          11.944         64          64.005          41.130         -35.376      -83187.000      -95757.000       66712.000     -138602.000       94093.000      -85775.000      173851.000       74347.000 
-12435  
-1  12  23           16.993          4           4.326         64          64.005          36.204         -45.700       14628.000       38574.000      -30326.000       39846.000      -33405.000       20401.000      -39985.000      -34236.000 
-12435  
-1  22  24           17.000         12          11.946         64          64.003          41.382         -35.365      -81241.000      -96209.000       68605.000     -138518.000       95102.000      -83562.000      174140.000       76413.000 
-12435  
-1  12  25           16.983          4           4.325         64          64.001          36.370         -45.705       13125.000       38888.000      -32408.000       38331.000      -34192.000       19338.000      -38452.000      -35725.000 
-12435  
-1  22  26           17.000         12          11.945         64          63.998          41.390         -35.323      -81874.000      -96983.000       69104.000     -139026.000       95744.000      -85226.000      174065.000       76691.000 
-12435  
-1  12  27           16.980          4           4.327         64          64.002          36.112         -45.731       11943.000       39158.000      -33137.000       37451.000      -34851.000       17923.000      -37711.000      -36270.000 
-12435  
-1  22  28           17.000         12          11.948         64          64.003          41.194         -35.366      -74810.000     -102693.000       78398.000     -132979.000      101479.000      -76671.000      167596.000       87699.000 
-12435  
-1  12  29           16.977          4           4.323         64          64.003          36.404         -45.706       12579.000       38872.000      -32264.000       38381.000      -34435.000       19162.000      -38511.000      -35777.000 
-12435  
-1  22  30           17.003         12          11.944         64          64.003          41.344         -35.354      -83152.000      -95665.000       65801.000     -140034.000       94497.000      -85083.000      174878.000       73633.000 
-12435  
-1  12  31           16.977          4           4.328         64          64.002          36.210         -45.735       12079.000       38987.000      -32538.000       38050.000      -34517.000       18362.000      -38124.000      -35891.000 
-12435  
-1  22  32           17.000         12          11.943         64          64.002          41.251         -35.364      -75241.000     -101268.000       76348.000     -134015.000      100285.000      -78422.000      168962.000       86549.000 
-12435  
-1  12  33           16.990          4           4.326         64          64.004          36.075         -45.688       13241.000       39367.000      -31932.000       38910.000      -34093.000       19455.000      -38457.000      -35436.000 
-12435  
-1  22  34           17.003         12          11.947         64          64.004          41.114         -35.366      -82041.000      -95579.000       68296.000     -138699.000       94517.000      -84377.000      174331.000       75476.000 
-12435  
-1  12  35           16.963          4           4.328         64          64.002          36.311         -45.717       12024.000       39152.000      -32151.000       38268.000      -34108.000       18727.000      -39064.000      -35539.000 
-12435  
-1  22  36           17.000         12          11.945         64          64.004          41.209         -35.366      -81129.000      -97680.000       68736.000     -138259.000       95942.000      -83444.000      172809.000       76939.000 
-12435  
-1  12  37           16.973          4           4.326         64          64.000          36.121         -45.726       13646.000       38740.000      -30682.000       39399.000      -33401.000       20280.000      -39727.000      -34261.000 
-12435  
-1  22  38           17.000         12          11.946         64          63.999          41.148         -35.351      -79828.000      -98153.000       70593.000     -137957.000       97012.000      -82262.000      172648.000       78953.000 
-12435  
-1  12  39           16.990          4           4.328         64          64.011          36.028         -45.722       14144.000       38652.000      -30505.000       39698.000      -33414.000       19916.000      -39830.000      -34174.000 
-12435  
-1  22  40           17.003         12          11.945         64          64.000          41.119         -35.356      -75692.000     -101934.000       77017.000     -133731.000      100618.000      -77132.000      168597.000       87697.000 
-12435  
-1  12  41           16.973          4           4.325         64          64.001          36.079         -45.737       13387.000       38945.000      -31886.000       38838.000      -34281.000       19210.000      -38668.000      -34345.000 
-12435  
-1  22  42           17.007         12          11.945         64          63.999          41.173         -35.341      -82924.000      -96056.000       68218.000     -138885.000       94965.000      -84984.000      174125.000       76423.000 
-12435  
-1  12  43           16.980          4           4.329         64          64.001          36.052         -45.745       11682.000       38988.000      -32695.000       38285.000      -34322.000       17896.000      -37946.000      -35983.000 
-12435  
-1  22  44           17.003         12          11.943         64          64.002          41.186         -35.359      -83020.000      -96133.000       67699.000     -138395.000       94849.000      -84267.000      174590.000       74955.000 
-12435  
-1  12  45           16.983          4           4.330         64          64.002          35.962         -45.712       12676.000       38660.000      -32338.000       38583.000      -34348.000       18778.000      -38547.000      -35766.000 
-12435  
-1  22  46           17.000         12          11.948         64          64.000          41.128         -35.356      -75253.000     -101367.000       76488.000     -134034.000      101170.000      -78856.000      168448.000       86896.000 
-12435  
-1  12  47           16.977          4           4.326         64          64.002          36.220         -45.805       12564.000       38277.000      -32221.000       38373.000      -33669.000       18682.000      -38052.000      -35264.000 
-12435  
-1  22  48           17.000         12          11.944         64          64.003          40.993         -35.362      -79989.000      -98298.000       70330.000     -137447.000       97315.000      -82270.000      172408.000       78350.000 
-12435  
-1  12  49           16.967          4           4.324         64          64.003          36.127         -45.723       13105.000       38851.000      -31490.000       38546.000      -33687.000       19941.000      -39368.000      -35004.000 
-12435  
-1  22  50           17.003         12          11.944         64          64.002          41.271         -35.371      -82383.000      -94840.000       65948.000     -139420.000       94550.000      -85129.000      174335.000       75312.000 
-12435  
-1  12  51           16.970          4           4.328         64          64.004          36.374         -45.704       12950.000       38535.000      -31608.000       39361.000      -33851.000       19124.000      -39717.000      -34840.000 
-12435  
-1  22  52           17.000         12          11.942         64          64.000          41.267         -35.362      -81156.000      -96578.000       68559.000     -138877.000       94329.000      -83999.000      174269.000       75971.000 
-12435  
-1  12  53           16.977          4           4.327         64          64.004          36.151         -45.701       13087.000       38323.000      -31572.000       38902.000      -34389.000       19195.000      -39664.000      -35145.000 
-12435  
-1  22  54           17.000         12          11.943         64          64.003          41.269         -35.359      -79490.000      -97688.000       71046.000     -136994.000       97110.000      -83004.000      172299.000       79868.000 
-12435  
-1  12  55           16.947          4           4.326         64          64.006          36.184         -45.719       13267.000       38289.000      -31197.000       39334.000      -33979.000       20177.000      -39643.000      -34331.000 
-12435  
-1  22  56           17.003         12          11.944         64          63.999          41.181         -35.356      -73529.000     -102756.000       78813.000     -133170.000      102351.000      -75614.000      166836.000       90524.000 
-12435  
-1  12  57           16.977          4           4.327         64          64.002          36.467         -45.697       13880.000       38773.000      -31724.000       38972.000      -33939.000       19620.000      -39588.000      -34519.000 
-12435  
-1  22  58           17.003         12          11.942         64          64.003          41.331         -35.358      -82905.000      -95074.000       67187.000     -139658.000       94275.000      -84922.000      174900.000       73984.000 
-12435  
-1  12  59           16.977          4           4.325         64          64.006          36.240         -45.749       13649.000       38834.000      -31526.000       38556.000      -34375.000       19797.000      -38494.000      -34432.000 
-12435  
-1  22  60           17.003         12          11.944         64          64.000          41.186         -35.352      -77653.000      -99851.000       74170.000     -135219.000       98762.000      -80446.000      170852.000       83735.000 
-12435  
-1  12  61           16.970          4           4.324         64          64.002          36.190         -45.767       12650.000       38540.000      -32204.000       38381.000      -34235.000       18985.000      -38192.000      -35141.000 
-12435  
-1  22  62           17.003         12          11.945         64          64.003          41.443         -35.349      -89209.000      -90400.000       57862.000     -143606.000       89087.000      -91069.000      178748.000       63175.000 
-12435  
-1  12  63           16.963          4           4.323         64          63.993          36.350         -45.709       12649.000       39072.000      -32750.000       38019.000      -34794.000       18882.000      -38376.000      -35355.000 
-12435  
-1  22  64           17.000         12          11.943         64          64.003          41.295         -35.344      -84137.000      -95216.000       65044.000     -141145.000       93149.000      -85863.000      175760.000       71773.000 
-12435  
-1  12  65           16.963          4           4.331         64          64.002          35.999         -45.711       13461.000       38358.000      -31441.000       39158.000      -33671.000       20048.000      -39737.000      -34639.000 
-12435  
-1  22  66           17.003         12          11.946         64          64.002          41.142         -35.341      -80649.000      -97834.000       70283.000     -138342.000       97002.000      -82508.000      172889.000       78606.000 
-12435  
-1  12  67           16.987          4           4.324         64          63.993          36.251         -45.729       14215.000       38174.000      -31141.000       39694.000      -33834.000       19417.000      -39582.000      -34071.000 
-12435  
-1  22  68           17.000         12          11.943         64          64.001          41.334         -35.356      -71215.000     -104775.000       82036.000     -131089.000      103009.000      -74562.000      165110.000       93408.000 
-12435  
-1  12  69           16.947          4           4.328         64          64.001          36.156         -45.681       12217.000       39341.000      -32565.000       38677.000      -34480.000       19333.000      -38451.000      -35405.000 
-12435  
-1  22  70           17.000         12          11.941         64          64.000          41.360         -35.374      -73142.000     -103266.000       79850.000     -131037.000      102869.000      -76337.000      166267.000       90201.000 
-12435  
-1  12  71           16.977          4           4.326         64          64.004          36.141         -45.756       13437.000       38197.000      -31063.000       39606.000      -33743.000       19351.000      -39280.000      -34256.000 
-12435  
-1  22  72           17.003         12          11.943         64          63.999          41.247         -35.345      -83209.000      -95720.000       65872.000     -139648.000       93982.000      -86092.000      175079.000       74489.000 
-12435  
-1  12  73           16.950          4           4.323         64          64.004          36.158         -45.701       13292.000       38509.000      -31512.000       39119.000      -33885.000       19956.000      -39870.000      -34500.000 
-12435  
-1  22  74           17.003         12          11.944         64          63.999          41.069         -35.373      -94456.000      -84246.000       49420.000     -145906.000       83704.000      -95674.000      181926.000       52524.000 
-12435  
-1  12  75           16.990          4           4.325         64          64.002          36.279         -45.696       13260.000       39216.000      -31814.000       39072.000      -33671.000       19342.000      -38779.000      -35418.000 
-12435  
-1  22  76           17.000         12          11.946         64          63.999          40.953         -35.353      -70877.000     -104784.000       83394.000     -130281.000      103649.000      -74060.000      164557.000       94612.000 
-12435  
-1  12  77           16.957          4           4.328         64          64.003          36.089         -45.658       12727.000       39045.000      -32121.000       38895.000      -34173.000       19395.000      -39663.000      -35295.000 
-12435  
-1  22  78           17.000         12          11.944         64          64.002          41.216         -35.367      -81706.000      -96466.000       67877.000     -138113.000       94838.000      -84787.000      174087.000       75775.000 
-12435  
-1  12  79           16.977          4           4.329         64          63.999          36.054         -45.762       13160.000       38231.000      -31424.000       38935.000      -33777.000       19238.000      -39141.000      -34780.000 
-12435  
-1  22  80           17.000         12          11.946         64          63.999          41.045         -35.355      -74735.000     -101447.000       77077.000     -133989.000      100753.000      -78675.000      168761.000       86931.000 
-12435  
-1  12  81           16.953          4           4.329         64          64.006          36.263         -45.736       12896.000       39136.000      -31813.000       38592.000      -33715.000       19648.000      -39021.000      -34582.000 
-12435  
-1  22  82           17.003         12          11.946         64          64.002          41.168         -35.345      -81539.000      -96490.000       68591.000     -138675.000       95690.000      -84185.000      174170.000       76812.000 
-12435  
-1  12  83           16.987          4           4.324         64          64.001          35.987         -45.732       12366.000       39001.000      -32398.000       38314.000      -34059.000       18546.000      -38212.000      -35972.000 
-12435  
-1  22  84           17.003         12          11.942         64          64.005          41.117         -35.372      -75901.000     -100903.000       76571.000     -133831.000      100642.000      -77995.000      168496.000       86472.000 
-12435  
-1  12  85           16.970          4           4.323         64          63.999          36.290         -45.669       12245.000       39172.000      -32831.000       37955.000      -34676.000       18808.000      -38761.000      -36216.000 
-12435  
-1  22  86           17.000         12          11.944         64          64.001          41.257         -35.332      -94038.000      -85442.000       49919.000     -146354.000       83873.000      -96851.000      182646.000       52926.000 
-12435  
-1  12  87           16.980          4           4.327         64          64.001          36.289         -45.667       12403.000       39282.000      -32394.000       39034.000      -34348.000       18729.000      -38667.000      -35781.000 
-12435  
-1  22  88           17.003         12          11.943         64          63.999          41.130         -35.355      -80973.000      -97382.000       69043.000     -137410.000       97054.000      -83142.000      173435.000       77793.000 
-12435  
-1  12  89           16.970          4           4.324         64          64.002          36.199         -45.713       13297.000       38903.000      -31227.000       39458.000      -33525.000       20265.000      -39085.000      -34655.000 
-12435  
-1  22  90           17.000         12          11.944         64          63.999          41.476         -35.343      -79708.000      -98600.000       71575.000     -138029.000       96424.000      -82750.000      172344.000       79467.000 
-12435  
-1  12  91           16.950          4           4.323         64          64.003          35.949         -45.726       12447.000       38967.000      -31842.000       38165.000      -34847.000       19223.000      -38879.000      -34936.000 
-12435  
-1  22  92           17.000         12          11.946         64          63.999          41.281         -35.326      -77778.000      -99697.000       72845.000     -136441.000       98913.000      -81247.000      172447.000       82005.000 
-12435  
-1  12  93           16.987          4           4.326         64          64.001          36.426         -45.748       13734.000       38796.000      -30916.000       38937.000      -33905.000       19332.000      -39507.000      -34191.000 
-12435  
-1  22  94           17.000         12          11.947         64          64.003          41.249         -35.351      -87536.000      -91371.000       59208.000     -143253.000       89398.000      -90479.000      178602.000       64253.000 
-12435  
-1  12  95           16.983          4           4.326         64          64.000          35.903         -45.749       12745.000       38784.000      -31402.000       38878.000      -34120.000       18632.000      -39018.000      -34910.000 
-12435  
-1  22  96           17.000         12          11.945         64          64.000          41.078         -35.349      -76851.000     -100817.000       75240.000     -135352.000       99335.000      -78833.000      170630.000       83863.000 
-12435  
-1  12  97           16.960          4           4.329         64          64.000          36.268         -45.732       11875.000       39009.000      -32721.000       37668.000      -34341.000       18867.000      -38226.000      -36064.000 
-12435  
-1  22  98           17.003         12          11.945         64          64.004          41.542         -35.340      -91712.000      -87462.000       53423.000     -145622.000       86616.000      -93792.000      180923.000       57536.000 
-12435  
-1  12  99           16.977          4           4.331         64          64.004          36.209         -45.686       12740.000       38805.000      -32752.000       38631.000      -34234.000       18650.000      -38856.000      -35714.000 
-12435  
