-1  12  1           47.187          4           4.286         64          64.009          28.742         -53.296       -7862.000      -13503.000       19188.000        3990.000      -18152.000        6125.000       12818.000      -17913.000 
-12435  
-1  22  2           17.990         11          11.397         64          64.025          10.388         -66.699        -915.000         692.000       -5328.000          72.000       -2964.000       -4793.000        1683.000       -1824.000 
-12435  
-1  12  3           46.977          4           4.303         64          64.011          28.697         -53.310       -9142.000      -12468.000       19509.000        3628.000      -17033.000        7416.000       11156.000      -19319.000 
-12435  
-1  22  4           26.727         12          11.536         64          64.030          10.510         -66.247       -1466.000        -135.000        4837.000       -2707.000        2645.000        5583.000       -1664.000       -1105.000 
-12435  
-1  12  5           47.090          4           4.293         64          64.006          28.521         -53.433       -9058.000      -11899.000       19310.000        3382.000      -16445.000        8016.000       11412.000      -19015.000 
-12435  
-1  22  6           18.040         11          11.467         64          63.957          10.105         -67.009        -417.000        1055.000       -4491.000         884.000       -4394.000       -4144.000        1017.000       -1791.000 
-12435  
-1  12  7           46.933          4           4.283         64          63.989          28.614         -53.465       -9055.000      -12249.000       19118.000        2831.000      -16784.000        8242.000       10602.000      -18878.000 
-12435  
-1  22  8           17.387         11          11.345         64          63.944          11.220         -65.891        -630.000         537.000       -5139.000         878.000       -4507.000       -4802.000        1458.000       -2843.000 
-12435  
-1  12  9           47.227          4           4.289         64          63.999          28.540         -53.416       -8316.000      -13180.000       19302.000        4391.000      -17061.000        6117.000       12382.000      -17991.000 
-12435  
-1  22  10           28.163         12          11.514         64          63.897           9.673         -67.354       -1116.000        -264.000        5016.000       -1325.000        1334.000        4767.000       -1153.000       -2023.000 
-12435  
-1  12  11           46.973          4           4.274         64          64.002          28.807         -53.392       -8337.000      -13189.000       19384.000        4389.000      -17349.000        6338.000       11981.000      -18022.000 
-12435  
-1  22  12           15.647         11          11.446         64          64.026          10.757         -66.338        -757.000         602.000       -5484.000         663.000       -3654.000       -5205.000          41.000       -1261.000 
-12435  
-1  12  13           47.127          4           4.289         64          64.004          28.582         -53.460       -8939.000      -12434.000       19423.000        3533.000      -16669.000        6624.000       11208.000      -18813.000 
-12435  
-1  22  14           23.760         12          11.524         64          64.008          10.709         -66.173        -726.000        -380.000        5508.000       -3166.000        2661.000        5070.000       -1486.000        -551.000 
-12435  
-1  12  15           47.430          4           4.281         64          64.004          28.677         -53.518       -9565.000      -12176.000       19117.000        3497.000      -16153.000        7162.000       10928.000      -18913.000 
-12435  
-1  22  16           28.597         12          11.639         64          64.002          10.694         -66.055       -2077.000        -418.000        5217.000       -3267.000        3130.000        4608.000       -1659.000       -1510.000 
-12435  
-1  12  17           46.957          4           4.298         64          63.996          28.822         -53.534       -8808.000      -12690.000       19172.000        3259.000      -16595.000        7549.000       10877.000      -18278.000 
-12435  
-1  22  18           23.940         12          11.646         64          63.877          10.115         -66.722        -736.000        -296.000        4601.000       -3011.000        3598.000        4528.000       -1506.000        -826.000 
-12435  
-1  12  19           47.347          4           4.280         64          63.988          28.450         -53.515       -9118.000      -12213.000       19190.000        3773.000      -16549.000        6705.000       11414.000      -18539.000 
-12435  
-1  22  20           27.307         12          11.600         64          64.051          10.231         -66.817       -1220.000         692.000        4803.000       -1810.000        2379.000        5050.000       -1629.000       -1921.000 
-12435  
-1  12  21           47.333          4           4.289         64          63.995          28.748         -53.293       -7907.000      -13141.000       19204.000        4339.000      -17803.000        5951.000       13181.000      -18239.000 
-12435  
-1  22  22           19.947         11          11.470         64          64.009          10.870         -66.149         378.000        1050.000       -5154.000         358.000       -3921.000       -4964.000        1973.000       -2214.000 
-12435  
-1  12  23           47.363          4           4.275         64          64.009          28.435         -53.508       -8699.000      -13339.000       18644.000        4399.000      -17109.000        6079.000       11938.000      -17807.000 
-12435  
-1  22  24           18.900         11          11.426         64          64.005          11.042         -66.434        -406.000        1340.000       -4988.000         418.000       -4412.000       -4429.000        1601.000       -1794.000 
-12435  
-1  12  25           47.330          4           4.289         64          63.999          28.565         -53.426       -9313.000      -12744.000       19468.000        3325.000      -16530.000        7007.000       11188.000      -18712.000 
-12435  
-1  22  26           23.530         12          11.530         64          64.009          10.656         -66.135       -1159.000         665.000        4771.000       -2071.000        3839.000        5402.000       -1946.000        -677.000 
-12435  
-1  12  27           47.730          4           4.287         64          63.994          28.922         -53.343       -9590.000      -12290.000       19617.000        2460.000      -16561.000        8045.000       11292.000      -19083.000 
-12435  
-1  22  28           25.277         12          11.592         64          64.086          11.046         -65.930        -892.000        -254.000        5312.000       -2242.000        3513.000        5321.000       -1972.000       -1442.000 
-12435  
-1  12  29           46.970          4           4.285         64          64.002          28.906         -53.318       -8803.000      -12765.000       19717.000        3144.000      -16985.000        7388.000       11284.000      -19068.000 
-12435  
-1  22  30           22.880         12          11.565         64          64.048          10.783         -66.270        -805.000         466.000        4759.000       -2622.000        3266.000        5557.000       -1385.000        -890.000 
-12435  
-1  12  31           47.013          4           4.293         64          64.005          28.663         -53.416       -9097.000      -12586.000       19161.000        3537.000      -17263.000        6942.000       10964.000      -18784.000 
-12435  
-1  22  32           17.930         11          11.482         64          64.031          10.774         -66.194        -160.000         584.000       -5351.000        -199.000       -3654.000       -5132.000        1769.000       -2024.000 
-12435  
-1  12  33           47.293          4           4.289         64          63.990          28.929         -53.427       -8641.000      -13526.000       19230.000        4086.000      -17076.000        6032.000       11925.000      -17950.000 
-12435  
-1  22  34           22.923         12          11.527         64          64.045          10.444         -66.187        -989.000         -25.000        5144.000       -1854.000        2872.000        5892.000       -1246.000        -833.000 
-12435  
-1  12  35           47.003          4           4.297         64          64.011          28.732         -53.287       -8386.000      -12982.000       19172.000        4301.000      -17419.000        6456.000       12163.000      -19116.000 
-12435  
-1  22  36           16.733         11          11.497         64          64.075          10.676         -66.519        -945.000         843.000       -4976.000         138.000       -3787.000       -5216.000         838.000       -1360.000 
-12435  
-1  12  37           47.023          4           4.293         64          64.000          28.341         -53.533       -9059.000      -12818.000       19391.000        3335.000      -16466.000        7450.000       10845.000      -18001.000 
-12435  
-1  22  38           22.650         12          11.516         64          64.026           9.998         -67.030        -891.000        -649.000        5391.000       -1543.000        2516.000        4739.000        -922.000        -601.000 
-12435  
-1  12  39           46.993          4           4.285         64          64.001          28.493         -53.399       -9588.000      -12092.000       19919.000        3023.000      -16162.000        8305.000       10492.000      -19015.000 
-12435  
-1  22  40           25.280         12          11.529         64          63.955          10.434         -66.271        -959.000        -415.000        5370.000       -2629.000        3203.000        4780.000       -1840.000       -1141.000 
-12435  
-1  12  41           46.970          4           4.287         64          64.003          28.817         -53.456       -8746.000      -12965.000       19424.000        3708.000      -16989.000        7143.000       11289.000      -18008.000 
-12435  
-1  22  42           26.607         12          11.528         64          64.018          10.879         -66.167       -1186.000        -635.000        5524.000       -1997.000        3605.000        4476.000       -2244.000       -1432.000 
-12435  
-1  12  43           47.543          4           4.288         64          63.989          28.456         -53.439       -8953.000      -12976.000       19261.000        3647.000      -16855.000        6959.000       11877.000      -18055.000 
-12435  
-1  22  44           26.033         12          11.573         64          64.024          10.561         -66.167       -1396.000        -531.000        5566.000       -2260.000        2974.000        4941.000       -2034.000        -854.000 
-12435  
-1  12  45           47.470          4           4.278         64          64.000          28.483         -53.438       -8581.000      -12718.000       19204.000        3677.000      -17115.000        6560.000       12173.000      -18197.000 
-12435  
-1  22  46           18.050         11          11.467         64          63.966          10.355         -66.689        -660.000         534.000       -5399.000         968.000       -2929.000       -4849.000        1232.000       -1832.000 
-12435  
-1  12  47           47.430          4           4.280         64          64.001          28.706         -53.409       -8575.000      -12426.000       19336.000        3358.000      -17061.000        6610.000       12077.000      -18670.000 
-12435  
-1  22  48           17.233         11          11.325         64          64.055          11.800         -65.622       -1556.000        1313.000       -6162.000         200.000       -3991.000       -4688.000        1402.000       -2152.000 
-12435  
-1  12  49           47.223          4           4.287         64          64.010          28.849         -53.442       -8810.000      -12344.000       19425.000        4008.000      -16835.000        6233.000       11733.000      -18663.000 
-12435  
-1  22  50           24.890         12          11.511         64          63.953          10.266         -66.368       -1511.000         321.000        5113.000       -1842.000        3316.000        5103.000       -1846.000        -783.000 
-12435  
-1  12  51           47.070          4           4.290         64          64.012          28.458         -53.411       -8751.000      -12910.000       19196.000        3858.000      -16787.000        7011.000       11580.000      -18707.000 
-12435  
-1  22  52           24.740         12          11.558         64          64.054          10.231         -66.570       -1559.000        -582.000        4554.000       -2845.000        3270.000        5086.000       -1217.000        -120.000 
-12435  
-1  12  53           47.123          4           4.281         64          63.996          28.874         -53.375       -9199.000      -12578.000       19585.000        3502.000      -16915.000        7063.000       11209.000      -18800.000 
-12435  
-1  22  54           23.273         12          11.542         64          63.919          10.110         -66.737       -1160.000        -206.000        4981.000       -1527.000        1752.000        5830.000       -1155.000        -329.000 
-12435  
-1  12  55           47.467          4           4.282         64          64.004          28.661         -53.289       -9892.000      -12425.000       19469.000        3148.000      -17425.000        7086.000       10973.000      -19164.000 
-12435  
-1  22  56           15.847         11          11.370         64          64.107          10.247         -67.420       -1199.000         771.000       -5190.000        -227.000       -2714.000       -4236.000         460.000       -1656.000 
-12435  
-1  12  57           47.060          4           4.282         64          63.990          28.513         -53.358       -9206.000      -13114.000       19376.000        3851.000      -17155.000        6760.000       11157.000      -18660.000 
-12435  
-1  22  58           21.707         12          11.514         64          64.004          10.656         -66.229        -808.000        -470.000        5177.000       -2166.000        3284.000        5590.000        -956.000        -205.000 
-12435  
-1  12  59           47.287          4           4.279         64          64.006          28.819         -53.317       -8974.000      -12869.000       19106.000        4050.000      -17436.000        7071.000       12094.000      -18587.000 
-12435  
-1  22  60           18.093         11          11.476         64          64.038          10.612         -66.440        -488.000         726.000       -5516.000         781.000       -4167.000       -4300.000        1464.000       -1410.000 
-12435  
-1  12  61           47.133          4           4.276         64          64.000          28.575         -53.382       -9091.000      -12788.000       19493.000        3510.000      -16628.000        6969.000       11243.000      -19014.000 
-12435  
-1  22  62           18.743         11          11.362         64          63.940           9.899         -67.067       -1403.000        1159.000       -5067.000         959.000       -2866.000       -4347.000        1523.000       -1671.000 
-12435  
-1  12  63           47.140          4           4.290         64          64.015          28.515         -53.388       -8863.000      -12917.000       19256.000        3829.000      -17192.000        6600.000       11579.000      -18583.000 
-12435  
-1  22  64           19.870         12          11.547         64          64.095          10.669         -66.040        -249.000         -65.000        5677.000       -1396.000        2834.000        5918.000        -776.000        -902.000 
-12435  
-1  12  65           47.300          4           4.290         64          64.001          28.597         -53.460       -8744.000      -13116.000       18864.000        4189.000      -17134.000        6709.000       12005.000      -17918.000 
-12435  
-1  22  66           28.773         12          11.542         64          64.083          10.303         -66.439       -1246.000       -1437.000        4844.000       -1948.000        3131.000        4883.000       -1492.000       -2246.000 
-12435  
-1  12  67           47.143          4           4.286         64          64.000          28.847         -53.293       -8446.000      -12945.000       19570.000        4025.000      -17213.000        6695.000       12332.000      -18715.000 
-12435  
-1  22  68           25.640         12          11.544         64          64.096          10.860         -66.069        -907.000        -603.000        4097.000       -3298.000        4065.000        5293.000       -2103.000        -607.000 
-12435  
-1  12  69           47.210          4           4.289         64          64.009          28.580         -53.436       -8941.000      -13006.000       19493.000        3992.000      -16934.000        6227.000       11542.000      -18158.000 
-12435  
-1  22  70           24.590         12          11.519         64          63.968           9.937         -66.858        -897.000         989.000        4422.000       -2924.000        2894.000        4527.000       -2513.000         345.000 
-12435  
-1  12  71           46.983          4           4.281         64          63.995          28.839         -53.438       -9290.000      -12319.000       19592.000        3710.000      -16324.000        7515.000       10812.000      -18907.000 
-12435  
-1  22  72           16.070         11          11.477         64          63.988          10.693         -66.537       -1592.000         603.000       -5152.000        -418.000       -3485.000       -4997.000        1174.000       -1445.000 
-12435  
-1  12  73           46.793          4           4.288         64          63.993          28.858         -53.331       -8767.000      -12458.000       19968.000        3368.000      -16765.000        7269.000       11061.000      -19244.000 
-12435  
-1  22  74           20.967         12          11.516         64          63.999          10.826         -65.997        -458.000         -40.000        4671.000       -2321.000        4058.000        5826.000       -1267.000        -246.000 
-12435  
-1  12  75           47.120          4           4.286         64          64.005          28.525         -53.477       -9701.000      -12758.000       18926.000        2946.000      -16188.000        7822.000       10227.000      -19192.000 
-12435  
-1  22  76           25.777         12          11.522         64          64.071          10.059         -66.838       -1106.000        -251.000        4796.000       -2509.000        2206.000        5202.000       -1186.000       -1254.000 
-12435  
-1  12  77           47.167          4           4.286         64          64.003          28.466         -53.406       -9137.000      -12038.000       19173.000        3506.000      -17502.000        6878.000       11290.000      -18820.000 
-12435  
-1  22  78           19.280         11          11.434         64          63.989           9.415         -67.940        -971.000        1736.000       -4492.000         416.000       -2793.000       -3667.000        1324.000       -1872.000 
-12435  
-1  12  79           46.733          4           4.287         64          64.000          28.512         -53.425       -8312.000      -13454.000       19246.000        4759.000      -17335.000        6748.000       11633.000      -17683.000 
-12435  
-1  22  80           22.717         12          11.581         64          63.977          11.099         -65.649        -812.000         -93.000        5430.000       -2856.000        3310.000        5889.000       -1212.000        -837.000 
-12435  
-1  12  81           47.123          4           4.297         64          64.002          28.557         -53.484       -8408.000      -13235.000       18987.000        4717.000      -16891.000        6121.000       12114.000      -17879.000 
-12435  
-1  22  82           18.597         11          11.483         64          64.021          10.984         -66.213       -1366.000         830.000       -5342.000         -60.000       -4371.000       -4149.000        2618.000       -1165.000 
-12435  
-1  12  83           47.307          4           4.278         64          63.999          28.497         -53.436       -8733.000      -12209.000       19519.000        3911.000      -16842.000        6320.000       11945.000      -18591.000 
-12435  
-1  22  84           25.973         12          11.535         64          63.966          10.897         -65.920       -1291.000        -808.000        5735.000       -2626.000        2957.000        5051.000       -1837.000       -1079.000 
-12435  
-1  12  85           47.233          4           4.281         64          63.991          28.700         -53.368       -8941.000      -13130.000       19176.000        3871.000      -17446.000        7090.000       11871.000      -18038.000 
-12435  
-1  22  86           22.247         12          11.507         64          63.984          10.030         -66.617        -912.000         -87.000        5279.000       -2666.000        2077.000        5304.000        -791.000        -141.000 
-12435  
-1  12  87           46.963          4           4.295         64          64.002          28.705         -53.456       -8742.000      -12969.000       19022.000        4117.000      -16693.000        6838.000       11290.000      -18722.000 
-12435  
-1  22  88           19.420         11          11.454         64          63.911          10.493         -66.761         117.000         919.000       -4718.000         780.000       -4508.000       -4001.000        1680.000       -1947.000 
-12435  
-1  12  89           47.203          4           4.280         64          63.993          29.103         -53.364       -8798.000      -12731.000       19565.000        3755.000      -16728.000        7004.000       11880.000      -18741.000 
-12435  
-1  22  90           18.757         11          11.381         64          63.983          11.130         -66.316        -792.000        1052.000       -4994.000        -222.000       -3916.000       -4974.000        2132.000       -1584.000 
-12435  
-1  12  91           47.413          4           4.273         64          64.009          28.620         -53.456       -9191.000      -12129.000       18917.000        3883.000      -17000.000        6936.000       11627.000      -18715.000 
-12435  
-1  22  92           25.043         12          11.571         64          64.109          10.564         -66.285       -1224.000         950.000        5847.000       -2027.000        2358.000        4751.000       -1756.000       -1575.000 
-12435  
-1  12  93           47.240          4           4.282         64          64.018          28.949         -53.429       -9389.000      -12634.000       19132.000        3058.000      -16969.000        7323.000       10911.000      -18767.000 
-12435  
-1  22  94           25.653         12          11.529         64          63.984          10.073         -66.955       -1659.000         342.000        5089.000       -2152.000        1770.000        4988.000       -1374.000        -670.000 
-12435  
-1  12  95           47.423          4           4.286         64          64.007          28.521         -53.387       -8952.000      -12567.000       18838.000        3983.000      -17552.000        6325.000       11938.000      -18715.000 
-12435  
-1  22  96           18.140         11          11.375         64          63.987          10.180         -66.936       -1011.000        1064.000       -4845.000         650.000       -3625.000       -4504.000        1345.000       -1655.000 
-12435  
-1  12  97           46.857          4           4.291         64          64.012          28.699         -53.378       -8232.000      -12683.000       19395.000        4150.000      -17452.000        6910.000       11919.000      -18339.000 
-12435  
-1  22  98           16.257         11          11.387         64          64.086          10.585         -66.587        -833.000        1007.000       -5033.000         850.000       -4481.000       -4143.000         425.000       -2051.000 
-12435  
-1  12  99           47.103          4           4.299         64          63.999          28.650         -53.546       -9236.000      -12384.000       19206.000        3308.000      -16615.000        7134.000       10720.000      -18363.000 
-12435  
