-1  22  1           41.950         12          11.922         64          64.007          32.723         -43.926       17114.000       39462.000      -62796.000       -8316.000       44335.000      -35750.000      -18961.000       57791.000 
-12435  
-1  12  2           41.020          4           4.288         64          64.002          31.183         -50.910       16426.000        7985.000      -23746.000        7326.000       12067.000      -25748.000       10890.000       26194.000 
-12435  
-1  22  3           41.947         12          11.916         64          63.997          32.953         -43.898       24370.000       35053.000      -63790.000        1669.000       37714.000      -42784.000       -8430.000       60591.000 
-12435  
-1  12  4           40.897          4           4.299         64          64.001          31.294         -50.877       16628.000        8322.000      -23570.000        7335.000       11423.000      -26508.000       11173.000       25899.000 
-12435  
-1  22  5           41.843         12          11.910         64          63.999          32.990         -43.931       25637.000       33894.000      -63759.000        4415.000       37247.000      -44051.000       -6181.000       59448.000 
-12435  
-1  12  6           40.840          4           4.292         64          64.002          30.931         -50.987       16091.000        8394.000      -23642.000        6814.000       12374.000      -25912.000       10134.000       25638.000 
-12435  
-1  22  7           42.097         12          11.925         64          63.995          33.068         -43.903       17748.000       38516.000      -62908.000       -9766.000       45404.000      -34446.000      -20365.000       57973.000 
-12435  
-1  12  8           40.783          4           4.290         64          63.990          31.222         -50.888       15168.000        9559.000      -24883.000        4935.000       13631.000      -25094.000        8031.000       27068.000 
-12435  
-1  22  9           41.757         12          11.918         64          64.006          33.000         -43.975       18520.000       38660.000      -63261.000       -7641.000       43195.000      -36246.000      -16210.000       57631.000 
-12435  
-1  12  10           41.090          4           4.290         64          64.007          31.009         -50.984       15092.000       10021.000      -24505.000        4311.000       14515.000      -23807.000        7127.000       27308.000 
-12435  
-1  22  11           41.873         12          11.921         64          64.004          32.671         -43.924       20617.000       37093.000      -63419.000       -4740.000       42556.000      -39025.000      -14540.000       58475.000 
-12435  
-1  12  12           40.843          4           4.298         64          64.006          31.285         -50.909       16018.000        8486.000      -24020.000        6108.000       12438.000      -25789.000       10119.000       26453.000 
-12435  
-1  22  13           41.953         12          11.924         64          63.999          33.093         -43.895       18008.000       38609.000      -63128.000       -9060.000       44969.000      -36516.000      -19386.000       57303.000 
-12435  
-1  12  14           40.997          4           4.288         64          63.991          31.354         -50.809       17073.000        7920.000      -23710.000        7612.000       10489.000      -27134.000       11359.000       25979.000 
-12435  
-1  22  15           41.807         12          11.920         64          64.008          32.978         -43.916       21003.000       36804.000      -64210.000       -2970.000       40810.000      -40023.000      -13154.000       58883.000 
-12435  
-1  12  16           41.017          4           4.295         64          64.004          30.966         -50.955       16966.000        8260.000      -23848.000        7124.000       11511.000      -25689.000       10849.000       25545.000 
-12435  
-1  22  17           41.910         12          11.918         64          63.995          32.705         -43.977       20462.000       36244.000      -63418.000       -3126.000       40952.000      -39059.000      -13636.000       59179.000 
-12435  
-1  12  18           40.750          4           4.309         64          63.999          31.057         -50.817       16085.000        8370.000      -24703.000        6706.000       12186.000      -26107.000       10225.000       26486.000 
-12435  
-1  22  19           41.793         12          11.918         64          64.002          32.716         -43.968       22608.000       36250.000      -63492.000        -926.000       39053.000      -41600.000      -10551.000       58812.000 
-12435  
-1  12  20           40.980          4           4.294         64          63.998          31.365         -50.933       15743.000        9023.000      -24348.000        5734.000       12975.000      -25139.000        8937.000       26749.000 
-12435  
-1  22  21           41.750         12          11.918         64          64.000          32.915         -43.947       19759.000       37727.000      -63566.000       -5002.000       42757.000      -38445.000      -14781.000       57785.000 
-12435  
-1  12  22           41.240          4           4.299         64          64.009          30.950         -50.939       16140.000        9243.000      -24325.000        6030.000       13566.000      -24865.000        8251.000       26517.000 
-12435  
-1  22  23           41.803         12          11.922         64          64.005          32.794         -43.948       20661.000       37549.000      -63597.000       -4274.000       41291.000      -39332.000      -13737.000       58305.000 
-12435  
-1  12  24           41.057          4           4.288         64          63.995          30.963         -50.973       16044.000        8393.000      -23117.000        6961.000       12105.000      -25796.000       10440.000       26378.000 
-12435  
-1  22  25           41.903         12          11.922         64          64.006          32.818         -43.915       15613.000       40017.000      -62539.000      -12431.000       46714.000      -33583.000      -22051.000       55950.000 
-12435  
-1  12  26           40.993          4           4.293         64          64.005          31.214         -50.856       16515.000        8249.000      -24160.000        7042.000       11664.000      -26173.000       10419.000       26324.000 
-12435  
-1  22  27           41.757         12          11.924         64          64.005          33.004         -43.837       19933.000       38634.000      -64470.000       -4884.000       43140.000      -38941.000      -15074.000       58266.000 
-12435  
-1  12  28           41.020          4           4.286         64          63.992          30.915         -51.012       16342.000        8035.000      -23227.000        6760.000       12343.000      -25923.000       10215.000       25685.000 
-12435  
-1  22  29           42.027         12          11.922         64          63.999          32.743         -43.920       22854.000       35835.000      -64108.000         -75.000       40152.000      -40313.000      -11619.000       59443.000 
-12435  
-1  12  30           40.967          4           4.294         64          63.999          30.880         -50.927       16438.000        8253.000      -23888.000        7098.000       11551.000      -25861.000       10673.000       26054.000 
-12435  
-1  22  31           41.987         12          11.926         64          63.999          32.844         -43.883       22740.000       36407.000      -64472.000       -2696.000       39997.000      -40707.000      -12958.000       59174.000 
-12435  
-1  12  32           41.137          4           4.291         64          64.000          31.292         -50.908       16968.000        8052.000      -23302.000        7768.000       11036.000      -26129.000       11404.000       25981.000 
-12435  
-1  22  33           42.010         12          11.919         64          64.000          33.087         -43.947       20149.000       37520.000      -63066.000       -5551.000       42996.000      -37202.000      -15665.000       58693.000 
-12435  
-1  12  34           40.863          4           4.294         64          64.008          31.149         -50.882       15592.000        9726.000      -24211.000        5924.000       13622.000      -25309.000        9020.000       26735.000 
-12435  
-1  22  35           41.947         12          11.922         64          63.998          32.934         -43.959       21334.000       36009.000      -63464.000       -3855.000       41313.000      -39156.000      -13664.000       59046.000 
-12435  
-1  12  36           41.090          4           4.291         64          64.000          31.329         -50.911       15934.000        9280.000      -23901.000        5454.000       13946.000      -24818.000        9027.000       27036.000 
-12435  
-1  22  37           41.797         12          11.922         64          64.000          32.916         -43.945       23535.000       35376.000      -63280.000        1860.000       38617.000      -42148.000       -7887.000       60065.000 
-12435  
-1  12  38           40.960          4           4.293         64          64.002          31.300         -50.914       15874.000        9833.000      -24002.000        5184.000       13421.000      -25153.000        8906.000       26807.000 
-12435  
-1  22  39           41.977         12          11.928         64          64.006          32.941         -43.925       24397.000       34714.000      -63567.000        2518.000       37966.000      -43097.000       -8761.000       59878.000 
-12435  
-1  12  40           41.130          4           4.295         64          64.001          31.270         -50.807       16892.000        9048.000      -24144.000        6698.000       13088.000      -25333.000       10323.000       26673.000 
-12435  
-1  22  41           41.767         12          11.918         64          64.002          32.827         -43.949       20181.000       37150.000      -63519.000       -3680.000       41903.000      -38692.000      -13323.000       58935.000 
-12435  
-1  12  42           40.953          4           4.292         64          64.011          31.225         -50.975       15898.000        8751.000      -23414.000        6770.000       12346.000      -25526.000       10326.000       26318.000 
-12435  
-1  22  43           41.927         12          11.918         64          64.004          32.981         -43.940       25936.000       33817.000      -63993.000        5341.000       34891.000      -44421.000       -5737.000       60001.000 
-12435  
-1  12  44           40.890          4           4.295         64          63.990          31.140         -50.888       16030.000        8856.000      -24318.000        6294.000       13118.000      -25615.000        9453.000       26333.000 
-12435  
-1  22  45           41.827         12          11.925         64          63.998          32.969         -43.902       21159.000       36177.000      -63866.000       -2837.000       40664.000      -40290.000      -12511.000       60001.000 
-12435  
-1  12  46           40.853          4           4.297         64          63.993          31.181         -50.865       15534.000        9202.000      -24581.000        5567.000       13972.000      -24586.000        9435.000       27226.000 
-12435  
-1  22  47           41.923         12          11.927         64          64.000          33.051         -43.888       21812.000       36988.000      -63666.000       -3287.000       40997.000      -40326.000      -13032.000       59449.000 
-12435  
-1  12  48           40.767          4           4.295         64          64.004          30.997         -51.009       15340.000        8748.000      -23966.000        5619.000       13543.000      -24874.000        9368.000       26438.000 
-12435  
-1  22  49           42.103         12          11.919         64          64.003          32.906         -43.894       19612.000       38373.000      -63312.000       -5934.000       43558.000      -36821.000      -17325.000       58700.000 
-12435  
-1  12  50           41.383          4           4.291         64          64.004          31.073         -50.828       16596.000        8987.000      -24300.000        6309.000       13252.000      -25334.000        8917.000       27018.000 
-12435  
-1  22  51           41.957         12          11.916         64          63.998          32.831         -43.940       19303.000       37994.000      -62765.000       -6453.000       42291.000      -37940.000      -16205.000       58967.000 
-12435  
-1  12  52           40.990          4           4.297         64          64.005          31.091         -50.837       16475.000        8737.000      -23990.000        6496.000       12617.000      -26234.000        9884.000       26412.000 
-12435  
-1  22  53           41.693         12          11.921         64          64.005          32.687         -43.973       19794.000       36509.000      -63122.000       -5065.000       42480.000      -38872.000      -14219.000       58452.000 
-12435  
-1  12  54           40.933          4           4.296         64          64.000          31.053         -50.843       15908.000        9353.000      -24294.000        5936.000       13143.000      -25452.000        9463.000       26984.000 
-12435  
-1  22  55           41.660         12          11.917         64          64.002          32.486         -44.018       17830.000       38120.000      -62814.000       -8080.000       44309.000      -35777.000      -16857.000       56814.000 
-12435  
-1  12  56           40.990          4           4.295         64          64.000          31.030         -50.853       16211.000        8490.000      -24465.000        7188.000       11972.000      -25366.000       10568.000       26734.000 
-12435  
-1  22  57           41.780         12          11.920         64          64.005          32.913         -43.944       15645.000       39502.000      -62874.000      -11028.000       46581.000      -33320.000      -20526.000       56312.000 
-12435  
-1  12  58           40.800          4           4.287         64          64.000          31.263         -50.869       16654.000        8625.000      -24194.000        6526.000       11805.000      -25857.000       11057.000       26060.000 
-12435  
-1  22  59           42.053         12          11.921         64          64.004          33.190         -43.890       21062.000       37257.000      -63576.000       -4558.000       42069.000      -38985.000      -15386.000       59076.000 
-12435  
-1  12  60           40.690          4           4.298         64          64.001          31.272         -50.884       15793.000        8977.000      -24444.000        5759.000       13010.000      -25295.000       10018.000       26636.000 
-12435  
-1  22  61           41.810         12          11.920         64          63.999          32.950         -43.979       22686.000       35513.000      -63305.000        1940.000       38712.000      -42002.000       -9162.000       59309.000 
-12435  
-1  12  62           40.927          4           4.296         64          64.006          31.067         -50.902       15799.000        9194.000      -24036.000        6503.000       13395.000      -25321.000        9525.000       26529.000 
-12435  
-1  22  63           41.920         12          11.921         64          64.005          33.260         -43.909       21647.000       37082.000      -63629.000       -1487.000       40652.000      -40610.000      -12495.000       59201.000 
-12435  
-1  12  64           40.820          4           4.294         64          64.004          31.150         -50.867       15661.000       10169.000      -24576.000        4921.000       13697.000      -25254.000        8366.000       26794.000 
-12435  
-1  22  65           41.907         12          11.922         64          64.002          32.980         -43.953       18081.000       37340.000      -62731.000       -8834.000       45348.000      -35353.000      -18295.000       57878.000 
-12435  
-1  12  66           41.020          4           4.295         64          64.000          30.991         -50.865       15986.000        9712.000      -24531.000        5499.000       13919.000      -24745.000        8777.000       26945.000 
-12435  
-1  22  67           41.897         12          11.925         64          63.998          32.884         -43.932       21098.000       36862.000      -63691.000       -2271.000       40580.000      -39746.000      -12727.000       59437.000 
-12435  
-1  12  68           41.083          4           4.293         64          64.003          31.132         -50.855       16166.000        9003.000      -24563.000        6090.000       13537.000      -25356.000        8755.000       26674.000 
-12435  
-1  22  69           41.817         12          11.929         64          64.004          32.787         -43.960       22440.000       34897.000      -63635.000         416.000       38791.000      -42082.000      -10180.000       59624.000 
-12435  
-1  12  70           40.967          4           4.300         64          63.996          31.012         -50.901       16005.000        8958.000      -24407.000        6004.000       12741.000      -25032.000        9701.000       26812.000 
-12435  
-1  22  71           41.770         12          11.924         64          64.000          32.424         -43.990       16953.000       38497.000      -62737.000       -9802.000       44444.000      -34769.000      -18397.000       57391.000 
-12435  
-1  12  72           40.853          4           4.293         64          63.996          31.426         -50.858       15748.000        9279.000      -24130.000        6297.000       13515.000      -25422.000        9719.000       26758.000 
-12435  
-1  22  73           41.983         12          11.907         64          64.004          32.740         -43.925       16285.000       39772.000      -62784.000      -11059.000       46030.000      -33240.000      -21090.000       56812.000 
-12435  
-1  12  74           40.987          4           4.305         64          64.002          31.172         -50.881       16364.000        8319.000      -24097.000        7322.000       12087.000      -25877.000       10387.000       26202.000 
-12435  
-1  22  75           41.760         12          11.925         64          64.005          32.623         -43.988       23297.000       35355.000      -63269.000         434.000       38508.000      -41796.000       -8669.000       59366.000 
-12435  
-1  12  76           40.587          4           4.296         64          63.999          30.928         -50.884       16127.000        8606.000      -24535.000        6344.000       12431.000      -25795.000       10391.000       25995.000 
-12435  
-1  22  77           41.780         12          11.917         64          64.006          32.622         -43.960       22824.000       35644.000      -63074.000        1424.000       37914.000      -42818.000       -8766.000       59875.000 
-12435  
-1  12  78           41.127          4           4.297         64          64.007          31.060         -50.871       16595.000        9243.000      -23908.000        6406.000       12782.000      -25466.000        9760.000       26588.000 
-12435  
-1  22  79           41.853         12          11.916         64          63.994          32.754         -43.881       25470.000       33768.000      -64092.000        4515.000       36812.000      -44483.000       -6156.000       60411.000 
-12435  
-1  12  80           40.493          4           4.291         64          64.008          30.953         -50.952       15057.000        9463.000      -24109.000        4471.000       13721.000      -25325.000        8749.000       26766.000 
-12435  
-1  22  81           41.560         12          11.916         64          63.996          33.089         -43.921       18141.000       37141.000      -63729.000       -7302.000       44004.000      -37419.000      -16390.000       58235.000 
-12435  
-1  12  82           41.163          4           4.289         64          63.999          31.193         -50.857       16315.000        9241.000      -24269.000        6382.000       12915.000      -25538.000        8967.000       26740.000 
-12435  
-1  22  83           41.860         12          11.920         64          64.005          32.739         -43.927       20129.000       36850.000      -63629.000       -3975.000       41460.000      -39247.000      -14172.000       59286.000 
-12435  
-1  12  84           41.030          4           4.288         64          63.999          31.307         -50.773       16150.000        9073.000      -24133.000        6611.000       13179.000      -26117.000        9557.000       27021.000 
-12435  
-1  22  85           41.793         12          11.915         64          63.998          32.723         -43.901       18946.000       37810.000      -63521.000       -6789.000       44464.000      -37087.000      -16317.000       58240.000 
-12435  
-1  12  86           40.673          4           4.291         64          63.994          31.191         -50.828       15798.000        9372.000      -24630.000        6132.000       13212.000      -25614.000        9694.000       26586.000 
-12435  
-1  22  87           41.920         12          11.924         64          64.006          33.003         -43.929       18228.000       37787.000      -62762.000       -7036.000       44269.000      -36507.000      -17189.000       58828.000 
-12435  
-1  12  88           41.190          4           4.287         64          63.992          31.076         -50.862       16996.000        8641.000      -23434.000        7204.000       11760.000      -25921.000       10905.000       26446.000 
-12435  
-1  22  89           41.787         12          11.918         64          63.995          32.765         -43.995       15045.000       39311.000      -62393.000      -12727.000       46085.000      -32523.000      -21398.000       56006.000 
-12435  
-1  12  90           41.003          4           4.295         64          64.012          31.042         -50.879       16449.000        9007.000      -23552.000        6892.000       12800.000      -25965.000       10222.000       26199.000 
-12435  
-1  22  91           41.820         12          11.919         64          63.997          32.960         -43.918       17991.000       38490.000      -63429.000       -8514.000       44491.000      -36392.000      -18071.000       57431.000 
-12435  
-1  12  92           41.013          4           4.300         64          64.001          31.000         -50.952       16028.000        7876.000      -23527.000        7615.000       11661.000      -25775.000       10873.000       26282.000 
-12435  
-1  22  93           41.903         12          11.919         64          63.997          32.787         -43.847       16741.000       38594.000      -63828.000      -10135.000       46445.000      -34881.000      -20741.000       57352.000 
-12435  
-1  12  94           40.783          4           4.300         64          64.005          31.262         -50.834       15823.000        9439.000      -24748.000        5937.000       13790.000      -25176.000        9318.000       26678.000 
-12435  
-1  22  95           41.933         12          11.925         64          64.010          33.063         -43.967       16799.000       38511.000      -62443.000       -8468.000       45046.000      -35133.000      -19170.000       57614.000 
-12435  
-1  12  96           41.063          4           4.288         64          64.010          31.063         -50.815       16082.000        9478.000      -23911.000        6309.000       13534.000      -25509.000        9551.000       27132.000 
-12435  
-1  22  97           41.987         12          11.917         64          64.004          33.087         -43.961       19973.000       37312.000      -62934.000       -5420.000       42529.000      -38109.000      -15844.000       58398.000 
-12435  
-1  12  98           41.080          4           4.290         64          64.005          31.122         -50.872       16456.000        8016.000      -23557.000        7720.000       11904.000      -26485.000       10500.000       26151.000 
-12435  
-1  22  99           41.570         12          11.919         64          64.005          32.697         -43.962       20490.000       36989.000      -64150.000       -4520.000       41690.000      -38550.000      -13037.000       58163.000 
-12435  
