-1  22  1          -32.997         12          12.053         64          64.009          37.957         -38.542       81820.000       64616.000       21551.000      -98173.000     -112129.000       36044.000       40973.000       87835.000 
-12435  
-1  12  2          -32.843          4           4.327         64          64.009          33.334         -48.738       32716.000        8497.000       -4873.000      -31902.000      -30159.000       20347.000       20195.000       17703.000 
-12435  
-1  22  3          -32.990         12          12.053         64          64.012          38.504         -38.520       83038.000       61761.000       17689.000      -98025.000     -112414.000       38529.000       44364.000       87984.000 
-12435  
-1  12  4          -32.973          4           4.323         64          64.005          32.934         -48.769       33365.000        6034.000       -7884.000      -31158.000      -28101.000       22639.000       21837.000       15380.000 
-12435  
-1  22  5          -32.943         12          12.054         64          64.000          38.125         -38.532       93014.000       46340.000        1738.000      -99809.000     -104150.000       56933.000       57231.000       78823.000 
-12435  
-1  12  6          -32.857          4           4.329         64          63.996          32.968         -48.869       32404.000        7234.000       -6089.000      -31738.000      -28924.000       20820.000       20549.000       16259.000 
-12435  
-1  22  7          -32.980         12          12.054         64          63.996          38.301         -38.529       73571.000       72430.000       32014.000      -94816.000     -116123.000       22775.000       31518.000       93305.000 
-12435  
-1  12  8          -32.823          4           4.321         64          63.996          33.290         -48.828       30937.000       11505.000       -2154.000      -32046.000      -31742.000       16996.000       18438.000       19613.000 
-12435  
-1  22  9          -32.987         12          12.057         64          63.998          38.255         -38.493       75555.000       71520.000       28828.000      -95944.000     -116439.000       25007.000       33659.000       92569.000 
-12435  
-1  12  10          -32.863          4           4.323         64          64.012          33.065         -48.815       31542.000       11131.000       -1850.000      -31824.000      -31729.000       17616.000       18503.000       18961.000 
-12435  
-1  22  11          -32.983         12          12.052         64          64.005          38.093         -38.514       85053.000       59331.000       15049.000      -99057.000     -110618.000       41972.000       46628.000       86944.000 
-12435  
-1  12  12          -32.873          4           4.323         64          64.007          33.308         -48.755       32667.000        8631.000       -4947.000      -32244.000      -29936.000       19417.000       20384.000       17832.000 
-12435  
-1  22  13          -32.980         12          12.054         64          64.003          38.138         -38.514       89135.000       52652.000        6894.000      -99956.000     -107389.000       51407.000       52840.000       82440.000 
-12435  
-1  12  14          -32.703          4           4.325         64          64.005          32.896         -48.842       32843.000        6837.000       -6587.000      -31493.000      -28618.000       21465.000       20424.000       16461.000 
-12435  
-1  22  15          -32.957         12          12.055         64          64.004          38.028         -38.520       91489.000       48691.000        4168.000      -99887.000     -105011.000       54970.000       55774.000       81016.000 
-12435  
-1  12  16          -32.933          4           4.325         64          63.999          32.972         -48.828       32731.000        7443.000       -6545.000      -31466.000      -29008.000       21395.000       20559.000       16121.000 
-12435  
-1  22  17          -32.977         12          12.055         64          63.999          38.370         -38.544       79566.000       65538.000       22911.000      -97210.000     -113812.000       33584.000       39396.000       89366.000 
-12435  
-1  12  18          -32.770          4           4.322         64          63.996          33.047         -48.800       32093.000        9174.000       -4264.000      -31961.000      -30421.000       19040.000       19782.000       18320.000 
-12435  
-1  22  19          -32.993         12          12.053         64          64.001          38.341         -38.535       75751.000       70933.000       29633.000      -95174.000     -115443.000       25418.000       33867.000       92111.000 
-12435  
-1  12  20          -32.933          4           4.322         64          64.004          33.046         -48.879       32004.000        9590.000       -4068.000      -31956.000      -29890.000       18097.000       19789.000       18078.000 
-12435  
-1  22  21          -32.960         12          12.055         64          63.999          38.183         -38.518       79872.000       66827.000       24643.000      -96907.000     -114291.000       31525.000       37871.000       90302.000 
-12435  
-1  12  22          -32.800          4           4.328         64          64.003          33.162         -48.789       32451.000        7764.000       -5353.000      -31745.000      -29796.000       20149.000       20769.000       17459.000 
-12435  
-1  22  23          -33.007         12          12.055         64          64.002          38.095         -38.514       87246.000       57673.000       13321.000      -98167.000     -109835.000       45784.000       48568.000       85154.000 
-12435  
-1  12  24          -32.543          4           4.320         64          64.005          32.981         -48.804       32560.000        8169.000       -4898.000      -31677.000      -29918.000       20190.000       19915.000       17636.000 
-12435  
-1  22  25          -32.993         12          12.054         64          64.004          37.962         -38.522       81516.000       64294.000       21912.000      -97601.000     -113863.000       35973.000       41731.000       87536.000 
-12435  
-1  12  26          -32.667          4           4.321         64          63.990          32.992         -48.794       32474.000        8160.000       -5598.000      -31669.000      -29677.000       20579.000       20014.000       17715.000 
-12435  
-1  22  27          -32.947         12          12.057         64          64.000          38.074         -38.548       77860.000       67502.000       26042.000      -96604.000     -114492.000       29983.000       36088.000       90762.000 
-12435  
-1  12  28          -32.963          4           4.327         64          64.002          33.067         -48.885       31892.000        9137.000       -4735.000      -31634.000      -29739.000       19603.000       19887.000       17307.000 
-12435  
-1  22  29          -33.000         12          12.054         64          64.001          38.076         -38.471       81876.000       64669.000       21725.000      -97310.000     -113737.000       36236.000       41798.000       90247.000 
-12435  
-1  12  30          -32.990          4           4.328         64          64.005          33.266         -48.841       32181.000        9611.000       -4394.000      -31580.000      -29664.000       19573.000       20274.000       17633.000 
-12435  
-1  22  31          -32.963         12          12.056         64          64.004          38.033         -38.515       86899.000       56537.000       12835.000      -99101.000     -109642.000       46141.000       48610.000       85272.000 
-12435  
-1  12  32          -32.930          4           4.325         64          64.006          33.019         -48.815       33067.000        7011.000       -6565.000      -31607.000      -28545.000       21669.000       20664.000       16085.000 
-12435  
-1  22  33          -32.970         12          12.053         64          64.001          38.116         -38.530       77391.000       69534.000       27684.000      -95553.000     -115570.000       27043.000       35065.000       91216.000 
-12435  
-1  12  34          -32.843          4           4.323         64          64.001          32.963         -48.831       32628.000        8684.000       -4589.000      -31420.000      -30166.000       19588.000       19752.000       17508.000 
-12435  
-1  22  35          -32.983         12          12.055         64          64.003          38.173         -38.550       80521.000       64898.000       22702.000      -96550.000     -114084.000       34451.000       40304.000       88319.000 
-12435  
-1  12  36          -32.250          4           4.324         64          63.995          32.962         -48.810       32442.000        8274.000       -4823.000      -31476.000      -30308.000       19576.000       19881.000       18079.000 
-12435  
-1  22  37          -32.963         12          12.053         64          64.000          38.142         -38.485       80339.000       66071.000       22539.000      -97139.000     -115319.000       33591.000       38989.000       90049.000 
-12435  
-1  12  38          -32.723          4           4.320         64          64.002          32.962         -48.763       32440.000        9391.000       -4211.000      -32257.000      -30041.000       19641.000       19316.000       18561.000 
-12435  
-1  22  39          -32.957         12          12.053         64          64.004          38.089         -38.528       83183.000       60364.000       17971.000      -99792.000     -111172.000       40321.000       44473.000       87045.000 
-12435  
-1  12  40          -32.413          4           4.316         64          64.002          33.118         -48.784       32374.000        8722.000       -4474.000      -32042.000      -30567.000       19663.000       19626.000       17510.000 
-12435  
-1  22  41          -32.987         12          12.056         64          64.005          38.147         -38.530       80943.000       65009.000       22180.000      -97608.000     -112903.000       34615.000       40398.000       89344.000 
-12435  
-1  12  42          -32.963          4           4.323         64          64.001          33.005         -48.864       32007.000        9122.000       -4699.000      -31605.000      -29717.000       19760.000       19922.000       17572.000 
-12435  
-1  22  43          -32.940         12          12.055         64          64.004          37.898         -38.533       83566.000       60965.000       18267.000      -98184.000     -111986.000       39319.000       43282.000       87715.000 
-12435  
-1  12  44          -32.923          4           4.328         64          63.988          33.234         -48.802       32724.000        7918.000       -5173.000      -32163.000      -28895.000       20812.000       20403.000       16951.000 
-12435  
-1  22  45          -32.993         12          12.054         64          64.002          38.108         -38.517       83870.000       61372.000       17478.000      -98907.000     -111518.000       39728.000       44863.000       87037.000 
-12435  
-1  12  46          -32.973          4           4.323         64          63.994          33.061         -48.815       32951.000        8511.000       -5631.000      -31522.000      -28888.000       20093.000       20624.000       17539.000 
-12435  
-1  22  47          -32.977         12          12.059         64          63.999          38.072         -38.497       79052.000       67431.000       26155.000      -97390.000     -114508.000       30503.000       38010.000       90816.000 
-12435  
-1  12  48          -32.893          4           4.325         64          63.999          33.243         -48.786       32244.000        8461.000       -5137.000      -32154.000      -29880.000       20474.000       20193.000       17063.000 
-12435  
-1  22  49          -32.997         12          12.051         64          63.998          38.163         -38.483       84417.000       61604.000       17331.000      -98723.000     -111796.000       40858.000       44892.000       87707.000 
-12435  
-1  12  50          -32.740          4           4.321         64          63.999          33.061         -48.841       31576.000       10138.000       -3947.000      -32654.000      -30426.000       18435.000       18850.000       18069.000 
-12435  
-1  22  51          -33.010         12          12.058         64          64.004          38.184         -38.538       83844.000       62123.000       17457.000      -97307.000     -111383.000       39096.000       44178.000       87926.000 
-12435  
-1  12  52          -32.107          4           4.326         64          64.008          33.242         -48.799       31925.000        8606.000       -4783.000      -32308.000      -30108.000       19454.000       19575.000       18490.000 
-12435  
-1  22  53          -32.987         12          12.056         64          63.999          37.996         -38.551       77426.000       68393.000       26899.000      -95554.000     -114357.000       29204.000       36193.000       91535.000 
-12435  
-1  12  54          -32.873          4           4.326         64          64.003          33.203         -48.845       32403.000        7730.000       -5524.000      -31880.000      -29065.000       20813.000       20265.000       16740.000 
-12435  
-1  22  55          -33.017         12          12.054         64          64.004          38.124         -38.540       83933.000       60785.000       16230.000      -98612.000     -110489.000       41237.000       45764.000       86749.000 
-12435  
-1  12  56          -32.573          4           4.323         64          63.998          33.190         -48.847       32152.000        7162.000       -5671.000      -31896.000      -28835.000       20787.000       20658.000       17280.000 
-12435  
-1  22  57          -32.997         12          12.052         64          63.998          38.154         -38.545       85632.000       57056.000       12683.000      -98468.000     -110443.000       44545.000       49308.000       84577.000 
-12435  
-1  12  58          -32.803          4           4.326         64          64.007          33.260         -48.840       32794.000        7722.000       -5664.000      -31565.000      -29282.000       20528.000       20092.000       16873.000 
-12435  
-1  22  59          -32.997         12          12.053         64          64.005          38.448         -38.512       81166.000       64501.000       21541.000      -97793.000     -113411.000       36177.000       41457.000       88743.000 
-12435  
-1  12  60          -32.927          4           4.317         64          63.999          33.048         -48.787       32480.000        9747.000       -4283.000      -31525.000      -30352.000       19323.000       19524.000       18532.000 
-12435  
-1  22  61          -32.937         12          12.053         64          64.002          38.067         -38.526       86289.000       57717.000       13970.000      -98289.000     -110871.000       43077.000       46730.000       86226.000 
-12435  
-1  12  62          -32.720          4           4.324         64          63.998          33.270         -48.807       32259.000        8077.000       -4879.000      -32103.000      -29558.000       19984.000       20332.000       17744.000 
-12435  
-1  22  63          -32.980         12          12.057         64          63.999          38.147         -38.534       84007.000       60774.000       17494.000      -98554.000     -111024.000       39675.000       44827.000       87382.000 
-12435  
-1  12  64          -32.810          4           4.329         64          64.003          33.286         -48.737       32815.000        7821.000       -5703.000      -31953.000      -29745.000       20881.000       20533.000       17204.000 
-12435  
-1  22  65          -32.997         12          12.051         64          64.003          38.273         -38.531       79903.000       67514.000       24444.000      -96368.000     -114090.000       31080.000       38225.000       89915.000 
-12435  
-1  12  66          -32.827          4           4.330         64          63.996          33.531         -48.837       32415.000        9120.000       -4347.000      -32088.000      -29938.000       19454.000       19282.000       17447.000 
-12435  
-1  22  67          -32.957         12          12.054         64          64.004          38.316         -38.522       81759.000       62688.000       21061.000      -97761.000     -113077.000       36238.000       42284.000       89105.000 
-12435  
-1  12  68          -32.953          4           4.319         64          64.008          32.967         -48.848       32284.000        9159.000       -4777.000      -31488.000      -29566.000       19744.000       19880.000       17975.000 
-12435  
-1  22  69          -33.003         12          12.052         64          63.999          37.930         -38.511       79514.000       67817.000       25555.000      -96422.000     -114370.000       31429.000       38012.000       90411.000 
-12435  
-1  12  70          -32.893          4           4.318         64          64.002          33.329         -48.806       32351.000        8268.000       -4609.000      -31796.000      -29886.000       19724.000       20574.000       17627.000 
-12435  
-1  22  71          -32.950         12          12.056         64          64.004          38.119         -38.501       87950.000       54561.000       10634.000      -99432.000     -109775.000       47774.000       50521.000       84045.000 
-12435  
-1  12  72          -32.957          4           4.325         64          64.001          32.921         -48.825       32182.000        9109.000       -5157.000      -31613.000      -30046.000       19681.000       20249.000       17327.000 
-12435  
-1  22  73          -32.960         12          12.055         64          64.002          38.074         -38.548       83134.000       60127.000       17923.000      -97661.000     -112265.000       40735.000       44590.000       86839.000 
-12435  
-1  12  74          -32.870          4           4.322         64          63.999          33.467         -48.818       32434.000        8658.000       -4518.000      -31864.000      -29792.000       19973.000       19847.000       17551.000 
-12435  
-1  22  75          -32.960         12          12.057         64          64.003          38.047         -38.517       84543.000       60698.000       17338.000      -98755.000     -111671.000       40043.000       44437.000       86930.000 
-12435  
-1  12  76          -32.293          4           4.321         64          63.998          33.024         -48.826       31880.000        9032.000       -3768.000      -31973.000      -30094.000       19654.000       19244.000       18636.000 
-12435  
-1  22  77          -32.983         12          12.056         64          64.003          38.038         -38.523       84403.000       60535.000       17037.000      -97333.000     -111767.000       40865.000       45049.000       87690.000 
-12435  
-1  12  78          -32.940          4           4.321         64          64.006          33.077         -48.775       31425.000       10381.000       -3458.000      -32256.000      -30952.000       18885.000       19532.000       18669.000 
-12435  
-1  22  79          -32.993         12          12.052         64          64.003          37.966         -38.498       90337.000       51853.000        6786.000     -100657.000     -106328.000       53196.000       53910.000       81350.000 
-12435  
-1  12  80          -32.850          4           4.322         64          63.999          33.317         -48.775       32149.000        9713.000       -4270.000      -31915.000      -30678.000       19462.000       19346.000       18270.000 
-12435  
-1  22  81          -32.980         12          12.051         64          64.001          38.010         -38.529       78617.000       67994.000       25769.000      -97213.000     -114481.000       31224.000       36911.000       89485.000 
-12435  
-1  12  82          -32.820          4           4.326         64          63.995          33.205         -48.759       32595.000        8263.000       -5244.000      -31820.000      -29978.000       20103.000       20440.000       17799.000 
-12435  
-1  22  83          -32.970         12          12.057         64          64.004          38.163         -38.545       80361.000       65154.000       22807.000      -97382.000     -113245.000       33875.000       39552.000       89242.000 
-12435  
-1  12  84          -32.900          4           4.329         64          63.999          33.173         -48.818       32419.000        8993.000       -3959.000      -31476.000      -30466.000       19335.000       19911.000       17753.000 
-12435  
-1  22  85          -32.973         12          12.055         64          63.998          37.873         -38.546       82720.000       61344.000       18755.000      -98014.000     -111382.000       39487.000       43635.000       88118.000 
-12435  
-1  12  86          -32.590          4           4.322         64          64.005          33.047         -48.855       32460.000        8760.000       -5347.000      -31290.000      -29986.000       19871.000       19244.000       17716.000 
-12435  
-1  22  87          -32.977         12          12.055         64          64.000          37.971         -38.538       85227.000       57973.000       14173.000      -98661.000     -109876.000       44236.000       47285.000       86357.000 
-12435  
-1  12  88          -32.680          4           4.322         64          64.003          33.147         -48.836       31974.000        8008.000       -5611.000      -31848.000      -29493.000       20701.000       20098.000       17318.000 
-12435  
-1  22  89          -32.967         12          12.057         64          63.997          38.138         -38.517       84781.000       60545.000       17851.000      -98118.000     -111921.000       41077.000       44577.000       86556.000 
-12435  
-1  12  90          -32.957          4           4.331         64          64.000          32.975         -48.802       32085.000       10146.000       -3927.000      -32105.000      -30325.000       18547.000       19616.000       18428.000 
-12435  
-1  22  91          -32.977         12          12.057         64          64.001          37.907         -38.520       79160.000       66070.000       23812.000      -97161.000     -113720.000       33554.000       38700.000       90923.000 
-12435  
-1  12  92          -32.567          4           4.325         64          63.999          33.225         -48.824       32140.000        8757.000       -4908.000      -31785.000      -30526.000       19318.000       19729.000       17543.000 
-12435  
-1  22  93          -32.983         12          12.053         64          64.006          37.873         -38.508       76369.000       69429.000       29391.000      -95365.000     -115539.000       27510.000       35299.000       92863.000 
-12435  
-1  12  94          -32.193          4           4.314         64          64.005          33.004         -48.840       31733.000        8907.000       -4353.000      -32069.000      -30395.000       19213.000       19389.000       18116.000 
-12435  
-1  22  95          -32.967         12          12.053         64          64.001          38.063         -38.525       78472.000       67723.000       25503.000      -96443.000     -114577.000       30279.000       36753.000       91199.000 
-12435  
-1  12  96          -32.383          4           4.328         64          63.999          33.164         -48.892       32555.000        7825.000       -5569.000      -31554.000      -29113.000       20318.000       19528.000       17071.000 
-12435  
-1  22  97          -33.007         12          12.056         64          64.000          37.925         -38.538       76164.000       70797.000       29208.000      -95686.000     -114971.000       26709.000       34494.000       91295.000 
-12435  
-1  12  98          -32.283          4           4.324         64          64.004          33.062         -48.884       32029.000        8105.000       -4824.000      -32041.000      -29792.000       19425.000       19752.000       17102.000 
-12435  
-1  22  99          -32.960         12          12.058         64          64.002          38.319         -38.526       83907.000       61877.000       18407.000      -98305.000     -112002.000       38935.000       43025.000       87278.000 
-12435  
