-1  22  1           12.843         12          11.971         64          64.000          41.609         -35.134       -1393.000      122878.000      -94498.000      125294.000     -121116.000       81330.000     -182399.000      -51767.000 
-12435  
-1  12  2           13.003          4           4.301         64          64.007          38.199         -43.456       49589.000        8568.000       40105.000       44550.000       20211.000       51203.000      -33760.000       63031.000 
-12435  
-1  22  3           12.797         12          11.966         64          64.001          41.481         -35.138       -1346.000      122707.000      -94327.000      125639.000     -120831.000       82709.000     -181967.000      -50685.000 
-12435  
-1  12  4           13.003          4           4.303         64          63.999          38.203         -43.527       49333.000        7987.000       40281.000       43856.000       20606.000       50352.000      -32851.000       62890.000 
-12435  
-1  22  5           12.837         12          11.971         64          64.004          41.253         -35.140      -10078.000      121850.000     -102977.000      118064.000     -127985.000       73081.000     -177373.000      -64388.000 
-12435  
-1  12  6           12.997          4           4.304         64          63.998          38.472         -43.492       49541.000        7831.000       40111.000       44446.000       20662.000       50078.000      -32920.000       63500.000 
-12435  
-1  22  7           12.817         12          11.970         64          64.003          41.346         -35.158       12453.000      121653.000      -79039.000      135671.000     -110870.000       94385.000     -186427.000      -29543.000 
-12435  
-1  12  8           13.000          4           4.301         64          64.003          38.145         -43.505       49597.000        5811.000       42193.000       42090.000       23292.000       49396.000      -30288.000       64526.000 
-12435  
-1  22  9           12.847         12          11.970         64          64.001          41.589         -35.128      -16923.000      121993.000     -110845.000      111985.000     -131669.000       64931.000     -173151.000      -74638.000 
-12435  
-1  12  10           13.003          4           4.301         64          64.004          38.430         -43.454       49818.000        7561.000       40806.000       44074.000       21182.000       50293.000      -32806.000       63839.000 
-12435  
-1  22  11           12.820         12          11.967         64          63.999          41.337         -35.134        1616.000      122836.000      -91253.000      127392.000     -120436.000       84338.000     -183139.000      -46382.000 
-12435  
-1  12  12           13.000          4           4.301         64          64.001          37.949         -43.477       50100.000        6754.000       41379.000       43387.000       21966.000       49695.000      -31451.000       64104.000 
-12435  
-1  22  13           12.837         12          11.967         64          64.002          41.252         -35.124         -39.000      122977.000      -93497.000      125893.000     -121684.000       83210.000     -182357.000      -49853.000 
-12435  
-1  12  14           13.000          4           4.302         64          64.001          38.556         -43.519       49313.000        8954.000       39572.000       44523.000       19685.000       50359.000      -33973.000       62653.000 
-12435  
-1  22  15           12.833         12          11.968         64          64.002          41.628         -35.118       -7727.000      122944.000     -101755.000      119331.000     -127710.000       75038.000     -178515.000      -61200.000 
-12435  
-1  12  16           12.973          4           4.303         64          64.000          38.258         -43.489       49419.000        8437.000       39720.000       44392.000       20421.000       50481.000      -32667.000       63771.000 
-12435  
-1  22  17           12.850         12          11.971         64          64.001          41.394         -35.122       -8807.000      123493.000     -102663.000      118005.000     -127157.000       74551.000     -178006.000      -63424.000 
-12435  
-1  12  18           13.003          4           4.300         64          63.998          38.492         -43.477       49812.000        6900.000       40926.000       43161.000       21931.000       50483.000      -31766.000       63992.000 
-12435  
-1  22  19           12.823         12          11.968         64          64.002          41.487         -35.150       -1959.000      123551.000      -95346.000      123025.000     -121715.000       80570.000     -181879.000      -52294.000 
-12435  
-1  12  20           13.033          4           4.305         64          64.002          38.294         -43.499       50308.000        5735.000       42262.000       41819.000       22263.000       49374.000      -30613.000       64501.000 
-12435  
-1  22  21           12.830         12          11.970         64          64.000          41.356         -35.122       -2828.000      123448.000      -96311.000      124762.000     -123448.000       80413.000     -180508.000      -53345.000 
-12435  
-1  12  22           13.007          4           4.301         64          63.998          38.142         -43.536       49604.000        6813.000       41003.000       42805.000       21826.000       49688.000      -31543.000       63612.000 
-12435  
-1  22  23           12.850         12          11.967         64          63.998          41.412         -35.132       -6936.000      123142.000     -100783.000      119811.000     -125849.000       75742.000     -179007.000      -60516.000 
-12435  
-1  12  24           12.997          4           4.303         64          64.002          38.164         -43.509       49623.000        7315.000       40713.000       43075.000       21481.000       49815.000      -31941.000       64071.000 
-12435  
-1  22  25           12.820         12          11.970         64          64.001          41.539         -35.131       -2655.000      123275.000      -95181.000      124463.000     -123095.000       80712.000     -181247.000      -52595.000 
-12435  
-1  12  26           12.990          4           4.302         64          64.000          38.142         -43.485       49697.000        6204.000       41371.000       42584.000       22570.000       49578.000      -30580.000       65106.000 
-12435  
-1  22  27           12.827         12          11.969         64          64.000          41.278         -35.124        4350.000      122947.000      -88926.000      128952.000     -118727.000       87641.000     -184052.000      -43125.000 
-12435  
-1  12  28           12.997          4           4.301         64          64.002          38.534         -43.519       49588.000        7792.000       39938.000       43859.000       21122.000       50567.000      -32551.000       62952.000 
-12435  
-1  22  29           12.850         12          11.968         64          64.001          41.553         -35.136       -9178.000      122259.000     -102580.000      118992.000     -127512.000       73475.000     -177582.000      -63403.000 
-12435  
-1  12  30           13.010          4           4.303         64          64.003          38.343         -43.493       49669.000        6399.000       41096.000       42745.000       22346.000       50456.000      -31491.000       63943.000 
-12435  
-1  22  31           12.823         12          11.967         64          64.002          41.749         -35.121       -8204.000      123218.000     -101983.000      119073.000     -127438.000       74608.000     -178434.000      -61439.000 
-12435  
-1  12  32           12.997          4           4.303         64          63.995          38.249         -43.490       49390.000        7634.000       41163.000       43165.000       21191.000       50115.000      -32162.000       64084.000 
-12435  
-1  22  33           12.797         12          11.969         64          64.003          41.400         -35.095       -1937.000      123163.000      -96115.000      124937.000     -122832.000       81854.000     -182521.000      -52102.000 
-12435  
-1  12  34           13.000          4           4.301         64          64.001          38.485         -43.490       49781.000        7981.000       40118.000       44125.000       21106.000       50248.000      -33073.000       63208.000 
-12435  
-1  22  35           12.823         12          11.968         64          64.003          41.409         -35.120      -12028.000      121022.000     -105348.000      116418.000     -129304.000       71662.000     -177170.000      -67656.000 
-12435  
-1  12  36           13.007          4           4.305         64          64.004          38.282         -43.493       49957.000        5469.000       42260.000       42185.000       23142.000       49190.000      -30079.000       64779.000 
-12435  
-1  22  37           12.873         12          11.970         64          64.003          41.396         -35.113       -2827.000      123087.000      -96523.000      123176.000     -124786.000       80050.000     -180963.000      -55358.000 
-12435  
-1  12  38           13.000          4           4.303         64          63.998          38.234         -43.446       50057.000        6585.000       42346.000       42525.000       22809.000       49740.000      -31036.000       64758.000 
-12435  
-1  22  39           12.860         12          11.965         64          63.999          41.417         -35.134          99.000      122651.000      -92471.000      125829.000     -122610.000       82258.000     -182393.000      -49616.000 
-12435  
-1  12  40           12.980          4           4.303         64          63.999          38.331         -43.552       49567.000        7702.000       40696.000       43069.000       21435.000       49203.000      -31549.000       63682.000 
-12435  
-1  22  41           12.837         12          11.966         64          64.000          41.393         -35.112        3090.000      123736.000      -90857.000      128970.000     -119392.000       85915.000     -183220.000      -45056.000 
-12435  
-1  12  42           12.993          4           4.304         64          64.004          38.233         -43.519       49610.000        7271.000       40578.000       42835.000       21884.000       50042.000      -31721.000       63858.000 
-12435  
-1  22  43           12.823         12          11.966         64          64.000          41.258         -35.132      -11894.000      121759.000     -105674.000      115692.000     -129115.000       70799.000     -176839.000      -67307.000 
-12435  
-1  12  44           13.007          4           4.303         64          63.999          38.319         -43.521       49401.000        8311.000       40099.000       43951.000       20932.000       50169.000      -33575.000       62666.000 
-12435  
-1  22  45           12.817         12          11.967         64          64.003          41.833         -35.120       -1219.000      122754.000      -94918.000      125151.000     -122948.000       81661.000     -182085.000      -50977.000 
-12435  
-1  12  46           12.997          4           4.303         64          64.000          38.328         -43.463       49738.000        8989.000       39591.000       44474.000       20011.000       51050.000      -33975.000       63142.000 
-12435  
-1  22  47           12.817         12          11.965         64          64.002          41.809         -35.127      -10447.000      121708.000     -103663.000      117936.000     -128171.000       73148.000     -177685.000      -64781.000 
-12435  
-1  12  48           12.977          4           4.303         64          64.003          38.247         -43.472       48996.000        7833.000       40201.000       44218.000       20930.000       50864.000      -32260.000       64167.000 
-12435  
-1  22  49           12.863         12          11.970         64          64.004          41.331         -35.119       -2960.000      123024.000      -96134.000      123680.000     -123215.000       79947.000     -181710.000      -54914.000 
-12435  
-1  12  50           12.987          4           4.301         64          64.003          38.076         -43.502       49814.000        7193.000       41061.000       43217.000       22498.000       49976.000      -31440.000       63559.000 
-12435  
-1  22  51           12.843         12          11.968         64          64.000          41.362         -35.106        4032.000      122691.000      -90219.000      129328.000     -119921.000       86540.000     -183969.000      -44104.000 
-12435  
-1  12  52           12.983          4           4.298         64          64.003          38.284         -43.534       49735.000        7868.000       40250.000       43404.000       21575.000       50018.000      -31959.000       63148.000 
-12435  
-1  22  53           12.867         12          11.971         64          64.002          41.356         -35.135      -12117.000      122506.000     -105753.000      115194.000     -129127.000       70429.000     -176007.000      -68631.000 
-12435  
-1  12  54           13.003          4           4.300         64          64.000          38.030         -43.507       49992.000        8903.000       38881.000       44469.000       19678.000       50446.000      -34136.000       62746.000 
-12435  
-1  22  55           12.837         12          11.968         64          64.002          41.260         -35.145       -7862.000      121870.000     -101185.000      120031.000     -126913.000       75108.000     -177927.000      -61172.000 
-12435  
-1  12  56           13.013          4           4.304         64          63.999          38.436         -43.514       50276.000        7385.000       40400.000       43645.000       20764.000       50129.000      -32284.000       63036.000 
-12435  
-1  22  57           12.853         12          11.969         64          64.002          41.482         -35.129       -2750.000      122123.000      -95859.000      123632.000     -123321.000       80068.000     -181981.000      -54340.000 
-12435  
-1  12  58           12.983          4           4.301         64          64.000          38.100         -43.521       49815.000        7164.000       41442.000       43069.000       21908.000       49468.000      -30885.000       63796.000 
-12435  
-1  22  59           12.850         12          11.967         64          64.003          41.398         -35.130      -14507.000      122246.000     -107558.000      114564.000     -129961.000       67069.000     -175515.000      -70790.000 
-12435  
-1  12  60           13.003          4           4.306         64          63.999          38.097         -43.485       50092.000        4245.000       43461.000       41225.000       23872.000       48673.000      -28180.000       65766.000 
-12435  
-1  22  61           12.803         12          11.970         64          64.001          41.517         -35.105       -8708.000      121916.000     -102325.000      120490.000     -126732.000       75395.000     -179169.000      -62017.000 
-12435  
-1  12  62           12.983          4           4.303         64          64.006          38.379         -43.482       49943.000        7259.000       40979.000       43800.000       21564.000       50230.000      -31353.000       63781.000 
-12435  
-1  22  63           12.810         12          11.969         64          64.003          41.556         -35.126        -731.000      123079.000      -93975.000      126589.000     -121768.000       83017.000     -181466.000      -49843.000 
-12435  
-1  12  64           12.993          4           4.301         64          64.002          38.638         -43.488       49805.000        8372.000       39578.000       44216.000       20527.000       50410.000      -33321.000       63402.000 
-12435  
-1  22  65           12.783         12          11.967         64          64.001          41.161         -35.139       13742.000      122150.000      -78021.000      135511.000     -111890.000       96613.000     -186263.000      -27360.000 
-12435  
-1  12  66           12.993          4           4.305         64          64.002          38.498         -43.528       49818.000        7198.000       41014.000       43372.000       21600.000       49511.000      -31501.000       63474.000 
-12435  
-1  22  67           12.843         12          11.965         64          64.002          41.399         -35.141       -5361.000      122918.000      -98602.000      122267.000     -124646.000       77952.000     -179125.000      -57515.000 
-12435  
-1  12  68           12.997          4           4.303         64          64.001          38.018         -43.526       49369.000        8924.000       38955.000       44823.000       19523.000       50452.000      -33975.000       62573.000 
-12435  
-1  22  69           12.790         12          11.967         64          63.998          41.343         -35.150         716.000      122758.000      -91566.000      127317.000     -119620.000       84732.000     -182333.000      -47042.000 
-12435  
-1  12  70           13.000          4           4.304         64          64.003          38.373         -43.490       50470.000        7128.000       41015.000       43554.000       21147.000       49474.000      -31625.000       63921.000 
-12435  
-1  22  71           12.813         12          11.969         64          64.005          41.462         -35.131       -4092.000      123270.000      -97498.000      122416.000     -124550.000       79956.000     -179896.000      -55266.000 
-12435  
-1  12  72           12.983          4           4.301         64          63.999          38.387         -43.454       49861.000        6889.000       41454.000       42669.000       22548.000       49750.000      -31218.000       65157.000 
-12435  
-1  22  73           12.837         12          11.970         64          63.999          41.279         -35.099       -7576.000      123280.000     -101767.000      119857.000     -126511.000       76504.000     -179210.000      -61533.000 
-12435  
-1  12  74           13.000          4           4.302         64          64.001          38.305         -43.511       50128.000        5045.000       42570.000       40684.000       23839.000       48585.000      -29019.000       65673.000 
-12435  
-1  22  75           12.857         12          11.971         64          63.996          41.363         -35.144      -13283.000      122717.000     -106186.000      114965.000     -130032.000       68707.000     -174925.000      -69128.000 
-12435  
-1  12  76           13.000          4           4.303         64          64.003          38.493         -43.513       50112.000        6562.000       40811.000       43371.000       22133.000       49829.000      -31355.000       63460.000 
-12435  
-1  22  77           12.827         12          11.968         64          63.999          41.621         -35.136       12684.000      121738.000      -78607.000      135699.000     -111952.000       94759.000     -186966.000      -29428.000 
-12435  
-1  12  78           12.997          4           4.299         64          64.003          38.597         -43.540       49566.000        8193.000       39307.000       44426.000       20016.000       50291.000      -33022.000       62714.000 
-12435  
-1  22  79           12.800         12          11.969         64          64.003          41.328         -35.120        2152.000      122929.000      -90375.000      128320.000     -120769.000       85123.000     -183524.000      -44853.000 
-12435  
-1  12  80           12.990          4           4.308         64          64.000          38.306         -43.485       49211.000       10276.000       37978.000       46570.000       18071.000       51287.000      -35547.000       61771.000 
-12435  
-1  22  81           12.827         12          11.969         64          64.003          41.508         -35.129        7154.000      122610.000      -85909.000      131213.000     -115726.000       89851.000     -185529.000      -38690.000 
-12435  
-1  12  82           12.987          4           4.301         64          64.003          38.319         -43.494       49437.000        7988.000       40686.000       43787.000       21166.000       49805.000      -32459.000       63881.000 
-12435  
-1  22  83           12.873         12          11.968         64          64.002          41.405         -35.109        -805.000      123858.000      -94015.000      125365.000     -122971.000       81405.000     -182247.000      -51641.000 
-12435  
-1  12  84           13.003          4           4.301         64          63.999          38.519         -43.537       49832.000        6984.000       41016.000       42774.000       21615.000       49426.000      -31453.000       63733.000 
-12435  
-1  22  85           12.843         12          11.969         64          64.002          41.504         -35.129      -12558.000      122842.000     -106176.000      115343.000     -128950.000       69780.000     -176315.000      -68248.000 
-12435  
-1  12  86           13.020          4           4.303         64          63.998          38.214         -43.515       50176.000        7345.000       41033.000       43300.000       21480.000       49689.000      -32480.000       62928.000 
-12435  
-1  22  87           12.843         12          11.970         64          64.003          41.460         -35.105       -3320.000      123372.000      -96697.000      124326.000     -123842.000       79829.000     -181306.000      -54593.000 
-12435  
-1  12  88           12.987          4           4.303         64          64.005          38.274         -43.546       49676.000        6492.000       41602.000       42619.000       22576.000       49362.000      -30250.000       63692.000 
-12435  
-1  22  89           12.830         12          11.968         64          63.998          41.456         -35.099      -10493.000      122522.000     -104657.000      117626.000     -129136.000       72642.000     -177819.000      -65354.000 
-12435  
-1  12  90           12.987          4           4.303         64          63.998          38.280         -43.502       49341.000        8975.000       38834.000       44790.000       19579.000       51033.000      -33822.000       62914.000 
-12435  
-1  22  91           12.830         12          11.969         64          64.001          41.208         -35.124       10909.000      122505.000      -81702.000      133858.000     -113126.000       94273.000     -186212.000      -33344.000 
-12435  
-1  12  92           12.987          4           4.306         64          64.001          38.202         -43.483       49358.000        7470.000       40698.000       43712.000       21672.000       50583.000      -32064.000       63758.000 
-12435  
-1  22  93           12.827         12          11.969         64          64.002          41.342         -35.113        9057.000      123033.000      -84322.000      132847.000     -114592.000       92754.000     -185445.000      -36311.000 
-12435  
-1  12  94           12.990          4           4.304         64          64.001          38.313         -43.494       49149.000        9360.000       39478.000       45097.000       19635.000       50512.000      -34430.000       62676.000 
-12435  
-1  22  95           12.827         12          11.971         64          64.001          41.469         -35.136         466.000      122533.000      -93550.000      126481.000     -120634.000       83361.000     -182329.000      -48979.000 
-12435  
-1  12  96           12.990          4           4.302         64          63.996          38.061         -43.510       49650.000        6851.000       41025.000       43078.000       21902.000       49886.000      -31171.000       64054.000 
-12435  
-1  22  97           12.823         12          11.966         64          64.000          41.433         -35.103        3300.000      123166.000      -90925.000      128678.000     -119994.000       86019.000     -184007.000      -44666.000 
-12435  
-1  12  98           12.973          4           4.305         64          64.000          38.491         -43.509       48907.000        8528.000       40571.000       44387.000       20855.000       50124.000      -32611.000       63278.000 
-12435  
-1  22  99           12.780         12          11.970         64          64.001          41.286         -35.103       -2106.000      123402.000      -94919.000      124878.000     -124212.000       81806.000     -181897.000      -51069.000 
-12435  
