-1  22  1          -19.013         12          12.010         64          63.994          41.215         -35.273       -6107.000      148961.000      111586.000       41683.000      143707.000     -100119.000      -47116.000     -156826.000 
-12435  
-1  12  2          -20.013          4           4.293         64          64.000          38.412         -43.529      -57978.000      -16085.000      -26921.000       36987.000       25367.000       59180.000       63427.000      -12209.000 
-12435  
-1  22  3          -19.013         12          12.011         64          64.005          41.160         -35.274       13511.000      148415.000      116512.000       27166.000      128854.000     -117587.000      -67188.000     -149742.000 
-12435  
-1  12  4          -20.003          4           4.295         64          64.007          38.200         -43.558      -58677.000      -13176.000      -25164.000       38093.000       27567.000       57746.000       62627.000      -14833.000 
-12435  
-1  22  5          -19.007         12          12.013         64          64.009          41.339         -35.275       17489.000      148370.000      117056.000       23375.000      127107.000     -120567.000      -70657.000     -146972.000 
-12435  
-1  12  6          -20.007          4           4.298         64          64.002          38.165         -43.569      -59581.000       -7731.000      -20879.000       40249.000       33365.000       55069.000       60406.000      -21067.000 
-12435  
-1  22  7          -19.023         12          12.016         64          64.003          41.053         -35.263       39867.000      143438.000      119976.000        6177.000      106046.000     -138972.000      -94113.000     -134576.000 
-12435  
-1  12  8          -20.007          4           4.296         64          64.003          38.154         -43.505      -60019.000       -7139.000      -21007.000       40825.000       33823.000       55169.000       60701.000      -21826.000 
-12435  
-1  22  9          -19.020         12          12.011         64          63.994          41.266         -35.267        8424.000      148784.000      115640.000       31012.000      133531.000     -112732.000      -63258.000     -151526.000 
-12435  
-1  12  10          -20.007          4           4.295         64          63.996          38.100         -43.521      -59158.000      -12234.000      -24437.000       38318.000       28645.000       57744.000       62650.000      -16230.000 
-12435  
-1  22  11          -19.013         12          12.013         64          64.000          41.497         -35.270      -10680.000      149456.000      110591.000       45498.000      146494.000      -94547.000      -42681.000     -158095.000 
-12435  
-1  12  12          -20.020          4           4.296         64          64.002          38.282         -43.506      -58398.000      -14675.000      -25794.000       37724.000       27323.000       58940.000       62909.000      -14653.000 
-12435  
-1  22  13          -19.020         12          12.013         64          64.001          41.518         -35.262        4047.000      149514.000      115191.000       35102.000      136390.000     -108468.000      -58552.000     -153233.000 
-12435  
-1  12  14          -20.007          4           4.296         64          64.009          38.216         -43.512      -58560.000      -13427.000      -25397.000       38148.000       27805.000       58565.000       62824.000      -15052.000 
-12435  
-1  22  15          -19.013         12          12.010         64          64.006          41.265         -35.277       16009.000      148222.000      116417.000       25429.000      127820.000     -118930.000      -69992.000     -148390.000 
-12435  
-1  12  16          -20.017          4           4.298         64          64.005          38.138         -43.548      -59487.000      -11924.000      -23609.000       38425.000       29764.000       57025.000       61929.000      -16842.000 
-12435  
-1  22  17          -19.010         12          12.013         64          64.001          41.254         -35.295        6343.000      148457.000      115004.000       33449.000      134807.000     -110939.000      -59466.000     -151657.000 
-12435  
-1  12  18          -20.017          4           4.295         64          63.996          38.396         -43.569      -58903.000      -11985.000      -24033.000       38774.000       29444.000       57138.000       61494.000      -17171.000 
-12435  
-1  22  19          -19.007         12          12.014         64          64.000          41.165         -35.286         375.000      149161.000      113590.000       36836.000      139383.000     -104841.000      -52908.000     -154605.000 
-12435  
-1  12  20          -20.010          4           4.295         64          64.001          38.263         -43.508      -57986.000      -14523.000      -25401.000       38317.000       27388.000       58674.000       63379.000      -14219.000 
-12435  
-1  22  21          -19.017         12          12.014         64          64.001          41.086         -35.289        3324.000      149299.000      114214.000       34554.000      136337.000     -108920.000      -56952.000     -152741.000 
-12435  
-1  12  22          -20.020          4           4.295         64          64.001          38.404         -43.537      -58635.000      -12003.000      -24350.000       38742.000       29519.000       57362.000       62222.000      -17249.000 
-12435  
-1  22  23          -19.010         12          12.014         64          64.002          41.111         -35.306        3079.000      148482.000      113633.000       36091.000      137458.000     -106830.000      -56387.000     -153129.000 
-12435  
-1  12  24          -20.023          4           4.297         64          64.006          38.275         -43.529      -58950.000      -10171.000      -22802.000       39307.000       31413.000       56709.000       61733.000      -19378.000 
-12435  
-1  22  25          -19.017         12          12.013         64          64.001          41.211         -35.289       15385.000      148285.000      116139.000       25692.000      127859.000     -118825.000      -69659.000     -147898.000 
-12435  
-1  12  26          -20.003          4           4.293         64          64.007          38.199         -43.576      -58480.000      -12811.000      -24396.000       38479.000       28112.000       57701.000       62099.000      -15680.000 
-12435  
-1  22  27          -19.023         12          12.013         64          64.001          40.988         -35.283        3969.000      148867.000      114744.000       34187.000      135978.000     -109037.000      -58763.000     -152822.000 
-12435  
-1  12  28          -20.020          4           4.300         64          64.004          38.206         -43.551      -58874.000      -11389.000      -23422.000       38696.000       30393.000       56932.000       62020.000      -17524.000 
-12435  
-1  22  29          -19.017         12          12.011         64          64.002          41.017         -35.278        5872.000      148739.000      115283.000       33625.000      135057.000     -110357.000      -60035.000     -152339.000 
-12435  
-1  12  30          -20.043          4           4.297         64          64.001          38.424         -43.514      -58768.000      -14819.000      -26485.000       37723.000       27328.000       58047.000       62864.000      -14605.000 
-12435  
-1  22  31          -19.010         12          12.015         64          64.001          41.207         -35.286       10086.000      148822.000      116104.000       29538.000      131737.000     -113705.000      -63716.000     -150601.000 
-12435  
-1  12  32          -20.030          4           4.298         64          64.001          38.150         -43.544      -58508.000      -14399.000      -25288.000       37509.000       27079.000       58474.000       62649.000      -15142.000 
-12435  
-1  22  33          -19.013         12          12.014         64          64.002          41.232         -35.263       11891.000      148231.000      116666.000       28638.000      131261.000     -116205.000      -65757.000     -150087.000 
-12435  
-1  12  34          -20.007          4           4.295         64          64.003          38.333         -43.515      -59209.000      -12086.000      -24115.000       39274.000       29228.000       57448.000       62173.000      -16716.000 
-12435  
-1  22  35          -19.013         12          12.017         64          64.004          41.242         -35.268        9234.000      148411.000      116223.000       30550.000      132965.000     -113805.000      -63280.000     -151076.000 
-12435  
-1  12  36          -20.013          4           4.295         64          64.005          38.151         -43.512      -59443.000      -10071.000      -23255.000       39688.000       31066.000       56633.000       61661.000      -19029.000 
-12435  
-1  22  37          -19.023         12          12.016         64          64.003          41.259         -35.256       15856.000      148267.000      117621.000       24481.000      127138.000     -120665.000      -71042.000     -147777.000 
-12435  
-1  12  38          -20.007          4           4.295         64          64.002          38.353         -43.504      -59254.000      -11261.000      -23655.000       38679.000       29998.000       57932.000       62070.000      -17626.000 
-12435  
-1  22  39          -19.013         12          12.016         64          63.998          41.127         -35.275        5139.000      148507.000      115532.000       32911.000      136140.000     -109990.000      -59248.000     -152331.000 
-12435  
-1  12  40          -20.020          4           4.300         64          64.002          38.468         -43.539      -58263.000      -14277.000      -25408.000       37645.000       27428.000       58569.000       62731.000      -14825.000 
-12435  
-1  22  41          -19.017         12          12.014         64          63.999          41.353         -35.271       -1741.000      149559.000      113131.000       38481.000      140780.000     -103925.000      -52205.000     -154760.000 
-12435  
-1  12  42          -20.003          4           4.297         64          64.002          38.492         -43.482      -58683.000      -14224.000      -25926.000       37554.000       27453.000       59227.000       63259.000      -13909.000 
-12435  
-1  22  43          -19.013         12          12.013         64          63.999          41.168         -35.281       -7510.000      148099.000      111726.000       43630.000      144648.000      -99058.000      -45294.000     -156760.000 
-12435  
-1  12  44          -20.020          4           4.293         64          64.000          38.129         -43.533      -58988.000      -11357.000      -22990.000       38802.000       30506.000       56954.000       62360.000      -17658.000 
-12435  
-1  22  45          -19.020         12          12.015         64          64.002          41.107         -35.281        5032.000      148264.000      115112.000       33847.000      135746.000     -110919.000      -59366.000     -151933.000 
-12435  
-1  12  46          -20.027          4           4.299         64          64.000          38.120         -43.524      -59182.000      -12074.000      -23681.000       38495.000       30111.000       57331.000       62200.000      -17160.000 
-12435  
-1  22  47          -19.020         12          12.014         64          64.001          41.200         -35.288       14083.000      148490.000      117428.000       26298.000      127881.000     -118338.000      -68388.000     -147720.000 
-12435  
-1  12  48          -20.010          4           4.296         64          64.000          38.052         -43.514      -59173.000      -11393.000      -23916.000       39104.000       30619.000       57095.000       62077.000      -17202.000 
-12435  
-1  22  49          -19.017         12          12.013         64          63.998          41.128         -35.285        1763.000      148955.000      114074.000       34854.000      138107.000     -107762.000      -55919.000     -153039.000 
-12435  
-1  12  50          -20.013          4           4.295         64          63.998          38.165         -43.522      -58905.000      -12913.000      -24711.000       38146.000       28615.000       58114.000       62450.000      -16008.000 
-12435  
-1  22  51          -19.023         12          12.015         64          64.002          41.334         -35.269        8771.000      148826.000      115690.000       29847.000      132736.000     -113631.000      -64156.000     -151154.000 
-12435  
-1  12  52          -20.000          4           4.295         64          64.004          38.510         -43.483      -59721.000      -11661.000      -24353.000       39069.000       29513.000       57911.000       62063.000      -16785.000 
-12435  
-1  22  53          -19.027         12          12.015         64          64.003          41.146         -35.277       10571.000      148482.000      116363.000       28622.000      130742.000     -115319.000      -65865.000     -150275.000 
-12435  
-1  12  54          -20.017          4           4.299         64          64.001          38.408         -43.534      -58883.000      -12957.000      -24593.000       38352.000       28438.000       57550.000       62717.000      -15842.000 
-12435  
-1  22  55          -19.033         12          12.012         64          64.003          41.356         -35.274        9134.000      149284.000      115961.000       30306.000      131955.000     -113937.000      -64669.000     -150238.000 
-12435  
-1  12  56          -20.020          4           4.298         64          63.994          38.328         -43.532      -59232.000       -9549.000      -22994.000       39565.000       31957.000       55979.000       61614.000      -19428.000 
-12435  
-1  22  57          -19.017         12          12.016         64          64.000          41.315         -35.270        8975.000      148276.000      115903.000       30457.000      133623.000     -113017.000      -63619.000     -151214.000 
-12435  
-1  12  58          -20.020          4           4.295         64          64.002          38.149         -43.512      -59108.000      -11759.000      -23463.000       38765.000       30084.000       57182.000       62685.000      -17240.000 
-12435  
-1  22  59          -19.013         12          12.012         64          63.999          41.409         -35.273        8814.000      148849.000      115286.000       30769.000      133202.000     -113823.000      -62438.000     -151152.000 
-12435  
-1  12  60          -20.020          4           4.293         64          63.998          38.276         -43.523      -59495.000      -11640.000      -23586.000       38378.000       29589.000       57332.000       62313.000      -17396.000 
-12435  
-1  22  61          -19.027         12          12.013         64          63.997          41.334         -35.298        6674.000      148192.000      114915.000       32445.000      133326.000     -112677.000      -61021.000     -151336.000 
-12435  
-1  12  62          -20.003          4           4.297         64          64.008          38.401         -43.547      -59000.000      -12279.000      -24411.000       38300.000       28512.000       57582.000       62430.000      -15859.000 
-12435  
-1  22  63          -19.023         12          12.010         64          64.003          41.089         -35.288        -576.000      147921.000      113214.000       38555.000      139813.000     -104998.000      -53974.000     -154634.000 
-12435  
-1  12  64          -20.020          4           4.294         64          64.004          38.331         -43.532      -59029.000      -12640.000      -24353.000       38669.000       29321.000       57546.000       61982.000      -16575.000 
-12435  
-1  22  65          -19.037         12          12.014         64          64.002          41.251         -35.271       12917.000      148523.000      116647.000       28001.000      129264.000     -116648.000      -68908.000     -149204.000 
-12435  
-1  12  66          -19.993          4           4.295         64          64.000          38.432         -43.540      -58600.000      -14139.000      -25757.000       37972.000       26327.000       58364.000       63079.000      -13388.000 
-12435  
-1  22  67          -19.007         12          12.015         64          64.003          41.284         -35.264       31905.000      145658.000      119407.000       13630.000      115243.000     -132287.000      -84301.000     -139743.000 
-12435  
-1  12  68          -20.013          4           4.295         64          64.003          38.406         -43.566      -58997.000      -11643.000      -23319.000       38775.000       29755.000       57180.000       61529.000      -17550.000 
-12435  
-1  22  69          -19.013         12          12.012         64          64.003          41.071         -35.289       -1545.000      148345.000      113130.000       38533.000      141453.000     -103705.000      -52140.000     -154213.000 
-12435  
-1  12  70          -20.017          4           4.298         64          64.001          38.199         -43.587      -59021.000       -9690.000      -22605.000       39378.000       31332.000       56039.000       60862.000      -19464.000 
-12435  
-1  22  71          -19.010         12          12.015         64          64.001          41.359         -35.295        9373.000      148468.000      115074.000       31103.000      132919.000     -113105.000      -62428.000     -150792.000 
-12435  
-1  12  72          -20.010          4           4.295         64          64.002          38.380         -43.542      -59491.000      -10796.000      -23390.000       39093.000       30515.000       56684.000       61622.000      -17806.000 
-12435  
-1  22  73          -19.013         12          12.015         64          63.999          41.215         -35.251        2636.000      149637.000      114389.000       36026.000      138948.000     -107725.000      -56841.000     -153140.000 
-12435  
-1  12  74          -20.013          4           4.293         64          64.004          38.147         -43.512      -59441.000      -11021.000      -23856.000       39084.000       30050.000       57199.000       61900.000      -18149.000 
-12435  
-1  22  75          -19.030         12          12.011         64          64.001          41.176         -35.288       26290.000      146575.000      118157.000       16620.000      117674.000     -129073.000      -81072.000     -141765.000 
-12435  
-1  12  76          -20.007          4           4.299         64          64.001          38.042         -43.543      -59314.000      -10817.000      -22955.000       39278.000       30546.000       57066.000       61329.000      -18188.000 
-12435  
-1  22  77          -19.027         12          12.015         64          64.000          41.384         -35.279       17906.000      146951.000      118388.000       22367.000      125435.000     -121595.000      -73690.000     -146255.000 
-12435  
-1  12  78          -20.010          4           4.295         64          64.000          38.256         -43.545      -58838.000      -13049.000      -24651.000       38640.000       28565.000       57765.000       62021.000      -15713.000 
-12435  
-1  22  79          -19.007         12          12.013         64          64.004          41.440         -35.262       29651.000      146653.000      118640.000       15644.000      116732.000     -130696.000      -81957.000     -141477.000 
-12435  
-1  12  80          -20.013          4           4.299         64          64.003          38.141         -43.526      -58555.000      -13209.000      -24698.000       38281.000       28849.000       58248.000       62356.000      -15773.000 
-12435  
-1  22  81          -19.013         12          12.013         64          64.002          41.073         -35.290       -6836.000      148626.000      111442.000       42515.000      144268.000      -98368.000      -46743.000     -156527.000 
-12435  
-1  12  82          -20.000          4           4.295         64          64.002          38.323         -43.512      -58917.000      -10643.000      -23533.000       39395.000       30523.000       57454.000       62077.000      -17601.000 
-12435  
-1  22  83          -19.017         12          12.012         64          64.002          41.051         -35.274        8090.000      148465.000      115926.000       30566.000      133295.000     -113020.000      -62736.000     -151389.000 
-12435  
-1  12  84          -20.023          4           4.297         64          64.003          38.416         -43.518      -60077.000       -7528.000      -21346.000       40374.000       33930.000       54827.000       60712.000      -21700.000 
-12435  
-1  22  85          -19.013         12          12.012         64          64.002          41.303         -35.285        8819.000      149330.000      115520.000       31556.000      133230.000     -112859.000      -62207.000     -150209.000 
-12435  
-1  12  86          -20.017          4           4.298         64          64.003          38.405         -43.527      -59129.000      -11987.000      -24259.000       38382.000       29445.000       57847.000       61848.000      -17296.000 
-12435  
-1  22  87          -19.013         12          12.015         64          64.001          41.110         -35.282       26532.000      146489.000      118683.000       15850.000      118467.000     -128112.000      -80514.000     -142402.000 
-12435  
-1  12  88          -20.007          4           4.298         64          64.004          38.311         -43.546      -58830.000      -12004.000      -24430.000       38323.000       28787.000       57668.000       62323.000      -16311.000 
-12435  
-1  22  89          -19.017         12          12.012         64          64.002          41.351         -35.267        7183.000      149317.000      116170.000       31922.000      134345.000     -111369.000      -61818.000     -151334.000 
-12435  
-1  12  90          -20.010          4           4.299         64          63.998          38.261         -43.514      -58409.000      -13939.000      -25285.000       38010.000       27617.000       58829.000       62814.000      -14902.000 
-12435  
-1  22  91          -19.027         12          12.012         64          64.003          41.418         -35.264        1123.000      148920.000      113180.000       37352.000      139312.000     -106102.000      -56225.000     -154563.000 
-12435  
-1  12  92          -20.010          4           4.294         64          63.998          38.603         -43.541      -59035.000      -13382.000      -24529.000       38522.000       28440.000       57634.000       62322.000      -15143.000 
-12435  
-1  22  93          -19.020         12          12.011         64          64.002          41.267         -35.278        -612.000      148993.000      112669.000       37910.000      140077.000     -104259.000      -53746.000     -155202.000 
-12435  
-1  12  94          -20.010          4           4.298         64          63.999          38.354         -43.532      -58964.000      -12050.000      -23813.000       39033.000       29289.000       57540.000       62054.000      -16996.000 
-12435  
-1  22  95          -19.023         12          12.011         64          64.002          41.085         -35.280       11075.000      148955.000      115524.000       28841.000      131276.000     -114778.000      -66058.000     -150011.000 
-12435  
-1  12  96          -20.010          4           4.292         64          64.002          38.094         -43.527      -59460.000      -10517.000      -23274.000       39048.000       31235.000       56773.000       61681.000      -17930.000 
-12435  
-1  22  97          -19.013         12          12.015         64          64.001          41.223         -35.276       12768.000      148343.000      115669.000       27801.000      130966.000     -115942.000      -67289.000     -149698.000 
-12435  
-1  12  98          -20.003          4           4.294         64          64.004          38.204         -43.543      -59184.000      -11247.000      -23887.000       38696.000       29842.000       57403.000       61772.000      -16947.000 
-12435  
-1  22  99          -19.020         12          12.010         64          64.000          41.117         -35.264       20665.000      147960.000      117356.000       21656.000      123409.000     -124192.000      -75106.000     -145768.000 
-12435  
