-1  22  1           25.203         12          11.941         64          63.999          42.644         -33.693      186498.000       17374.000      -13523.000      198642.000     -137268.000       63692.000      -88601.000     -172165.000 
-12435  
-1  12  2           24.957          4           4.313         64          64.003          37.969         -43.912        7169.000      -61601.000       66894.000       -9205.000       30616.000       31225.000      -43383.000       25441.000 
-12435  
-1  22  3           25.147         12          11.942         64          64.000          42.525         -33.712      185297.000       19223.000      -14863.000      197931.000     -137275.000       63059.000      -88607.000     -172483.000 
-12435  
-1  12  4           24.947          4           4.312         64          64.000          38.003         -43.906       11001.000      -61178.000       67366.000       -5318.000       28409.000       32853.000      -44763.000       23313.000 
-12435  
-1  22  5           25.193         12          11.939         64          64.002          42.524         -33.692      185954.000       21058.000      -17296.000      198220.000     -138181.000       61960.000      -85345.000     -174103.000 
-12435  
-1  12  6           24.960          4           4.309         64          64.002          37.825         -43.880        9823.000      -61408.000       67183.000       -5962.000       29237.000       32523.000      -45151.000       23985.000 
-12435  
-1  22  7           25.163         12          11.941         64          64.003          42.656         -33.685      183438.000       36501.000      -32111.000      196370.000     -142849.000       50326.000      -72348.000     -180617.000 
-12435  
-1  12  8           24.913          4           4.312         64          64.004          37.852         -43.884        7187.000      -61169.000       67398.000       -9175.000       30955.000       31354.000      -43386.000       26205.000 
-12435  
-1  22  9           25.170         12          11.938         64          64.001          42.789         -33.698      183641.000       35584.000      -32368.000      195422.000     -143094.000       51009.000      -72608.000     -179974.000 
-12435  
-1  12  10           24.897          4           4.310         64          64.005          38.071         -43.898        8431.000      -61293.000       67393.000       -8005.000       30762.000       31877.000      -43251.000       24958.000 
-12435  
-1  22  11           25.170         12          11.940         64          64.001          42.691         -33.711      183280.000       35965.000      -32426.000      195654.000     -142236.000       49967.000      -72429.000     -179934.000 
-12435  
-1  12  12           24.940          4           4.310         64          64.003          37.910         -43.899        6013.000      -62086.000       66548.000      -10799.000       31792.000       29946.000      -42781.000       26691.000 
-12435  
-1  22  13           25.163         12          11.941         64          64.000          42.613         -33.697      186780.000       21204.000      -16368.000      198282.000     -137576.000       62074.000      -86529.000     -172660.000 
-12435  
-1  12  14           24.953          4           4.313         64          64.002          37.860         -43.878        7125.000      -61902.000       67313.000       -8702.000       30518.000       31520.000      -43419.000       25464.000 
-12435  
-1  22  15           25.117         12          11.940         64          64.002          42.714         -33.689      186848.000       10350.000       -4407.000      200126.000     -133652.000       70793.000      -97080.000     -166864.000 
-12435  
-1  12  16           24.947          4           4.311         64          64.000          37.808         -43.895        7016.000      -61585.000       66916.000       -9399.000       31064.000       31063.000      -43481.000       25868.000 
-12435  
-1  22  17           25.157         12          11.941         64          64.000          42.509         -33.712      182514.000       36315.000      -32662.000      196239.000     -142250.000       50345.000      -71660.000     -180060.000 
-12435  
-1  12  18           24.957          4           4.307         64          64.006          37.689         -43.916        8914.000      -61317.000       67007.000       -7333.000       30045.000       31717.000      -44269.000       24148.000 
-12435  
-1  22  19           25.163         12          11.940         64          64.002          42.982         -33.689      186911.000       -2339.000        7605.000      198928.000     -129330.000       78395.000     -107700.000     -161895.000 
-12435  
-1  12  20           24.947          4           4.312         64          64.005          37.903         -43.869        7100.000      -61703.000       67089.000       -9720.000       31534.000       31465.000      -43409.000       25567.000 
-12435  
-1  22  21           25.150         12          11.942         64          64.005          42.697         -33.685      185848.000       19896.000      -14841.000      198639.000     -137961.000       63177.000      -88049.000     -173086.000 
-12435  
-1  12  22           24.940          4           4.310         64          64.006          37.929         -43.922        9981.000      -61341.000       66697.000       -6906.000       29754.000       32023.000      -44329.000       24147.000 
-12435  
-1  22  23           25.157         12          11.940         64          64.002          42.590         -33.691      184031.000       33321.000      -30289.000      196582.000     -142121.000       52592.000      -74959.000     -179023.000 
-12435  
-1  12  24           24.947          4           4.309         64          64.000          37.581         -43.913        9642.000      -61271.000       66906.000       -6868.000       29789.000       32544.000      -44185.000       23999.000 
-12435  
-1  22  25           25.130         12          11.939         64          64.004          42.808         -33.687      187568.000        2358.000        3710.000      199654.000     -130501.000       75795.000     -104464.000     -162904.000 
-12435  
-1  12  26           24.937          4           4.309         64          64.003          37.942         -43.911        8851.000      -60993.000       67056.000       -7181.000       30514.000       32080.000      -44206.000       24248.000 
-12435  
-1  22  27           25.143         12          11.941         64          64.002          43.104         -33.699      182855.000       37913.000      -34380.000      196382.000     -143294.000       49457.000      -70212.000     -179967.000 
-12435  
-1  12  28           24.933          4           4.313         64          64.009          37.996         -43.926        6608.000      -61450.000       66260.000       -9916.000       31357.000       30857.000      -43072.000       26577.000 
-12435  
-1  22  29           25.180         12          11.940         64          63.999          43.381         -33.698      185481.000       23550.000      -20874.000      197607.000     -139848.000       59472.000      -82887.000     -174792.000 
-12435  
-1  12  30           24.907          4           4.311         64          64.001          37.831         -43.920        8030.000      -61545.000       66772.000       -8904.000       30650.000       31119.000      -43077.000       25853.000 
-12435  
-1  22  31           25.150         12          11.942         64          63.999          43.056         -33.695      185589.000       20363.000      -16682.000      198673.000     -138484.000       61601.000      -86943.000     -172937.000 
-12435  
-1  12  32           24.930          4           4.308         64          64.002          38.067         -43.865        9670.000      -61282.000       67805.000       -6589.000       29541.000       32515.000      -44438.000       24351.000 
-12435  
-1  22  33           25.183         12          11.940         64          64.000          42.682         -33.703      186813.000       13327.000       -8620.000      198859.000     -134891.000       67645.000      -92705.000     -169572.000 
-12435  
-1  12  34           24.960          4           4.308         64          64.003          37.958         -43.879       10125.000      -61413.000       67344.000       -6610.000       29428.000       32950.000      -44607.000       23491.000 
-12435  
-1  22  35           25.130         12          11.942         64          64.000          42.756         -33.697      182366.000       40089.000      -35783.000      196215.000     -143667.000       48048.000      -68912.000     -180672.000 
-12435  
-1  12  36           24.967          4           4.306         64          64.003          38.086         -43.898        9740.000      -61662.000       66890.000       -6456.000       29430.000       32243.000      -44823.000       23702.000 
-12435  
-1  22  37           25.160         12          11.941         64          64.005          42.747         -33.701      185858.000       20420.000      -16163.000      198095.000     -138146.000       62268.000      -86894.000     -172906.000 
-12435  
-1  12  38           24.947          4           4.312         64          64.001          37.754         -43.930        7114.000      -61204.000       66947.000       -9433.000       30814.000       30908.000      -43266.000       25492.000 
-12435  
-1  22  39           25.210         12          11.941         64          64.002          42.933         -33.701      185894.000       22621.000      -18460.000      197499.000     -139001.000       59786.000      -84062.000     -174593.000 
-12435  
-1  12  40           24.900          4           4.314         64          64.001          37.798         -43.907        6203.000      -61354.000       66456.000      -10360.000       32122.000       30875.000      -42700.000       26953.000 
-12435  
-1  22  41           25.180         12          11.941         64          64.004          42.744         -33.695      183163.000       36306.000      -33195.000      196572.000     -143199.000       50159.000      -70544.000     -180139.000 
-12435  
-1  12  42           24.887          4           4.312         64          63.998          38.092         -43.894        9192.000      -61449.000       67108.000       -7434.000       30376.000       32444.000      -43411.000       24941.000 
-12435  
-1  22  43           25.163         12          11.940         64          64.002          42.621         -33.699      183403.000       33965.000      -31228.000      195947.000     -142550.000       52006.000      -73959.000     -179665.000 
-12435  
-1  12  44           24.957          4           4.311         64          63.998          37.668         -43.902        9886.000      -61496.000       67128.000       -5830.000       29265.000       32549.000      -44580.000       23557.000 
-12435  
-1  22  45           25.183         12          11.940         64          64.001          42.766         -33.715      184232.000       32413.000      -28406.000      196310.000     -142008.000       52431.000      -74899.000     -177667.000 
-12435  
-1  12  46           24.963          4           4.308         64          64.000          37.893         -43.910       10638.000      -61022.000       67040.000       -5561.000       28567.000       32979.000      -45164.000       23396.000 
-12435  
-1  22  47           25.147         12          11.941         64          64.004          42.723         -33.683      187130.000       12469.000       -7974.000      199394.000     -135448.000       68480.000      -94316.000     -168794.000 
-12435  
-1  12  48           24.957          4           4.310         64          64.000          38.210         -43.879        6142.000      -62179.000       66792.000      -10604.000       31468.000       30755.000      -42900.000       26280.000 
-12435  
-1  22  49           25.173         12          11.942         64          64.001          42.954         -33.685      185831.000       21126.000      -17785.000      199340.000     -137775.000       60949.000      -85746.000     -173981.000 
-12435  
-1  12  50           24.887          4           4.308         64          64.002          37.892         -43.920        9006.000      -61297.000       66823.000       -7909.000       30538.000       31178.000      -43629.000       25464.000 
-12435  
-1  22  51           25.160         12          11.939         64          64.000          42.778         -33.691      186656.000        8636.000       -3561.000      199437.000     -134147.000       70717.000      -97310.000     -167321.000 
-12435  
-1  12  52           24.877          4           4.308         64          64.003          38.271         -43.868        5882.000      -61678.000       66866.000      -11954.000       32644.000       30167.000      -42322.000       27550.000 
-12435  
-1  22  53           25.137         12          11.941         64          64.001          42.793         -33.670      186603.000       19893.000      -15208.000      199263.000     -138155.000       63249.000      -88402.000     -172596.000 
-12435  
-1  12  54           24.863          4           4.309         64          64.004          37.620         -43.884        6856.000      -61806.000       67006.000      -10012.000       31585.000       31016.000      -42368.000       26788.000 
-12435  
-1  22  55           25.180         12          11.941         64          63.999          42.949         -33.697      185341.000       25061.000      -20250.000      197375.000     -139782.000       59398.000      -82255.000     -175528.000 
-12435  
-1  12  56           24.937          4           4.310         64          64.003          38.037         -43.895        9343.000      -61439.000       67019.000       -6298.000       30115.000       32697.000      -44189.000       23961.000 
-12435  
-1  22  57           25.180         12          11.940         64          64.002          42.672         -33.691      185872.000       21448.000      -16772.000      197909.000     -139025.000       62060.000      -85372.000     -173928.000 
-12435  
-1  12  58           24.963          4           4.312         64          64.002          37.742         -43.929       10912.000      -61290.000       66940.000       -5755.000       29107.000       32712.000      -44553.000       22457.000 
-12435  
-1  22  59           25.143         12          11.937         64          64.002          42.620         -33.700      184259.000       28279.000      -23797.000      197740.000     -140421.000       56645.000      -80005.000     -176500.000 
-12435  
-1  12  60           24.933          4           4.311         64          63.998          37.681         -43.947        8568.000      -61728.000       66586.000       -8246.000       30319.000       31219.000      -43067.000       24676.000 
-12435  
-1  22  61           25.150         12          11.941         64          64.004          42.856         -33.700      186768.000       17492.000      -12648.000      198730.000     -136517.000       64481.000      -90073.000     -170723.000 
-12435  
-1  12  62           24.943          4           4.312         64          64.000          37.828         -43.894        7910.000      -61399.000       67262.000       -8174.000       30254.000       31324.000      -43968.000       25438.000 
-12435  
-1  22  63           25.147         12          11.939         64          64.002          42.497         -33.713      184787.000       22121.000      -17778.000      197949.000     -138098.000       61280.000      -85556.000     -173830.000 
-12435  
-1  12  64           24.923          4           4.309         64          64.000          37.897         -43.943        8834.000      -60988.000       66893.000       -7519.000       30194.000       31622.000      -43672.000       24680.000 
-12435  
-1  22  65           25.150         12          11.942         64          64.000          42.613         -33.725      180796.000       46193.000      -42606.000      194088.000     -144288.000       42315.000      -62340.000     -182551.000 
-12435  
-1  12  66           24.880          4           4.314         64          64.004          37.802         -43.897        8510.000      -61139.000       67548.000       -8204.000       30507.000       31896.000      -43181.000       25271.000 
-12435  
-1  22  67           25.133         12          11.943         64          64.002          42.642         -33.705      182872.000       36966.000      -34022.000      196523.000     -142903.000       49784.000      -71263.000     -179358.000 
-12435  
-1  12  68           24.950          4           4.310         64          64.004          38.020         -43.905        7198.000      -61587.000       66714.000       -8652.000       31055.000       31589.000      -43538.000       25304.000 
-12435  
-1  22  69           25.157         12          11.938         64          64.000          42.756         -33.687      183291.000       34764.000      -31084.000      197397.000     -142475.000       52173.000      -72757.000     -179616.000 
-12435  
-1  12  70           24.897          4           4.309         64          64.003          37.864         -43.882        9204.000      -61343.000       67571.000       -7392.000       30625.000       31784.000      -43781.000       24544.000 
-12435  
-1  22  71           25.150         12          11.940         64          64.000          42.939         -33.694      186259.000       19840.000      -15247.000      198068.000     -137731.000       63354.000      -88175.000     -172580.000 
-12435  
-1  12  72           24.957          4           4.311         64          64.004          37.863         -43.928        8533.000      -60993.000       66945.000       -7251.000       29468.000       32036.000      -44280.000       24833.000 
-12435  
-1  22  73           25.147         12          11.940         64          64.003          42.682         -33.704      184020.000       36169.000      -31888.000      196034.000     -141971.000       51212.000      -72999.000     -179025.000 
-12435  
-1  12  74           24.970          4           4.311         64          63.999          38.261         -43.947        9780.000      -60845.000       67020.000       -6687.000       29224.000       31936.000      -44683.000       23247.000 
-12435  
-1  22  75           25.140         12          11.941         64          64.005          42.821         -33.703      182856.000       35686.000      -32188.000      196320.000     -142572.000       51059.000      -72786.000     -179707.000 
-12435  
-1  12  76           24.840          4           4.311         64          64.002          38.020         -43.928        6265.000      -61210.000       66578.000      -10102.000       31837.000       31145.000      -42019.000       27031.000 
-12435  
-1  22  77           25.160         12          11.939         64          64.000          42.691         -33.682      182994.000       39261.000      -36467.000      196201.000     -144249.000       47522.000      -68661.000     -181201.000 
-12435  
-1  12  78           24.937          4           4.310         64          64.004          38.143         -43.904        6972.000      -61149.000       66661.000       -9868.000       31648.000       30980.000      -43578.000       26085.000 
-12435  
-1  22  79           25.137         12          11.939         64          64.000          42.658         -33.705      185949.000       10763.000       -5855.000      198790.000     -135326.000       69084.000      -96064.000     -167848.000 
-12435  
-1  12  80           24.913          4           4.315         64          64.002          38.006         -43.909        5912.000      -61520.000       66872.000      -10965.000       31913.000       30028.000      -42464.000       26838.000 
-12435  
-1  22  81           25.157         12          11.938         64          64.001          43.002         -33.704      186166.000       20244.000      -15100.000      198338.000     -138014.000       62480.000      -87035.000     -172039.000 
-12435  
-1  12  82           24.947          4           4.311         64          64.005          37.783         -43.895       10513.000      -61323.000       67112.000       -5642.000       29033.000       32760.000      -44839.000       23755.000 
-12435  
-1  22  83           25.157         12          11.940         64          64.001          42.954         -33.712      184244.000       29809.000      -27178.000      197991.000     -139763.000       54357.000      -77574.000     -176781.000 
-12435  
-1  12  84           24.947          4           4.308         64          64.003          37.955         -43.901       10939.000      -60841.000       67649.000       -5398.000       29010.000       32647.000      -44968.000       22861.000 
-12435  
-1  22  85           25.137         12          11.941         64          64.002          43.122         -33.689      182897.000       38463.000      -34737.000      195651.000     -144478.000       48898.000      -70421.000     -180590.000 
-12435  
-1  12  86           24.897          4           4.306         64          64.000          37.971         -43.859        9318.000      -61528.000       67367.000       -7350.000       30871.000       32247.000      -43999.000       24735.000 
-12435  
-1  22  87           25.163         12          11.943         64          64.003          42.794         -33.684      185752.000       23752.000      -19850.000      198521.000     -139092.000       60228.000      -83540.000     -174814.000 
-12435  
-1  12  88           24.910          4           4.311         64          63.999          38.229         -43.870        8764.000      -61246.000       67575.000       -7393.000       30740.000       32021.000      -44007.000       24809.000 
-12435  
-1  22  89           25.180         12          11.939         64          64.004          42.698         -33.697      183718.000       38094.000      -35147.000      196044.000     -142597.000       48439.000      -69924.000     -180439.000 
-12435  
-1  12  90           24.940          4           4.314         64          64.004          38.164         -43.907        6900.000      -61560.000       66766.000      -10204.000       31058.000       30894.000      -43062.000       26249.000 
-12435  
-1  22  91           25.157         12          11.940         64          64.003          42.817         -33.710      183129.000       37928.000      -34493.000      195393.000     -143542.000       48846.000      -70251.000     -179799.000 
-12435  
-1  12  92           24.947          4           4.312         64          64.003          37.956         -43.902        8891.000      -61015.000       67396.000       -7350.000       29790.000       32390.000      -44130.000       24383.000 
-12435  
-1  22  93           25.160         12          11.941         64          64.002          42.569         -33.696      185821.000       14256.000       -9796.000      198967.000     -136366.000       66405.000      -92314.000     -170545.000 
-12435  
-1  12  94           24.907          4           4.313         64          64.007          37.928         -43.906        7977.000      -61600.000       66984.000       -8559.000       31074.000       31037.000      -43232.000       25437.000 
-12435  
-1  22  95           25.160         12          11.941         64          64.001          42.832         -33.676      185243.000       29657.000      -26331.000      198345.000     -140516.000       55785.000      -78181.000     -177290.000 
-12435  
-1  12  96           24.917          4           4.312         64          63.999          38.025         -43.947        7831.000      -60987.000       66547.000       -8834.000       31271.000       31177.000      -43241.000       25228.000 
-12435  
-1  22  97           25.210         12          11.940         64          64.002          42.886         -33.686      186749.000       18714.000      -14447.000      199281.000     -136802.000       64021.000      -86789.000     -172717.000 
-12435  
-1  12  98           24.940          4           4.307         64          64.002          37.822         -43.900        8869.000      -61314.000       66978.000       -7818.000       30513.000       32008.000      -44008.000       24607.000 
-12435  
-1  22  99           25.140         12          11.940         64          64.003          42.761         -33.673      186807.000       14827.000       -9917.000      199297.000     -136819.000       66887.000      -92744.000     -170313.000 
-12435  
