-1  12  1           43.200          4           4.295         64          64.001          31.803         -50.084        1474.000      -21030.000       17080.000       20163.000      -30413.000       -3714.000       26024.000      -18522.000 
-12435  
-1  22  2           43.037         12          11.928         64          63.998          30.277         -46.345       14605.000      -27721.000       20847.000       43107.000      -42538.000      -13824.000       44775.000       -7512.000 
-12435  
-1  12  3           43.470          4           4.296         64          63.994          32.013         -50.037        2687.000      -20917.000       15793.000       21491.000      -29864.000       -5859.000       27735.000      -16847.000 
-12435  
-1  22  4           42.927         12          11.924         64          63.992          30.574         -46.369       14994.000      -26584.000       19803.000       44451.000      -41008.000      -14163.000       45455.000       -6951.000 
-12435  
-1  12  5           43.153          4           4.303         64          64.011          31.680         -50.099        4690.000      -20250.000       13556.000       22531.000      -29489.000       -8450.000       28699.000      -14239.000 
-12435  
-1  22  6           42.803         12          11.933         64          64.000          30.415         -46.392       18323.000      -24864.000       15443.000       45772.000      -39539.000      -18302.000       45445.000       -2598.000 
-12435  
-1  12  7           43.013          4           4.290         64          63.997          32.078         -50.054        3811.000      -20835.000       15334.000       21986.000      -29790.000       -6474.000       27428.000      -16572.000 
-12435  
-1  22  8           42.830         12          11.922         64          64.007          30.482         -46.276       15322.000      -26659.000       20003.000       44601.000      -42156.000      -14578.000       45645.000       -6854.000 
-12435  
-1  12  9           43.020          4           4.299         64          64.008          31.796         -50.045        3126.000      -20533.000       16342.000       21440.000      -30308.000       -5896.000       27047.000      -16927.000 
-12435  
-1  22  10           43.003         12          11.929         64          64.006          30.428         -46.367       16504.000      -26384.000       18405.000       44395.000      -40545.000      -15216.000       45972.000       -5736.000 
-12435  
-1  12  11           43.290          4           4.294         64          63.995          31.931         -50.060        2592.000      -20887.000       15902.000       20935.000      -30464.000       -5804.000       27163.000      -16897.000 
-12435  
-1  22  12           42.900         12          11.930         64          64.000          30.300         -46.372       14322.000      -27998.000       21738.000       43223.000      -42164.000      -12715.000       44136.000       -8569.000 
-12435  
-1  12  13           43.780          4           4.298         64          64.005          32.028         -50.066        1985.000      -21512.000       16601.000       19994.000      -29785.000       -4454.000       26698.000      -18780.000 
-12435  
-1  22  14           43.183         12          11.921         64          63.998          30.367         -46.314       16446.000      -25723.000       16523.000       45709.000      -40041.000      -18518.000       46261.000       -2820.000 
-12435  
-1  12  15           43.770          4           4.294         64          64.004          32.313         -50.047        2662.000      -20772.000       15567.000       21535.000      -29875.000       -5845.000       28104.000      -16343.000 
-12435  
-1  22  16           42.927         12          11.923         64          64.000          30.382         -46.360       17061.000      -26059.000       16361.000       45311.000      -40330.000      -17163.000       45633.000       -4097.000 
-12435  
-1  12  17           43.330          4           4.302         64          63.997          32.065         -50.055        4088.000      -20200.000       14123.000       22369.000      -29497.000       -8630.000       28921.000      -14740.000 
-12435  
-1  22  18           42.977         12          11.925         64          64.001          30.491         -46.327       14710.000      -26891.000       19360.000       44196.000      -42247.000      -14443.000       45425.000       -6474.000 
-12435  
-1  12  19           43.173          4           4.298         64          64.000          32.227         -50.136        3803.000      -20635.000       13943.000       22208.000      -29486.000       -7489.000       27928.000      -15219.000 
-12435  
-1  22  20           42.990         12          11.931         64          63.998          30.602         -46.326       16902.000      -25854.000       16649.000       45648.000      -40689.000      -16835.000       45867.000       -3400.000 
-12435  
-1  12  21           43.737          4           4.296         64          63.994          31.904         -50.123        2923.000      -21173.000       15618.000       20539.000      -29888.000       -6274.000       27180.000      -16727.000 
-12435  
-1  22  22           43.180         12          11.932         64          63.998          30.475         -46.319       18365.000      -25704.000       14281.000       46031.000      -39445.000      -19242.000       46174.000       -1164.000 
-12435  
-1  12  23           43.493          4           4.300         64          63.991          31.921         -50.101        2564.000      -21491.000       15829.000       20830.000      -29731.000       -5638.000       26781.000      -17426.000 
-12435  
-1  22  24           42.783         12          11.927         64          63.998          30.543         -46.297       15532.000      -26939.000       21574.000       44317.000      -41966.000      -12840.000       45158.000       -7568.000 
-12435  
-1  12  25           43.647          4           4.294         64          64.004          31.991         -50.085        1179.000      -20927.000       17390.000       19812.000      -30005.000       -3837.000       26331.000      -18932.000 
-12435  
-1  22  26           42.973         12          11.929         64          63.996          30.377         -46.364       17355.000      -25354.000       16935.000       45318.000      -40077.000      -17405.000       45825.000       -3364.000 
-12435  
-1  12  27           43.603          4           4.299         64          64.007          31.876         -50.051        1550.000      -21220.000       16454.000       20887.000      -30344.000       -4875.000       26695.000      -17570.000 
-12435  
-1  22  28           42.510         12          11.932         64          64.004          30.812         -46.372       12164.000      -28248.000       24401.000       41439.000      -43323.000       -8750.000       43633.000      -13243.000 
-12435  
-1  12  29           43.147          4           4.297         64          64.011          32.038         -50.115        4348.000      -20617.000       14687.000       21849.000      -29821.000       -7539.000       27780.000      -14988.000 
-12435  
-1  22  30           42.987         12          11.929         64          63.995          30.197         -46.392       15578.000      -26215.000       18145.000       44797.000      -40964.000      -16708.000       44878.000       -4579.000 
-12435  
-1  12  31           43.103          4           4.297         64          64.005          31.880         -50.080        4117.000      -20185.000       14220.000       22381.000      -29780.000       -7835.000       28365.000      -14976.000 
-12435  
-1  22  32           42.650         12          11.926         64          64.009          30.256         -46.398       15130.000      -26680.000       20423.000       43757.000      -42034.000      -13414.000       44396.000       -7613.000 
-12435  
-1  12  33           43.220          4           4.298         64          63.997          31.921         -50.096        2327.000      -20795.000       15684.000       21188.000      -30061.000       -5948.000       26984.000      -17129.000 
-12435  
-1  22  34           42.850         12          11.918         64          64.012          30.429         -46.377       16321.000      -24695.000       16980.000       45956.000      -39929.000      -17182.000       45880.000       -3537.000 
-12435  
-1  12  35           43.883          4           4.301         64          63.997          31.847         -50.109        1560.000      -20980.000       16792.000       20040.000      -30042.000       -4069.000       26824.000      -17860.000 
-12435  
-1  22  36           42.653         12          11.927         64          64.001          30.580         -46.319       19468.000      -24283.000       15287.000       45827.000      -40018.000      -18774.000       46026.000       -2326.000 
-12435  
-1  12  37           43.903          4           4.288         64          63.994          31.757         -50.083        1815.000      -21067.000       17048.000       19829.000      -29997.000       -5003.000       26991.000      -17844.000 
-12435  
-1  22  38           42.923         12          11.922         64          64.003          30.455         -46.331       15438.000      -27052.000       19364.000       44177.000      -41537.000      -14931.000       45460.000       -7023.000 
-12435  
-1  12  39           43.547          4           4.287         64          63.995          32.082         -50.106        2133.000      -20522.000       16641.000       20297.000      -30230.000       -5219.000       27036.000      -17303.000 
-12435  
-1  22  40           42.617         12          11.926         64          63.993          30.318         -46.331       14199.000      -26508.000       21632.000       43547.000      -42658.000      -12939.000       45012.000       -8863.000 
-12435  
-1  12  41           43.250          4           4.300         64          63.998          32.092         -50.073        3905.000      -21289.000       15472.000       21288.000      -29628.000       -6819.000       27462.000      -16428.000 
-12435  
-1  22  42           42.953         12          11.927         64          63.987          30.772         -46.414       15642.000      -25925.000       18184.000       45033.000      -40497.000      -17235.000       44609.000       -4268.000 
-12435  
-1  12  43           43.250          4           4.295         64          64.009          31.874         -50.063        3156.000      -21011.000       15098.000       21569.000      -29889.000       -5902.000       27735.000      -16579.000 
-12435  
-1  22  44           43.013         12          11.919         64          64.006          30.603         -46.397       16212.000      -26170.000       17621.000       44061.000      -41230.000      -16869.000       45206.000       -4578.000 
-12435  
-1  12  45           43.293          4           4.293         64          64.003          31.790         -50.053        3711.000      -20581.000       15464.000       21180.000      -30396.000       -6887.000       27911.000      -15752.000 
-12435  
-1  22  46           42.717         12          11.938         64          63.995          30.714         -46.323       12410.000      -28186.000       24392.000       42144.000      -42972.000       -9797.000       44265.000      -12325.000 
-12435  
-1  12  47           43.063          4           4.293         64          64.005          31.631         -50.137        2972.000      -20280.000       15268.000       21161.000      -29580.000       -6199.000       27362.000      -17346.000 
-12435  
-1  22  48           42.910         12          11.923         64          63.999          30.498         -46.347       15851.000      -26333.000       19716.000       44041.000      -41397.000      -14500.000       45737.000       -6645.000 
-12435  
-1  12  49           43.387          4           4.298         64          64.003          32.207         -50.117        3008.000      -20921.000       15768.000       21150.000      -29570.000       -6029.000       27318.000      -16699.000 
-12435  
-1  22  50           42.727         12          11.922         64          64.004          30.486         -46.313       15978.000      -26530.000       18775.000       44845.000      -42148.000      -15050.000       45073.000       -5858.000 
-12435  
-1  12  51           43.853          4           4.297         64          64.002          31.941         -50.110        3598.000      -21023.000       14462.000       21204.000      -29712.000       -6596.000       28155.000      -15829.000 
-12435  
-1  22  52           43.023         12          11.930         64          63.999          30.558         -46.319       12853.000      -28031.000       23607.000       42778.000      -43227.000      -10780.000       44441.000       -9125.000 
-12435  
-1  12  53           43.173          4           4.298         64          64.005          31.986         -50.037        3045.000      -20969.000       15689.000       20839.000      -30088.000       -6276.000       27413.000      -17605.000 
-12435  
-1  22  54           42.860         12          11.926         64          63.992          30.600         -46.383       12223.000      -28184.000       24191.000       41532.000      -43041.000      -10033.000       43921.000      -11662.000 
-12435  
-1  12  55           43.223          4           4.297         64          64.000          31.799         -50.108        3608.000      -20438.000       14954.000       21603.000      -29813.000       -7319.000       27847.000      -15674.000 
-12435  
-1  22  56           42.617         12          11.925         64          64.007          30.462         -46.389       14082.000      -26677.000       20863.000       43821.000      -41968.000      -13068.000       44604.000       -8713.000 
-12435  
-1  12  57           43.373          4           4.301         64          64.000          31.584         -50.149        3008.000      -20697.000       15124.000       20859.000      -29794.000       -6148.000       27449.000      -16597.000 
-12435  
-1  22  58           43.210         12          11.924         64          63.997          30.683         -46.391       14174.000      -27579.000       19816.000       43508.000      -41048.000      -14398.000       45443.000       -7423.000 
-12435  
-1  12  59           43.193          4           4.296         64          64.000          32.177         -50.046        2820.000      -20906.000       16141.000       20809.000      -29774.000       -5519.000       27389.000      -17972.000 
-12435  
-1  22  60           42.787         12          11.932         64          64.001          30.557         -46.323       17988.000      -24773.000       15262.000       46299.000      -39883.000      -19616.000       45606.000       -2096.000 
-12435  
-1  12  61           43.377          4           4.297         64          64.001          31.935         -50.031        2295.000      -21229.000       16878.000       20607.000      -30439.000       -5033.000       26748.000      -17522.000 
-12435  
-1  22  62           42.957         12          11.925         64          63.994          30.716         -46.307       15053.000      -27042.000       20607.000       43731.000      -42586.000      -13473.000       45409.000       -7042.000 
-12435  
-1  12  63           43.587          4           4.289         64          63.997          31.917         -50.103        2671.000      -20877.000       15509.000       20903.000      -30059.000       -5633.000       27432.000      -16731.000 
-12435  
-1  22  64           42.973         12          11.916         64          64.006          30.485         -46.386       17312.000      -25589.000       15871.000       45517.000      -39974.000      -17035.000       45738.000       -3171.000 
-12435  
-1  12  65           43.227          4           4.298         64          64.008          31.748         -50.127        2767.000      -21131.000       15470.000       21242.000      -30047.000       -6159.000       26712.000      -16498.000 
-12435  
-1  22  66           42.933         12          11.922         64          64.000          30.602         -46.352       13318.000      -27037.000       21027.000       43165.000      -42604.000      -12432.000       45424.000       -8870.000 
-12435  
-1  12  67           43.130          4           4.304         64          63.998          31.816         -50.111        3100.000      -20598.000       15378.000       21695.000      -30245.000       -6420.000       27108.000      -15827.000 
-12435  
-1  22  68           43.220         12          11.935         64          63.990          30.619         -46.386       15841.000      -26469.000       17112.000       44479.000      -40340.000      -16658.000       46037.000       -4548.000 
-12435  
-1  12  69           43.157          4           4.291         64          63.999          32.073         -50.108        2451.000      -20813.000       15947.000       20883.000      -30411.000       -6143.000       26528.000      -16994.000 
-12435  
-1  22  70           42.977         12          11.919         64          64.001          30.554         -46.285       16562.000      -25678.000       16803.000       45806.000      -40359.000      -17802.000       46499.000       -4013.000 
-12435  
-1  12  71           43.073          4           4.296         64          64.001          31.801         -50.081        3079.000      -21170.000       14843.000       21409.000      -29835.000       -6686.000       27079.000      -17305.000 
-12435  
-1  22  72           42.467         12          11.938         64          63.999          30.383         -46.408       13659.000      -27190.000       20546.000       43762.000      -42297.000      -12394.000       44015.000       -9371.000 
-12435  
-1  12  73           43.360          4           4.295         64          64.007          31.996         -50.020        2120.000      -20765.000       16236.000       20887.000      -30413.000       -5172.000       27399.000      -17592.000 
-12435  
-1  22  74           42.997         12          11.923         64          63.997          30.418         -46.374       11564.000      -28434.000       23724.000       42197.000      -42582.000      -10606.000       44139.000      -11362.000 
-12435  
-1  12  75           43.167          4           4.291         64          63.995          31.632         -50.119        2802.000      -20519.000       15400.000       21483.000      -30096.000       -6226.000       27190.000      -16284.000 
-12435  
-1  22  76           42.793         12          11.922         64          64.002          30.221         -46.353       15352.000      -26348.000       18491.000       44857.000      -41360.000      -15265.000       45354.000       -6273.000 
-12435  
-1  12  77           43.593          4           4.295         64          63.995          31.919         -50.086        3113.000      -21187.000       14953.000       21977.000      -29690.000       -7077.000       27572.000      -15599.000 
-12435  
-1  22  78           42.887         12          11.929         64          63.995          30.392         -46.360       15495.000      -26485.000       20368.000       43558.000      -41812.000      -13988.000       45408.000       -7189.000 
-12435  
-1  12  79           43.840          4           4.299         64          64.010          31.774         -50.157        2431.000      -21066.000       15014.000       21239.000      -29556.000       -6306.000       27336.000      -16229.000 
-12435  
-1  22  80           42.937         12          11.923         64          64.000          30.385         -46.341       14587.000      -27196.000       19730.000       44507.000      -41791.000      -14447.000       44938.000       -6759.000 
-12435  
-1  12  81           43.300          4           4.293         64          64.004          31.770         -50.132        3270.000      -20831.000       14831.000       21098.000      -30092.000       -6409.000       27444.000      -16061.000 
-12435  
-1  22  82           42.893         12          11.922         64          64.004          30.592         -46.421       16841.000      -25295.000       15709.000       45543.000      -40126.000      -17883.000       45024.000       -2778.000 
-12435  
-1  12  83           43.307          4           4.299         64          63.996          32.031         -50.015        2605.000      -21031.000       15979.000       20790.000      -30293.000       -6010.000       27381.000      -17641.000 
-12435  
-1  22  84           42.793         12          11.920         64          64.002          30.510         -46.300       17229.000      -25715.000       15951.000       46052.000      -40948.000      -17069.000       45821.000       -3538.000 
-12435  
-1  12  85           43.257          4           4.300         64          63.999          31.933         -50.029        1501.000      -20751.000       17049.000       20488.000      -30744.000       -4405.000       26572.000      -18099.000 
-12435  
-1  22  86           43.150         12          11.936         64          64.007          30.440         -46.360       17470.000      -26629.000       15475.000       45848.000      -39456.000      -18401.000       45309.000       -2604.000 
-12435  
-1  12  87           43.790          4           4.299         64          64.003          32.139         -50.058        2809.000      -21054.000       15209.000       21350.000      -29890.000       -6316.000       27908.000      -16419.000 
-12435  
-1  22  88           42.877         12          11.930         64          63.994          30.597         -46.379       15860.000      -26085.000       19602.000       43575.000      -41756.000      -14451.000       45496.000       -6503.000 
-12435  
-1  12  89           43.147          4           4.292         64          63.996          31.750         -50.115        3562.000      -20423.000       15220.000       21336.000      -29932.000       -6445.000       27678.000      -16111.000 
-12435  
-1  22  90           43.017         12          11.921         64          63.993          30.684         -46.303       13995.000      -27760.000       22024.000       43378.000      -42021.000      -13252.000       45313.000       -8949.000 
-12435  
-1  12  91           43.097          4           4.299         64          63.998          31.927         -50.126        3645.000      -20472.000       14816.000       21510.000      -29811.000       -7071.000       27561.000      -16097.000 
-12435  
-1  22  92           42.870         12          11.924         64          64.000          30.399         -46.329       17327.000      -25901.000       18462.000       45058.000      -41046.000      -16350.000       45288.000       -4259.000 
-12435  
-1  12  93           43.117          4           4.294         64          64.007          32.084         -50.100        3439.000      -20900.000       14891.000       21651.000      -29901.000       -7028.000       27292.000      -16214.000 
-12435  
-1  22  94           43.013         12          11.919         64          64.001          30.367         -46.350       15110.000      -27274.000       20647.000       43866.000      -41778.000      -14237.000       44855.000       -6700.000 
-12435  
-1  12  95           43.343          4           4.297         64          63.999          31.748         -50.111        2559.000      -20609.000       15830.000       20834.000      -29795.000       -5808.000       27353.000      -17230.000 
-12435  
-1  22  96           42.833         12          11.927         64          64.002          30.505         -46.332       16609.000      -25469.000       16827.000       45336.000      -41213.000      -17140.000       45700.000       -3902.000 
-12435  
-1  12  97           43.140          4           4.292         64          63.999          31.816         -50.142        3088.000      -20579.000       15238.000       20715.000      -30123.000       -6247.000       27126.000      -16843.000 
-12435  
-1  22  98           42.880         12          11.920         64          63.999          30.357         -46.353       17936.000      -25235.000       15920.000       45629.000      -39867.000      -18334.000       45766.000       -3042.000 
-12435  
-1  12  99           43.250          4           4.298         64          64.001          31.856         -50.036        3091.000      -21078.000       14914.000       22038.000      -29891.000       -6824.000       27746.000      -16264.000 
-12435  
