-1  22  1           31.947         12          11.941         64          64.001          38.386         -38.447      -90887.000      -24024.000       59156.000      -98679.000       86937.000       62173.000      -93135.000       55205.000 
-12435  
-1  12  2           29.170          4           4.309         64          64.003          33.338         -48.467      -28599.000        9479.000      -19272.000      -42094.000       25674.000      -17664.000      -10231.000       19337.000 
-12435  
-1  22  3           31.973         12          11.946         64          63.998          38.379         -38.440      -85688.000      -40657.000       75605.000      -86154.000       73740.000       77017.000     -102039.000       37079.000 
-12435  
-1  12  4           28.880          4           4.308         64          64.005          33.579         -48.426      -29428.000        7823.000      -17579.000      -42988.000       26782.000      -16731.000       -9923.000       19060.000 
-12435  
-1  22  5           31.920         12          11.943         64          63.998          38.208         -38.412      -86050.000      -38117.000       74484.000      -88842.000       76861.000       75752.000     -100347.000       39656.000 
-12435  
-1  12  6           29.170          4           4.308         64          64.008          33.302         -48.441      -29755.000        8159.000      -16861.000      -43049.000       26019.000      -16481.000      -10631.000       19400.000 
-12435  
-1  22  7           31.960         12          11.944         64          64.001          38.383         -38.405      -89528.000      -31866.000       67005.000      -93170.000       82281.000       69812.000      -97899.000       47225.000 
-12435  
-1  12  8           29.210          4           4.303         64          64.004          33.580         -48.420      -29811.000        7671.000      -16721.000      -43471.000       26312.000      -16190.000      -11831.000       18406.000 
-12435  
-1  22  9           31.953         12          11.939         64          64.001          38.017         -38.469      -87193.000      -35465.000       71418.000      -89422.000       78162.000       73117.000      -99115.000       41874.000 
-12435  
-1  12  10           29.103          4           4.309         64          64.007          33.443         -48.433      -29636.000        8555.000      -18067.000      -42519.000       26005.000      -17190.000      -10358.000       19287.000 
-12435  
-1  22  11           31.953         12          11.944         64          64.004          38.331         -38.433      -89765.000      -30445.000       65596.000      -93958.000       82835.000       67920.000      -96880.000       48860.000 
-12435  
-1  12  12           29.070          4           4.307         64          64.004          33.457         -48.383      -28702.000        9640.000      -19540.000      -42561.000       25740.000      -18216.000       -9895.000       19661.000 
-12435  
-1  22  13           31.943         12          11.947         64          64.006          38.254         -38.410      -90104.000      -29519.000       64496.000      -95278.000       84084.000       67184.000      -96204.000       50346.000 
-12435  
-1  12  14           29.140          4           4.314         64          63.998          33.486         -48.458      -29160.000        8454.000      -18030.000      -42766.000       26038.000      -16714.000      -10668.000       19068.000 
-12435  
-1  22  15           31.947         12          11.942         64          64.002          38.197         -38.422      -89906.000      -29040.000       64793.000      -94880.000       83462.000       66961.000      -96519.000       50827.000 
-12435  
-1  12  16           28.780          4           4.307         64          64.001          33.621         -48.432      -29062.000        8532.000      -18795.000      -42623.000       25827.000      -18186.000       -9652.000       18949.000 
-12435  
-1  22  17           31.963         12          11.943         64          64.000          38.676         -38.422      -86370.000      -36434.000       73233.000      -89426.000       77211.000       74063.000     -101227.000       40407.000 
-12435  
-1  12  18           28.777          4           4.306         64          64.004          33.414         -48.432      -28768.000        8753.000      -18240.000      -42978.000       25905.000      -18047.000       -9356.000       19205.000 
-12435  
-1  22  19           31.953         12          11.942         64          64.003          38.706         -38.422      -91110.000      -25539.000       61217.000      -97700.000       85924.000       64088.000      -94255.000       53478.000 
-12435  
-1  12  20           29.183          4           4.308         64          64.001          33.754         -48.422      -29585.000        8272.000      -18668.000      -42651.000       25631.000      -17048.000      -11059.000       19135.000 
-12435  
-1  22  21           31.953         12          11.940         64          63.997          38.354         -38.427      -88006.000      -33890.000       70131.000      -91367.000       80351.000       70827.000      -99380.000       43766.000 
-12435  
-1  12  22           29.500          4           4.310         64          64.004          33.522         -48.414      -30184.000        7541.000      -15897.000      -43456.000       26338.000      -15430.000      -12197.000       19159.000 
-12435  
-1  22  23           31.980         12          11.943         64          64.002          38.166         -38.399      -91660.000      -25724.000       60458.000      -97799.000       86037.000       64166.000      -95254.000       53342.000 
-12435  
-1  12  24           28.840          4           4.307         64          63.996          33.838         -48.373      -29515.000        8473.000      -18465.000      -43608.000       25676.000      -17196.000       -9671.000       19127.000 
-12435  
-1  22  25           31.970         12          11.943         64          64.005          38.192         -38.453      -88688.000      -32873.000       67792.000      -91905.000       80680.000       70907.000      -98015.000       44946.000 
-12435  
-1  12  26           29.023          4           4.308         64          63.997          33.593         -48.460      -29012.000        9703.000      -19301.000      -41552.000       25475.000      -18692.000       -9293.000       19702.000 
-12435  
-1  22  27           31.967         12          11.942         64          64.000          38.508         -38.390      -89443.000      -32925.000       67641.000      -93295.000       81244.000       70351.000      -98493.000       46874.000 
-12435  
-1  12  28           28.930          4           4.312         64          64.001          33.707         -48.476      -28758.000        8228.000      -18192.000      -42908.000       25867.000      -17009.000       -9945.000       19166.000 
-12435  
-1  22  29           31.950         12          11.943         64          64.004          38.141         -38.431      -89556.000      -30343.000       66030.000      -94134.000       82613.000       68455.000      -96755.000       48498.000 
-12435  
-1  12  30           29.253          4           4.306         64          64.000          33.608         -48.402      -29998.000        7594.000      -16654.000      -43480.000       26010.000      -16254.000      -11557.000       19216.000 
-12435  
-1  22  31           31.947         12          11.942         64          64.004          38.232         -38.401      -90893.000      -28931.000       62441.000      -95920.000       85718.000       66337.000      -95334.000       51561.000 
-12435  
-1  12  32           29.150          4           4.308         64          63.997          33.726         -48.373      -29254.000        9031.000      -19391.000      -42466.000       25548.000      -18053.000      -10364.000       19909.000 
-12435  
-1  22  33           31.950         12          11.943         64          64.001          38.186         -38.445      -86702.000      -36940.000       73013.000      -88492.000       77607.000       74170.000     -100230.000       40355.000 
-12435  
-1  12  34           29.033          4           4.309         64          64.000          33.353         -48.525      -28903.000        8966.000      -17902.000      -42462.000       25528.000      -17280.000      -10126.000       18689.000 
-12435  
-1  22  35           31.960         12          11.943         64          64.002          38.221         -38.401      -87233.000      -38294.000       73577.000      -89052.000       77604.000       73946.000     -101095.000       39570.000 
-12435  
-1  12  36           29.233          4           4.314         64          63.997          33.555         -48.456      -28892.000        8992.000      -18597.000      -42642.000       26264.000      -16315.000      -10601.000       19083.000 
-12435  
-1  22  37           31.977         12          11.943         64          64.003          38.376         -38.428      -88225.000      -33900.000       68548.000      -92266.000       79726.000       71245.000      -99336.000       44406.000 
-12435  
-1  12  38           28.880          4           4.314         64          63.998          33.314         -48.504      -28587.000        8602.000      -18378.000      -42817.000       25696.000      -17290.000      -10087.000       18427.000 
-12435  
-1  22  39           31.960         12          11.946         64          64.001          38.153         -38.429      -90227.000      -28796.000       64655.000      -95025.000       83664.000       67620.000      -96054.000       49260.000 
-12435  
-1  12  40           29.143          4           4.309         64          64.006          33.619         -48.426      -29178.000        8652.000      -18282.000      -42673.000       25836.000      -17380.000      -10520.000       19537.000 
-12435  
-1  22  41           31.967         12          11.945         64          64.002          38.332         -38.429      -89427.000      -30853.000       65995.000      -94318.000       82216.000       68981.000      -97144.000       47388.000 
-12435  
-1  12  42           29.047          4           4.313         64          63.999          33.490         -48.421      -29320.000        8911.000      -18199.000      -43165.000       25184.000      -17501.000      -10241.000       19234.000 
-12435  
-1  22  43           31.950         12          11.941         64          64.001          38.325         -38.383      -92592.000      -22388.000       56934.000     -100177.000       89777.000       60204.000      -92467.000       57453.000 
-12435  
-1  12  44           29.033          4           4.314         64          63.998          33.585         -48.435      -28682.000        9488.000      -19036.000      -42701.000       25350.000      -17840.000       -9686.000       19527.000 
-12435  
-1  22  45           31.953         12          11.941         64          64.001          38.112         -38.405      -92567.000      -21116.000       54812.000     -101126.000       90155.000       58579.000      -91436.000       59092.000 
-12435  
-1  12  46           29.103          4           4.308         64          64.002          33.438         -48.455      -29282.000        7884.000      -16962.000      -42991.000       26566.000      -16591.000      -11008.000       18858.000 
-12435  
-1  22  47           31.963         12          11.948         64          63.998          38.179         -38.417      -87183.000      -38321.000       72949.000      -88647.000       77056.000       74292.000     -100946.000       40478.000 
-12435  
-1  12  48           29.060          4           4.314         64          64.004          33.610         -48.406      -29297.000        8114.000      -16425.000      -43734.000       26743.000      -16745.000      -11399.000       18224.000 
-12435  
-1  22  49           31.937         12          11.940         64          64.002          38.223         -38.399      -91588.000      -24516.000       60821.000      -98587.000       87046.000       62591.000      -93898.000       54760.000 
-12435  
-1  12  50           28.867          4           4.304         64          64.001          33.505         -48.396      -28852.000        8769.000      -18331.000      -43125.000       26309.000      -17646.000       -9560.000       19370.000 
-12435  
-1  22  51           31.970         12          11.944         64          64.004          38.278         -38.414      -88648.000      -33629.000       68962.000      -92232.000       80048.000       71287.000      -99120.000       44687.000 
-12435  
-1  12  52           29.160          4           4.310         64          64.005          33.431         -48.456      -28970.000        9058.000      -18165.000      -42743.000       25831.000      -17057.000      -10452.000       19161.000 
-12435  
-1  22  53           31.913         12          11.943         64          64.001          38.206         -38.428      -85888.000      -38569.000       74509.000      -88826.000       76788.000       74150.000     -100638.000       39844.000 
-12435  
-1  12  54           29.033          4           4.306         64          64.000          33.536         -48.489      -29126.000        9422.000      -19135.000      -42224.000       25414.000      -17459.000      -10101.000       18426.000 
-12435  
-1  22  55           31.940         12          11.943         64          64.004          38.293         -38.415      -85778.000      -38158.000       74259.000      -88423.000       76590.000       75820.000     -101139.000       39566.000 
-12435  
-1  12  56           29.160          4           4.313         64          64.000          33.543         -48.477      -29356.000        7927.000      -17412.000      -42665.000       25971.000      -16989.000      -11349.000       18736.000 
-12435  
-1  22  57           31.957         12          11.943         64          64.000          38.266         -38.417      -87570.000      -35856.000       70917.000      -90523.000       78853.000       73101.000      -99776.000       42840.000 
-12435  
-1  12  58           29.290          4           4.305         64          64.000          33.623         -48.456      -29395.000        7959.000      -17193.000      -43061.000       25828.000      -16228.000      -11235.000       19443.000 
-12435  
-1  22  59           31.940         12          11.942         64          64.005          38.053         -38.439      -92336.000      -17891.000       53587.000     -101851.000       91345.000       56517.000      -89697.000       60230.000 
-12435  
-1  12  60           28.967          4           4.310         64          63.994          33.681         -48.431      -29665.000        7561.000      -16189.000      -43720.000       26243.000      -16554.000      -10820.000       18651.000 
-12435  
-1  22  61           31.947         12          11.942         64          64.005          38.474         -38.421      -89098.000      -31060.000       66995.000      -93541.000       82213.000       69390.000      -97402.000       47781.000 
-12435  
-1  12  62           29.070          4           4.306         64          63.993          33.725         -48.390      -29459.000        8332.000      -18142.000      -42783.000       26258.000      -17317.000      -10259.000       19759.000 
-12435  
-1  22  63           31.933         12          11.939         64          64.003          38.078         -38.421      -88182.000      -33722.000       69470.000      -91842.000       80811.000       71638.000      -98258.000       44709.000 
-12435  
-1  12  64           28.943          4           4.307         64          63.997          33.510         -48.496      -28507.000        9793.000      -19696.000      -41752.000       25188.000      -18439.000       -9110.000       19332.000 
-12435  
-1  22  65           31.943         12          11.943         64          64.000          38.862         -38.431      -87339.000      -34352.000       69862.000      -91333.000       79620.000       72041.000      -99195.000       44549.000 
-12435  
-1  12  66           29.013          4           4.307         64          64.006          33.240         -48.432      -29067.000        8255.000      -17962.000      -42963.000       26267.000      -17243.000      -10728.000       18805.000 
-12435  
-1  22  67           31.960         12          11.938         64          63.999          38.460         -38.398      -86902.000      -38048.000       73027.000      -89079.000       77062.000       76006.000     -100558.000       40421.000 
-12435  
-1  12  68           29.047          4           4.305         64          64.012          33.359         -48.457      -29668.000        8721.000      -18290.000      -42199.000       26253.000      -17288.000      -10434.000       18507.000 
-12435  
-1  22  69           31.927         12          11.944         64          64.000          38.181         -38.442      -89031.000      -32310.000       68021.000      -92568.000       81189.000       70163.000      -96820.000       47014.000 
-12435  
-1  12  70           29.157          4           4.310         64          64.002          33.439         -48.351      -29928.000        8527.000      -18527.000      -42863.000       25989.000      -17251.000      -10542.000       19733.000 
-12435  
-1  22  71           31.957         12          11.940         64          64.002          38.206         -38.444      -85739.000      -40774.000       75423.000      -86225.000       74588.000       76905.000     -101213.000       37337.000 
-12435  
-1  12  72           29.073          4           4.304         64          64.010          33.468         -48.492      -29189.000        7994.000      -17171.000      -42886.000       26098.000      -16698.000      -10941.000       18586.000 
-12435  
-1  22  73           31.970         12          11.941         64          64.002          38.211         -38.437      -89891.000      -31696.000       66212.000      -93535.000       81738.000       68805.000      -97194.000       47296.000 
-12435  
-1  12  74           28.883          4           4.305         64          64.001          33.478         -48.388      -29403.000        8281.000      -18515.000      -43075.000       25802.000      -17662.000       -9847.000       19429.000 
-12435  
-1  22  75           31.953         12          11.942         64          64.003          38.195         -38.432      -84919.000      -39813.000       74564.000      -87141.000       76000.000       76231.000     -102027.000       37813.000 
-12435  
-1  12  76           28.940          4           4.312         64          63.994          33.644         -48.443      -29004.000        7991.000      -17700.000      -42633.000       26635.000      -17500.000      -10283.000       19208.000 
-12435  
-1  22  77           31.940         12          11.941         64          64.001          38.336         -38.408      -88440.000      -32997.000       68816.000      -92268.000       81592.000       71585.000      -98227.000       45067.000 
-12435  
-1  12  78           29.000          4           4.303         64          64.001          33.532         -48.470      -29600.000        7794.000      -17526.000      -43069.000       25967.000      -16481.000      -10821.000       18329.000 
-12435  
-1  22  79           31.960         12          11.940         64          63.999          38.401         -38.422      -89764.000      -28725.000       63001.000      -95968.000       84466.000       67331.000      -95896.000       50537.000 
-12435  
-1  12  80           28.977          4           4.306         64          64.006          33.683         -48.406      -29564.000        7415.000      -16000.000      -43899.000       26742.000      -16391.000      -11066.000       18600.000 
-12435  
-1  22  81           31.967         12          11.942         64          64.003          38.128         -38.410      -87379.000      -37419.000       71844.000      -89330.000       77615.000       73902.000     -100944.000       41906.000 
-12435  
-1  12  82           29.050          4           4.307         64          64.000          33.511         -48.423      -29130.000        8272.000      -17959.000      -42878.000       26586.000      -16999.000      -10695.000       18933.000 
-12435  
-1  22  83           31.960         12          11.942         64          63.999          38.566         -38.423      -88990.000      -31332.000       66862.000      -93284.000       81820.000       69124.000      -98146.000       47882.000 
-12435  
-1  12  84           29.070          4           4.305         64          63.999          33.622         -48.413      -28931.000        8768.000      -17998.000      -43145.000       26185.000      -17282.000      -10625.000       18995.000 
-12435  
-1  22  85           31.963         12          11.940         64          64.003          38.327         -38.404      -87298.000      -37394.000       73141.000      -88705.000       77014.000       74589.000     -101154.000       41203.000 
-12435  
-1  12  86           29.030          4           4.307         64          64.005          33.535         -48.407      -29707.000        8396.000      -17770.000      -43058.000       26293.000      -16908.000      -10506.000       18799.000 
-12435  
-1  22  87           31.950         12          11.941         64          64.002          38.303         -38.414      -85456.000      -40208.000       75540.000      -86574.000       75309.000       77458.000     -101825.000       37484.000 
-12435  
-1  12  88           29.040          4           4.312         64          64.005          33.308         -48.455      -28713.000        9328.000      -18372.000      -42649.000       25933.000      -17604.000      -10023.000       19048.000 
-12435  
-1  22  89           31.957         12          11.944         64          63.998          38.410         -38.375      -89454.000      -32082.000       68352.000      -93598.000       82428.000       70235.000      -98497.000       45646.000 
-12435  
-1  12  90           29.130          4           4.312         64          64.001          33.458         -48.459      -28818.000        9430.000      -18735.000      -42324.000       25566.000      -17751.000      -10034.000       19456.000 
-12435  
-1  22  91           31.927         12          11.940         64          63.998          38.321         -38.416      -87834.000      -34501.000       70513.000      -91230.000       80440.000       71897.000      -98887.000       43877.000 
-12435  
-1  12  92           29.220          4           4.310         64          64.003          33.587         -48.376      -30027.000        9301.000      -18685.000      -42425.000       25774.000      -17251.000       -9979.000       19933.000 
-12435  
-1  22  93           31.947         12          11.942         64          64.000          38.071         -38.440      -86779.000      -37574.000       72783.000      -88336.000       77062.000       75283.000      -99835.000       40936.000 
-12435  
-1  12  94           29.160          4           4.308         64          63.999          33.495         -48.465      -29476.000        7108.000      -15798.000      -43449.000       26880.000      -15662.000      -11729.000       18449.000 
-12435  
-1  22  95           31.957         12          11.941         64          64.003          38.262         -38.439      -90894.000      -28008.000       62771.000      -94700.000       85497.000       66055.000      -95335.000       50843.000 
-12435  
-1  12  96           29.083          4           4.304         64          63.999          33.577         -48.525      -28727.000        8885.000      -17904.000      -42383.000       26092.000      -16857.000      -10259.000       18705.000 
-12435  
-1  22  97           31.953         12          11.943         64          64.001          38.156         -38.399      -86457.000      -39442.000       75768.000      -87805.000       75594.000       75605.000     -101694.000       38268.000 
-12435  
-1  12  98           29.077          4           4.305         64          63.998          33.455         -48.504      -28915.000        9265.000      -18262.000      -42566.000       25419.000      -17020.000       -9823.000       19058.000 
-12435  
-1  22  99           31.950         12          11.942         64          63.999          38.494         -38.409      -88641.000      -32487.000       67854.000      -92768.000       81646.000       70834.000      -98217.000       46442.000 
-12435  
