-1  12  1            1.070          3           2.646         64          64.007          25.956         -57.255      -12942.000        3501.000      -10786.000        3495.000      -11540.000        6841.000      -10098.000        2174.000 
-12435  
-1  22  2           46.327         12          11.815         64          63.999          19.043         -57.751        2824.000       -4877.000       -3142.000       11007.000       -4815.000      -13252.000        9580.000        8797.000 
-12435  
-1  12  3            1.260          3           2.644         64          64.009          26.073         -57.163      -12517.000        4209.000      -11288.000        4065.000      -11329.000        7356.000      -10049.000        2447.000 
-12435  
-1  22  4           49.593         12          11.766         64          63.987          18.487         -58.319        2913.000       -4578.000       -1025.000       10543.000       -4981.000      -11608.000        9287.000        8847.000 
-12435  
-1  12  5            1.093          3           2.649         64          64.012          25.723         -57.276      -12938.000        4191.000      -10574.000        3787.000      -11202.000        7292.000       -9831.000        2373.000 
-12435  
-1  22  6           48.393         12          11.782         64          64.007          18.835         -58.141        1939.000       -5090.000        -729.000       10824.000       -6154.000      -12408.000        9367.000        7632.000 
-12435  
-1  12  7            1.020          3           2.640         64          63.996          25.981         -57.290      -12030.000        3826.000      -11466.000        4019.000      -10831.000        7246.000      -10225.000        2978.000 
-12435  
-1  22  8           50.937         12          11.827         64          64.021          18.902         -57.871        2316.000       -5974.000        -755.000       11497.000       -5754.000      -11498.000       10277.000        8459.000 
-12435  
-1  12  9            0.973          3           2.652         64          64.018          26.071         -57.177      -12620.000        4563.000      -11338.000        3835.000      -10836.000        7618.000       -9831.000        3207.000 
-12435  
-1  22  10           44.977         12          11.835         64          64.019          18.976         -58.035        1254.000       -4438.000        -446.000       11392.000       -7494.000      -11189.000       11238.000        6184.000 
-12435  
-1  12  11            1.070          3           2.639         64          64.020          26.173         -57.182      -13063.000        4100.000      -11114.000        4032.000      -11076.000        6873.000      -10030.000        2698.000 
-12435  
-1  22  12           47.747         12          11.797         64          64.029          19.136         -57.875        1075.000       -5309.000        -354.000       11287.000       -6797.000      -11896.000       10968.000        7139.000 
-12435  
-1  12  13            1.187          3           2.648         64          64.013          25.784         -57.066      -12894.000        4010.000      -11097.000        3972.000      -11581.000        7560.000      -10200.000        2220.000 
-12435  
-1  22  14           50.303         12          11.812         64          64.001          18.747         -58.056        2224.000       -6295.000       -1818.000       10378.000       -4742.000      -12459.000        9758.000        8143.000 
-12435  
-1  12  15            1.033          3           2.627         64          63.983          25.480         -57.348      -12733.000        3568.000      -11135.000        3614.000      -11307.000        6806.000       -9526.000        2346.000 
-12435  
-1  22  16           49.357         12          11.820         64          63.997          18.751         -57.964        2369.000       -5245.000       -1540.000       10403.000       -4898.000      -12711.000        9785.000        8966.000 
-12435  
-1  12  17            1.023          3           2.635         64          63.998          25.702         -57.309      -12709.000        4057.000      -11181.000        3762.000      -10852.000        6817.000       -9911.000        2840.000 
-12435  
-1  22  18           48.327         12          11.836         64          64.004          18.916         -57.888        2415.000       -4919.000       -1559.000       10967.000       -4575.000      -13023.000        9655.000        8820.000 
-12435  
-1  12  19            1.010          3           2.648         64          64.002          25.904         -57.156      -12428.000        4465.000      -11126.000        3861.000      -11274.000        7889.000       -9858.000        3006.000 
-12435  
-1  22  20           48.667         12          11.842         64          63.978          18.601         -58.155        2656.000       -5686.000       -1087.000       10936.000       -6066.000      -11760.000        9801.000        7229.000 
-12435  
-1  12  21            1.057          3           2.644         64          64.003          25.702         -57.176      -12813.000        4289.000      -11108.000        4024.000      -10923.000        7369.000      -10131.000        2736.000 
-12435  
-1  22  22           48.057         12          11.822         64          64.011          19.136         -57.818        2738.000       -5518.000       -2721.000       10902.000       -4309.000      -12835.000        9899.000        8783.000 
-12435  
-1  12  23            0.923          3           2.634         64          64.009          25.849         -57.193      -12968.000        3428.000      -11203.000        3882.000      -11271.000        7271.000       -9799.000        2657.000 
-12435  
-1  22  24           46.270         12          11.800         64          64.020          18.983         -57.982        2675.000       -4319.000        -556.000       11193.000       -5846.000      -12391.000       10532.000        7292.000 
-12435  
-1  12  25            1.043          3           2.634         64          64.008          25.988         -57.171      -12809.000        4451.000      -10994.000        3750.000      -11026.000        7370.000      -10201.000        2807.000 
-12435  
-1  22  26           47.233         12          11.801         64          64.022          19.057         -57.856        2036.000       -4946.000       -1725.000       11234.000       -5550.000      -13079.000        9483.000        8280.000 
-12435  
-1  12  27            1.127          3           2.639         64          63.994          26.084         -57.150      -12430.000        4201.000      -11236.000        4261.000      -11042.000        7625.000      -10270.000        2723.000 
-12435  
-1  22  28           46.417         12          11.841         64          63.985          19.230         -57.540        1994.000       -5695.000       -2550.000       11758.000       -5806.000      -13115.000       10357.000        7940.000 
-12435  
-1  12  29            1.077          3           2.624         64          63.998          25.889         -57.325      -12201.000        3769.000      -10972.000        3856.000      -11390.000        7359.000       -9832.000        2557.000 
-12435  
-1  22  30           46.220         12          11.826         64          64.013          19.079         -57.791        2948.000       -4361.000       -1551.000       10889.000       -5227.000      -13215.000       10394.000        8201.000 
-12435  
-1  12  31            1.100          3           2.641         64          64.003          25.944         -57.193      -12527.000        4404.000      -11175.000        3860.000      -10926.000        7561.000      -10200.000        2619.000 
-12435  
-1  22  32           47.263         12          11.837         64          63.996          18.902         -57.829        2818.000       -4947.000       -2053.000       10476.000       -4877.000      -13705.000        9500.000        8546.000 
-12435  
-1  12  33            0.973          3           2.632         64          63.987          25.686         -57.254      -12647.000        4016.000      -10948.000        3785.000      -11048.000        7445.000       -9931.000        2950.000 
-12435  
-1  22  34           46.050         12          11.811         64          63.989          19.038         -57.848        1624.000       -5038.000       -1691.000       10864.000       -6857.000      -12576.000       10412.000        7518.000 
-12435  
-1  12  35            1.070          3           2.648         64          64.001          25.980         -57.141      -13060.000        3921.000      -11072.000        3516.000      -11532.000        6968.000      -10133.000        2392.000 
-12435  
-1  22  36           47.047         12          11.829         64          63.969          18.686         -58.308        3225.000       -4776.000       -1767.000       10765.000       -5108.000      -12641.000        8561.000        7449.000 
-12435  
-1  12  37            1.220          3           2.635         64          63.975          25.805         -57.216      -12813.000        4364.000      -10785.000        4233.000      -11331.000        7428.000       -9648.000        2486.000 
-12435  
-1  22  38           46.490         12          11.843         64          63.994          18.650         -58.110        1954.000       -4701.000        -625.000       11216.000       -6763.000      -11809.000       10164.000        6929.000 
-12435  
-1  12  39            1.173          3           2.647         64          64.020          25.830         -57.232      -12671.000        4207.000      -11175.000        4079.000      -10908.000        7112.000      -10122.000        2532.000 
-12435  
-1  22  40           45.103         12          11.813         64          64.007          18.605         -58.335        2154.000       -4516.000       -1677.000       10518.000       -5484.000      -11972.000       10326.000        6746.000 
-12435  
-1  12  41            1.000          3           2.644         64          64.013          25.719         -57.288      -12396.000        3823.000      -11244.000        3440.000      -11022.000        7325.000      -10110.000        2560.000 
-12435  
-1  22  42           46.860         12          11.794         64          64.001          18.957         -57.813        1404.000       -5575.000       -1164.000       11015.000       -5529.000      -13153.000       10595.000        7186.000 
-12435  
-1  12  43            1.363          3           2.659         64          64.000          25.895         -57.050      -12950.000        4406.000      -11338.000        4002.000      -11376.000        7513.000      -10077.000        2156.000 
-12435  
-1  22  44           50.247         12          11.809         64          64.004          18.938         -57.916        1994.000       -5024.000          29.000       10847.000       -5274.000      -12289.000       10414.000        8764.000 
-12435  
-1  12  45            1.087          3           2.643         64          64.000          25.725         -57.176      -12617.000        4406.000      -11198.000        4270.000      -11445.000        7324.000       -9480.000        3027.000 
-12435  
-1  22  46           47.063         12          11.797         64          63.994          18.678         -58.286        1817.000       -4905.000       -1412.000       11349.000       -5620.000      -11474.000        9724.000        7298.000 
-12435  
-1  12  47            0.737          3           2.635         64          64.007          25.833         -57.300      -12402.000        3436.000      -10904.000        3789.000      -10725.000        8051.000      -10107.000        2820.000 
-12435  
-1  22  48           47.193         12          11.803         64          64.010          18.692         -57.943        1607.000       -5027.000       -2094.000       11298.000       -5687.000      -12330.000        9725.000        8303.000 
-12435  
-1  12  49            1.007          3           2.648         64          64.009          25.957         -57.206      -12458.000        4103.000      -11149.000        3962.000      -10900.000        7703.000      -10170.000        2840.000 
-12435  
-1  22  50           47.787         12          11.792         64          63.988          19.144         -57.909        2726.000       -5381.000       -2649.000       11031.000       -4901.000      -12938.000        9156.000        8453.000 
-12435  
-1  12  51            0.987          3           2.650         64          64.001          25.646         -57.269      -12494.000        4117.000      -10920.000        4174.000      -10845.000        7553.000       -9944.000        3126.000 
-12435  
-1  22  52           46.353         12          11.835         64          64.017          18.946         -57.933        2539.000       -5043.000       -1851.000       11340.000       -5553.000      -13130.000        9255.000        7493.000 
-12435  
-1  12  53            1.237          3           2.651         64          64.007          25.755         -57.121      -12238.000        4603.000      -11238.000        4264.000      -11195.000        7730.000      -10236.000        2891.000 
-12435  
-1  22  54           47.007         12          11.850         64          63.972          18.535         -58.228        1659.000       -4672.000        -409.000       10536.000       -6435.000      -11727.000       10569.000        7009.000 
-12435  
-1  12  55            0.983          3           2.642         64          64.018          25.597         -57.298      -12518.000        4430.000      -11138.000        3670.000      -10746.000        7487.000       -9739.000        2989.000 
-12435  
-1  22  56           48.603         12          11.810         64          64.008          18.771         -57.936        1958.000       -5612.000       -1282.000       10379.000       -4851.000      -13379.000        9870.000        8002.000 
-12435  
-1  12  57            0.980          3           2.632         64          64.010          25.772         -57.394      -13046.000        3955.000      -10765.000        3746.000      -10537.000        6982.000       -9636.000        2798.000 
-12435  
-1  22  58           45.953         12          11.829         64          64.018          18.767         -58.089        2684.000       -5024.000       -2315.000       11331.000       -4809.000      -13044.000        8848.000        7296.000 
-12435  
-1  12  59            0.967          3           2.637         64          64.004          25.700         -57.330      -12613.000        4019.000      -11395.000        3820.000      -10836.000        7384.000       -9300.000        2575.000 
-12435  
-1  22  60           48.403         12          11.824         64          64.020          19.054         -57.856        1589.000       -5542.000        -352.000       11066.000       -6482.000      -12678.000       10297.000        7310.000 
-12435  
-1  12  61            0.930          3           2.664         64          64.006          25.965         -57.139      -12611.000        3592.000      -11477.000        3859.000      -11059.000        7394.000      -10332.000        2966.000 
-12435  
-1  22  62           46.003         12          11.817         64          64.016          19.123         -57.913        3007.000       -4626.000       -2397.000       11764.000       -4779.000      -12371.000        9894.000        7937.000 
-12435  
-1  12  63            0.840          3           2.641         64          63.998          25.829         -57.180      -12854.000        3411.000      -11256.000        3465.000      -11064.000        7470.000      -10201.000        2744.000 
-12435  
-1  22  64           46.683         12          11.777         64          64.000          18.930         -57.890        2069.000       -5555.000       -2826.000       10812.000       -5218.000      -12587.000       10213.000        8006.000 
-12435  
-1  12  65            0.937          3           2.648         64          64.004          26.006         -57.161      -12918.000        3890.000      -11346.000        3897.000      -10985.000        7143.000      -10000.000        3228.000 
-12435  
-1  22  66           47.447         12          11.831         64          63.988          18.807         -58.122        1816.000       -5043.000        -956.000       10831.000       -5259.000      -12576.000        9962.000        7436.000 
-12435  
-1  12  67            0.973          3           2.631         64          64.013          25.610         -57.283      -12818.000        4067.000      -11123.000        3539.000      -11147.000        7324.000       -9448.000        2627.000 
-12435  
-1  22  68           47.430         12          11.823         64          64.016          18.878         -57.999        1939.000       -4889.000         250.000       11467.000       -6805.000      -11590.000       10722.000        6818.000 
-12435  
-1  12  69            1.103          3           2.635         64          64.000          25.839         -57.182      -12728.000        4225.000      -10834.000        4070.000      -11377.000        7513.000       -9918.000        2656.000 
-12435  
-1  22  70           47.107         12          11.833         64          64.005          18.901         -57.855        1573.000       -5169.000       -1593.000       10561.000       -5154.000      -13566.000        9889.000        8161.000 
-12435  
-1  12  71            0.947          3           2.643         64          64.002          25.878         -57.237      -12602.000        4113.000      -11002.000        4214.000      -10893.000        8011.000       -9600.000        2827.000 
-12435  
-1  22  72           47.130         12          11.840         64          63.999          18.873         -58.096        1778.000       -5226.000       -1709.000       10459.000       -4931.000      -12642.000       10180.000        7724.000 
-12435  
-1  12  73            1.063          3           2.651         64          64.000          25.534         -57.287      -12583.000        4280.000      -11058.000        3624.000      -10912.000        7126.000      -10077.000        2665.000 
-12435  
-1  22  74           49.393         12          11.836         64          64.003          19.364         -57.796        1913.000       -5694.000        -737.000       11411.000       -6049.000      -12405.000       10180.000        8023.000 
-12435  
-1  12  75            0.990          3           2.628         64          63.989          25.917         -57.296      -12271.000        4265.000      -11488.000        4312.000      -10704.000        7562.000       -9449.000        3011.000 
-12435  
-1  22  76           47.603         12          11.834         64          64.000          18.810         -57.935        2502.000       -4539.000       -2397.000       11408.000       -5256.000      -12628.000        8759.000        9064.000 
-12435  
-1  12  77            1.287          3           2.628         64          64.005          25.869         -57.370      -12527.000        4239.000      -10827.000        3595.000      -10828.000        7000.000      -10162.000        2218.000 
-12435  
-1  22  78           50.237         12          11.856         64          64.012          18.401         -58.301        1980.000       -5386.000        -905.000       10806.000       -5363.000      -11980.000        8921.000        8075.000 
-12435  
-1  12  79            1.060          3           2.649         64          64.005          25.820         -57.256      -12502.000        4074.000      -11088.000        4085.000      -10602.000        7662.000      -10243.000        2503.000 
-12435  
-1  22  80           46.550         12          11.849         64          64.000          19.069         -57.865        2075.000       -4575.000       -2034.000       11493.000       -4759.000      -12831.000        9773.000        8527.000 
-12435  
-1  12  81            0.957          3           2.653         64          63.979          25.731         -57.152      -12955.000        4028.000      -10986.000        4069.000      -10977.000        7353.000      -10102.000        3369.000 
-12435  
-1  22  82           46.727         12          11.823         64          64.039          18.808         -58.203         863.000       -5235.000        -433.000       11213.000       -5995.000      -11153.000       11211.000        6178.000 
-12435  
-1  12  83            0.943          3           2.646         64          64.004          26.032         -57.188      -12721.000        4155.000      -11261.000        3789.000      -11149.000        7758.000       -9581.000        2768.000 
-12435  
-1  22  84           44.677         12          11.808         64          63.996          18.715         -58.001        2352.000       -3987.000       -1294.000       11165.000       -6265.000      -12733.000        9993.000        7214.000 
-12435  
-1  12  85            1.060          3           2.644         64          64.017          25.965         -57.234      -12462.000        4484.000      -10485.000        3964.000      -11086.000        7761.000      -10246.000        2948.000 
-12435  
-1  22  86           46.063         12          11.851         64          63.999          18.972         -57.959        1552.000       -5914.000       -1292.000       10435.000       -6779.000      -12058.000       11487.000        5894.000 
-12435  
-1  12  87            1.030          3           2.640         64          64.006          25.709         -57.335      -12445.000        3957.000      -11010.000        3629.000      -10646.000        7291.000      -10310.000        2540.000 
-12435  
-1  22  88           47.753         12          11.820         64          63.990          19.011         -57.838        3015.000       -5481.000       -1483.000       11436.000       -4192.000      -13469.000        9547.000        7616.000 
-12435  
-1  12  89            0.993          3           2.642         64          64.016          25.726         -57.332      -12599.000        3584.000      -10916.000        3655.000      -11187.000        7105.000       -9897.000        2610.000 
-12435  
-1  22  90           47.313         12          11.820         64          63.965          18.790         -57.978        3292.000       -4805.000       -2017.000       10507.000       -6212.000      -12640.000        9407.000        8278.000 
-12435  
-1  12  91            1.100          3           2.637         64          64.007          25.729         -57.233      -12368.000        4118.000      -11266.000        4164.000      -11117.000        7342.000       -9928.000        2788.000 
-12435  
-1  22  92           45.897         12          11.802         64          64.001          19.485         -57.655        3286.000       -5317.000       -3205.000       10424.000       -4043.000      -14368.000        9671.000        8267.000 
-12435  
-1  12  93            1.010          3           2.648         64          63.996          26.039         -57.186      -12782.000        3806.000      -11146.000        3604.000      -11356.000        7139.000      -10118.000        2672.000 
-12435  
-1  22  94           48.320         12          11.835         64          63.981          18.620         -58.181        2499.000       -4858.000       -1032.000       10602.000       -5360.000      -12811.000        8999.000        7974.000 
-12435  
-1  12  95            1.150          3           2.630         64          63.990          26.152         -57.240      -12463.000        4005.000      -11249.000        3835.000      -11083.000        7275.000      -10155.000        2365.000 
-12435  
-1  22  96           46.007         12          11.822         64          64.042          18.854         -58.128        1908.000       -5289.000       -1862.000       10737.000       -4866.000      -12607.000       10254.000        6967.000 
-12435  
-1  12  97            1.180          3           2.655         64          64.004          25.911         -57.209      -12580.000        4224.000      -10925.000        4393.000      -11121.000        7464.000      -10003.000        2670.000 
-12435  
-1  22  98           47.000         12          11.831         64          63.979          19.114         -57.876        2282.000       -4881.000       -2225.000       11047.000       -5915.000      -12346.000       10041.000        8456.000 
-12435  
-1  12  99            1.053          3           2.643         64          64.003          25.703         -57.228      -12591.000        3753.000      -11398.000        4128.000      -11122.000        7615.000       -9608.000        2253.000 
-12435  
