-1  12  1          -27.613          4           4.112         64          64.006          19.607         -62.659       -6007.000         598.000        2743.000        8858.000        4970.000       -1344.000       -3762.000        2887.000 
-12435  
-1  22  2          -37.433         12          12.060         64          63.997          31.596         -45.028      -48749.000      -12952.000       20415.000       47813.000       20800.000      -50681.000      -40930.000        3634.000 
-12435  
-1  12  3          -26.993          4           4.119         64          64.029          19.299         -62.789       -5780.000        -577.000        1786.000        9530.000        4368.000        -936.000       -3502.000        2534.000 
-12435  
-1  22  4          -37.007         12          12.060         64          63.999          31.597         -45.073      -47931.000      -14860.000       19334.000       49324.000       23575.000      -49136.000      -39204.000        1023.000 
-12435  
-1  12  5          -27.203          4           4.093         64          64.018          19.334         -62.542       -5898.000        -376.000        2437.000        9494.000        4913.000       -1099.000       -3522.000        2710.000 
-12435  
-1  22  6          -37.553         12          12.051         64          64.007          31.665         -44.958      -49395.000      -13608.000       20673.000       48470.000       21550.000      -50722.000      -40550.000        3723.000 
-12435  
-1  12  7          -24.983          4           4.105         64          64.011          19.813         -62.381       -6180.000         317.000        3355.000        9295.000        5021.000       -1275.000       -3052.000        3268.000 
-12435  
-1  22  8          -37.260         12          12.055         64          63.998          31.734         -44.976      -50900.000       -6541.000       27415.000       44845.000       13242.000      -53490.000      -39406.000        8349.000 
-12435  
-1  12  9          -27.203          4           4.106         64          63.977          19.611         -62.602       -6143.000         151.000        2958.000        9075.000        4430.000       -1670.000       -3078.000        3597.000 
-12435  
-1  22  10          -37.687         12          12.055         64          63.996          31.523         -45.008      -49790.000       -9107.000       24866.000       45765.000       16349.000      -52636.000      -40192.000        7348.000 
-12435  
-1  12  11          -28.433          4           4.120         64          64.032          19.080         -62.894       -5791.000        -574.000        2022.000        9183.000        4745.000       -1272.000       -3323.000        2221.000 
-12435  
-1  22  12          -37.073         12          12.052         64          63.999          31.917         -44.999      -48391.000      -15751.000       18029.000       49640.000       24455.000      -48948.000      -40352.000         777.000 
-12435  
-1  12  13          -26.860          4           4.117         64          64.023          19.420         -62.516       -5962.000        -927.000        2204.000        9281.000        5454.000        -643.000       -3448.000        2782.000 
-12435  
-1  22  14          -37.023         12          12.051         64          64.000          31.889         -45.037      -48067.000      -15894.000       18836.000       49778.000       23926.000      -48580.000      -39836.000          46.000 
-12435  
-1  12  15          -28.697          4           4.105         64          63.989          19.278         -62.584       -5717.000         171.000        2610.000        8992.000        5107.000       -2095.000       -3475.000        3392.000 
-12435  
-1  22  16          -37.410         12          12.058         64          64.003          31.831         -45.017      -49718.000      -11445.000       23531.000       47186.000       18143.000      -51116.000      -40156.000        4745.000 
-12435  
-1  12  17          -27.297          4           4.122         64          64.037          19.447         -62.641       -6101.000         154.000        2307.000        9141.000        4695.000       -1541.000       -3382.000        3187.000 
-12435  
-1  22  18          -37.023         12          12.052         64          63.995          31.889         -44.946      -49932.000       -8497.000       24838.000       48085.000       17336.000      -52107.000      -39665.000        6397.000 
-12435  
-1  12  19          -28.667          4           4.126         64          63.989          19.394         -62.620       -6248.000        -345.000        2493.000        9239.000        4528.000       -1438.000       -3335.000        2928.000 
-12435  
-1  22  20          -37.193         12          12.049         64          63.992          31.871         -44.992      -49095.000      -13243.000       20460.000       48487.000       20223.000      -50900.000      -40723.000        2241.000 
-12435  
-1  12  21          -27.073          4           4.135         64          64.013          19.373         -62.588       -5916.000        -150.000        2432.000        9285.000        5130.000       -1569.000       -3181.000        2868.000 
-12435  
-1  22  22          -37.083         12          12.056         64          64.001          31.695         -45.008      -48820.000      -11121.000       23121.000       47012.000       19183.000      -51746.000      -40805.000        4490.000 
-12435  
-1  12  23          -26.973          4           4.137         64          64.030          19.276         -62.700       -5500.000        -312.000        2664.000        9369.000        5113.000       -1533.000       -3091.000        2561.000 
-12435  
-1  22  24          -37.097         12          12.058         64          64.001          31.675         -44.981      -50252.000       -5490.000       29043.000       44679.000       12357.000      -53578.000      -39218.000        9291.000 
-12435  
-1  12  25          -24.073          4           4.066         64          63.998          18.982         -62.960       -5657.000        -137.000        2358.000        8979.000        4913.000       -1056.000       -2773.000        2971.000 
-12435  
-1  22  26          -37.110         12          12.061         64          64.001          31.643         -45.041      -49073.000      -10673.000       23862.000       46719.000       17610.000      -51894.000      -40101.000        4603.000 
-12435  
-1  12  27          -24.330          4           4.070         64          64.013          19.273         -62.763       -5770.000           6.000        2923.000        9173.000        4802.000       -1164.000       -2786.000        3035.000 
-12435  
-1  22  28          -37.063         12          12.055         64          63.996          31.945         -44.954      -49455.000      -11004.000       22261.000       48135.000       19330.000      -51682.000      -40842.000        3774.000 
-12435  
-1  12  29          -29.347          4           4.171         64          64.031          19.523         -62.565       -6394.000        -180.000        2357.000        9079.000        5009.000       -1688.000       -3453.000        2531.000 
-12435  
-1  22  30          -37.067         12          12.052         64          63.995          31.865         -45.042      -48671.000      -13296.000       20915.000       48447.000       21950.000      -50023.000      -39731.000        3379.000 
-12435  
-1  12  31          -27.330          4           4.129         64          64.013          19.176         -62.735       -5448.000        -116.000        3354.000        8979.000        4868.000       -1913.000       -2884.000        3351.000 
-12435  
-1  22  32          -37.150         12          12.051         64          64.001          31.737         -45.006      -48409.000      -14600.000       19256.000       49614.000       22699.000      -49458.000      -40388.000        2256.000 
-12435  
-1  12  33          -28.303          4           4.122         64          64.006          19.253         -62.832       -5355.000         -27.000        2353.000        9034.000        5168.000       -1546.000       -3699.000        2478.000 
-12435  
-1  22  34          -37.147         12          12.050         64          64.002          31.680         -45.037      -48777.000      -15056.000       19841.000       49222.000       21853.000      -49347.000      -39745.000        1241.000 
-12435  
-1  12  35          -25.647          4           4.086         64          63.991          19.092         -62.816       -5509.000         -77.000        2462.000        9192.000        4973.000       -1501.000       -2957.000        2953.000 
-12435  
-1  22  36          -37.107         12          12.060         64          64.004          31.831         -45.051      -48559.000      -12499.000       20369.000       48142.000       20852.000      -50748.000      -40186.000        3314.000 
-12435  
-1  12  37          -27.310          4           4.084         64          63.987          19.671         -62.491       -5657.000         298.000        2544.000        9362.000        4961.000       -1803.000       -3615.000        3328.000 
-12435  
-1  22  38          -37.123         12          12.059         64          63.997          31.580         -44.991      -49575.000      -12598.000       20987.000       48059.000       20652.000      -51531.000      -39495.000        3646.000 
-12435  
-1  12  39          -28.500          4           4.136         64          64.025          19.371         -62.602       -5895.000        -157.000        2388.000        9248.000        4938.000       -1725.000       -3443.000        2911.000 
-12435  
-1  22  40          -37.153         12          12.054         64          64.001          31.507         -45.023      -50389.000       -7529.000       25129.000       45684.000       16374.000      -51956.000      -40126.000        7412.000 
-12435  
-1  12  41          -26.877          4           4.124         64          64.003          19.547         -62.470       -5915.000        -201.000        2833.000        9024.000        5747.000       -1129.000       -3448.000        2897.000 
-12435  
-1  22  42          -37.033         12          12.050         64          64.008          31.603         -44.977      -49489.000      -14228.000       19961.000       48714.000       23099.000      -49854.000      -40124.000        1377.000 
-12435  
-1  12  43          -28.783          4           4.138         64          64.004          19.835         -62.484       -5867.000         168.000        2561.000        9332.000        5101.000       -1813.000       -3742.000        2658.000 
-12435  
-1  22  44          -37.197         12          12.050         64          64.003          31.753         -44.956      -48954.000      -14390.000       19672.000       48994.000       21657.000      -51015.000      -40443.000        2006.000 
-12435  
-1  12  45          -28.600          4           4.150         64          64.063          18.755         -63.161       -5616.000          45.000        2640.000        8603.000        4548.000       -1821.000       -3034.000        2643.000 
-12435  
-1  22  46          -37.130         12          12.058         64          63.993          31.935         -44.935      -51103.000       -5149.000       29556.000       44372.000       12126.000      -53901.000      -39067.000        9634.000 
-12435  
-1  12  47          -27.207          4           4.084         64          64.015          19.522         -62.541       -5376.000         230.000        2788.000        9319.000        5238.000       -1602.000       -3736.000        2938.000 
-12435  
-1  22  48          -37.297         12          12.055         64          63.997          31.881         -44.952      -50619.000       -9565.000       24453.000       46499.000       16963.000      -52446.000      -40269.000        6088.000 
-12435  
-1  12  49          -25.807          4           4.096         64          64.024          19.245         -62.723       -5770.000         293.000        2968.000        9006.000        4783.000       -1255.000       -3324.000        3185.000 
-12435  
-1  22  50          -37.143         12          12.059         64          63.999          32.065         -44.932      -50295.000       -8774.000       24549.000       46685.000       16920.000      -52973.000      -40412.000        6606.000 
-12435  
-1  12  51          -26.633          4           4.093         64          63.984          19.474         -62.560       -6068.000         228.000        2718.000        9477.000        4460.000       -1923.000       -2833.000        3113.000 
-12435  
-1  22  52          -37.320         12          12.057         64          63.996          31.616         -45.051      -49071.000      -13503.000       19796.000       48120.000       20396.000      -50866.000      -39678.000        2806.000 
-12435  
-1  12  53          -27.500          4           4.139         64          64.002          19.211         -62.767       -6107.000        -354.000        2192.000        9112.000        4781.000       -1142.000       -3292.000        2642.000 
-12435  
-1  22  54          -37.177         12          12.059         64          64.001          31.976         -44.953      -50110.000       -9037.000       24173.000       47153.000       17098.000      -51954.000      -40970.000        6132.000 
-12435  
-1  12  55          -28.563          4           4.085         64          64.008          19.095         -62.834       -5912.000          30.000        3152.000        8800.000        4837.000       -1478.000       -3310.000        2409.000 
-12435  
-1  22  56          -37.070         12          12.050         64          64.002          31.865         -44.916      -50347.000       -8447.000       25162.000       47072.000       16789.000      -52473.000      -40808.000        6208.000 
-12435  
-1  12  57          -26.190          4           4.057         64          64.001          19.250         -62.892       -5874.000          71.000        2486.000        8728.000        5233.000        -855.000       -3359.000        2494.000 
-12435  
-1  22  58          -37.010         12          12.051         64          64.000          31.902         -44.957      -49173.000      -10559.000       24050.000       47268.000       19200.000      -52447.000      -40202.000        4666.000 
-12435  
-1  12  59          -26.260          4           4.164         64          64.002          19.348         -62.815       -5874.000         496.000        2788.000        9327.000        4178.000       -1437.000       -3109.000        2585.000 
-12435  
-1  22  60          -37.313         12          12.052         64          63.999          31.686         -45.023      -48659.000      -13601.000       20453.000       48402.000       21236.000      -50404.000      -40399.000        3256.000 
-12435  
-1  12  61          -28.077          4           4.168         64          64.009          19.375         -62.756       -5928.000         176.000        2040.000        9189.000        4400.000       -1380.000       -3748.000        2924.000 
-12435  
-1  22  62          -37.323         12          12.059         64          64.004          31.640         -45.024      -51337.000       -4368.000       29169.000       42768.000       11820.000      -53167.000      -39354.000        9814.000 
-12435  
-1  12  63          -26.983          4           4.159         64          63.992          19.304         -62.706       -5900.000        -425.000        2066.000        9077.000        5226.000       -1958.000       -2660.000        3115.000 
-12435  
-1  22  64          -37.337         12          12.056         64          64.002          31.876         -44.998      -50294.000       -9443.000       24471.000       45724.000       17797.000      -51758.000      -40757.000        6235.000 
-12435  
-1  12  65          -26.770          4           4.081         64          64.025          19.478         -62.473       -5705.000         116.000        2737.000        9431.000        5034.000       -1542.000       -3514.000        3143.000 
-12435  
-1  22  66          -37.043         12          12.060         64          64.002          31.722         -44.992      -49600.000       -9179.000       24720.000       47715.000       17355.000      -51952.000      -39319.000        6354.000 
-12435  
-1  12  67          -27.630          4           4.103         64          64.023          18.778         -62.936       -5801.000         169.000        2125.000        9043.000        4497.000       -1542.000       -3329.000        2679.000 
-12435  
-1  22  68          -37.100         12          12.054         64          64.010          31.798         -44.986      -50358.000       -8047.000       25564.000       45453.000       16075.000      -53323.000      -39512.000        7075.000 
-12435  
-1  12  69          -27.350          4           4.131         64          64.015          19.115         -62.911       -5433.000         -53.000        2728.000        9013.000        4796.000       -1664.000       -3127.000        2833.000 
-12435  
-1  22  70          -37.073         12          12.055         64          64.002          31.684         -44.958      -49614.000      -13029.000       20796.000       48555.000       21530.000      -50470.000      -40737.000        2355.000 
-12435  
-1  12  71          -28.580          4           4.110         64          63.986          19.297         -62.784       -5786.000         237.000        2852.000        8856.000        4716.000       -1224.000       -3868.000        2789.000 
-12435  
-1  22  72          -37.157         12          12.049         64          64.010          31.612         -44.934      -49822.000       -9715.000       23748.000       47572.000       17455.000      -52379.000      -40847.000        5692.000 
-12435  
-1  12  73          -26.960          4           4.143         64          64.029          19.855         -62.460       -6242.000        -160.000        2547.000        9247.000        4981.000       -1410.000       -3265.000        3321.000 
-12435  
-1  22  74          -37.653         12          12.062         64          64.000          31.702         -45.005      -51134.000       -4758.000       28635.000       44193.000       10709.000      -52944.000      -39511.000        9996.000 
-12435  
-1  12  75          -24.650          4           4.110         64          64.014          19.326         -62.699       -5818.000         400.000        2306.000        9477.000        4548.000       -1330.000       -3157.000        2884.000 
-12435  
-1  22  76          -37.053         12          12.060         64          63.998          31.831         -44.954      -48674.000      -14213.000       20125.000       49251.000       21970.000      -50977.000      -40263.000        1494.000 
-12435  
-1  12  77          -29.283          4           4.078         64          64.024          19.513         -62.806       -5630.000         123.000        2496.000        9077.000        4594.000       -1846.000       -3616.000        2791.000 
-12435  
-1  22  78          -37.500         12          12.062         64          63.997          31.621         -44.976      -49941.000       -7823.000       24952.000       45850.000       15550.000      -53301.000      -40282.000        8304.000 
-12435  
-1  12  79          -29.483          4           4.100         64          63.990          19.090         -62.823       -5529.000        -394.000        2853.000        8880.000        4916.000       -1864.000       -3299.000        2974.000 
-12435  
-1  22  80          -37.060         12          12.050         64          64.004          31.822         -45.002      -50191.000       -9032.000       23882.000       46627.000       17510.000      -52108.000      -40018.000        5204.000 
-12435  
-1  12  81          -27.510          4           4.120         64          64.001          19.665         -62.392       -6272.000          74.000        2248.000        9551.000        4754.000       -1723.000       -3365.000        3128.000 
-12435  
-1  22  82          -37.147         12          12.062         64          63.998          31.662         -44.999      -49853.000       -6032.000       27389.000       45712.000       12942.000      -53413.000      -39263.000        8910.000 
-12435  
-1  12  83          -29.927          4           4.136         64          63.996          19.193         -62.775       -5889.000        -392.000        2974.000        8576.000        5310.000       -1584.000       -3499.000        2597.000 
-12435  
-1  22  84          -37.063         12          12.053         64          64.003          31.623         -45.039      -49030.000      -11284.000       21764.000       48637.000       19222.000      -51323.000      -38987.000        4207.000 
-12435  
-1  12  85          -26.157          4           4.129         64          63.983          19.466         -62.515       -5955.000         -14.000        2238.000        9192.000        5622.000       -1686.000       -3014.000        2951.000 
-12435  
-1  22  86          -37.043         12          12.051         64          64.006          31.676         -45.022      -49838.000       -9856.000       23725.000       47519.000       18268.000      -50794.000      -40160.000        4619.000 
-12435  
-1  12  87          -29.937          4           4.142         64          64.004          19.369         -62.669       -5863.000         -16.000        2257.000        8956.000        5005.000       -1649.000       -3968.000        2801.000 
-12435  
-1  22  88          -37.080         12          12.059         64          64.001          31.619         -44.992      -48957.000      -11842.000       22389.000       48104.000       19942.000      -51260.000      -40288.000        4279.000 
-12435  
-1  12  89          -26.410          4           4.127         64          64.000          19.585         -62.568       -6033.000         270.000        2896.000        9249.000        5075.000       -1252.000       -3302.000        2536.000 
-12435  
-1  22  90          -37.093         12          12.053         64          64.006          31.633         -45.016      -49448.000       -9827.000       23420.000       47168.000       17576.000      -52190.000      -39841.000        5272.000 
-12435  
-1  12  91          -28.953          4           4.056         64          64.008          19.382         -62.770       -5652.000         143.000        1960.000        9107.000        4773.000       -1681.000       -3850.000        2815.000 
-12435  
-1  22  92          -37.030         12          12.051         64          64.005          31.628         -45.014      -49587.000       -8428.000       24864.000       46281.000       16975.000      -52550.000      -39923.000        5909.000 
-12435  
-1  12  93          -23.263          4           4.085         64          63.991          19.550         -62.409       -5727.000         361.000        2282.000        9577.000        5390.000       -1354.000       -3173.000        3284.000 
-12435  
-1  22  94          -37.547         12          12.053         64          63.999          31.465         -45.061      -49541.000      -10197.000       23813.000       46560.000       17816.000      -51025.000      -40096.000        6144.000 
-12435  
-1  12  95          -30.263          4           4.162         64          63.994          19.614         -62.552       -6107.000        -158.000        2737.000        9431.000        4490.000       -1863.000       -3644.000        2250.000 
-12435  
-1  22  96          -37.110         12          12.057         64          63.995          31.555         -44.900      -50818.000      -10352.000       24606.000       47561.000       18465.000      -51903.000      -40121.000        5590.000 
-12435  
-1  12  97          -29.960          4           4.127         64          63.968          19.138         -62.825       -5566.000        -261.000        2323.000        9023.000        4876.000       -1850.000       -3664.000        2552.000 
-12435  
-1  22  98          -37.027         12          12.056         64          63.997          31.717         -45.010      -49726.000       -7505.000       25672.000       45778.000       16609.000      -52648.000      -39912.000        7201.000 
-12435  
-1  12  99          -26.020          4           4.125         64          64.022          19.514         -62.594       -5785.000         -49.000        1823.000        9689.000        4818.000       -1422.000       -3302.000        2687.000 
-12435  
