-1  12  1            5.000          3           2.537         64          64.005          26.532         -56.541        1439.000       12040.000        -500.000       13743.000       -1391.000       12395.000       -5711.000       13305.000 
-12435  
-1  12  3            4.940          3           2.516         64          64.006          26.626         -56.594        1831.000       12354.000        -138.000       13591.000        -949.000       12297.000       -4771.000       13312.000 
-12435  
-1  22  4           52.200         12          11.840         64          63.997          11.881         -65.006        4752.000        3095.000       -6078.000         921.000        3448.000       -2976.000       -2921.000         795.000 
-12435  
-1  12  5            4.917          3           2.529         64          63.996          26.658         -56.536        1075.000       12239.000       -1111.000       14051.000       -1281.000       12253.000       -5676.000       12978.000 
-12435  
-1  22  6           44.597         12          11.793         64          63.942          11.919         -64.901        4552.000        3117.000       -6701.000        -846.000        3593.000       -2627.000       -2518.000         329.000 
-12435  
-1  12  7            4.920          3           2.531         64          64.015          26.934         -56.610        1276.000       11919.000        -451.000       14092.000        -968.000       12086.000       -5252.000       13160.000 
-12435  
-1  22  8           50.307         12          11.831         64          64.075          13.100         -63.848        4818.000        3449.000       -7000.000        -183.000        4775.000       -3421.000       -3090.000        1482.000 
-12435  
-1  12  9            4.957          3           2.530         64          63.993          26.568         -56.565        1613.000       12660.000        -781.000       13525.000       -1103.000       11882.000       -5483.000       13364.000 
-12435  
-1  22  10           47.390         12          11.825         64          64.006          12.535         -64.026        5596.000        2466.000       -6653.000        -723.000        4809.000       -3263.000       -1246.000        2763.000 
-12435  
-1  12  11            4.977          3           2.526         64          64.010          26.280         -56.623        1876.000       11938.000        -215.000       13423.000        -970.000       12458.000       -5013.000       13440.000 
-12435  
-1  22  12           50.563         12          11.781         64          63.994          11.935         -64.746        4549.000        2696.000       -6383.000        -183.000        3836.000       -3453.000       -2758.000        1747.000 
-12435  
-1  12  13            5.010          3           2.530         64          64.014          26.630         -56.640        1799.000       11912.000        -225.000       13906.000       -1324.000       11763.000       -5244.000       13393.000 
-12435  
-1  22  14           52.677         12          11.891         64          63.998          12.274         -64.407        4476.000        3433.000       -7024.000        -244.000        3628.000       -2502.000       -3376.000        1612.000 
-12435  
-1  12  15            4.923          3           2.533         64          63.999          26.404         -56.649         898.000       12250.000        -843.000       13518.000       -1836.000       12008.000       -5532.000       13098.000 
-12435  
-1  22  16           50.773         12          11.822         64          63.967          12.473         -64.351        5244.000        2688.000       -7069.000        -303.000        3757.000       -2945.000       -2658.000        1214.000 
-12435  
-1  12  17            4.980          3           2.538         64          64.004          26.390         -56.530        1601.000       12475.000        -855.000       13615.000       -1455.000       12175.000       -5521.000       13338.000 
-12435  
-1  22  18           50.467         12          11.827         64          64.013          12.534         -64.283        4331.000        2406.000       -6886.000         332.000        4326.000       -3540.000       -2930.000        2459.000 
-12435  
-1  12  19            4.867          3           2.529         64          64.000          26.280         -56.577        1173.000       12087.000        -373.000       14137.000       -1237.000       12088.000       -5025.000       13234.000 
-12435  
-1  22  20           52.547         12          11.793         64          64.005          13.211         -63.563        5354.000        3739.000       -7460.000        -729.000        4733.000       -2336.000       -3053.000        1791.000 
-12435  
-1  12  21            5.003          3           2.522         64          64.002          26.309         -56.737        1890.000       11734.000        -434.000       13532.000        -990.000       12340.000       -5209.000       12859.000 
-12435  
-1  22  22           55.980         12          11.873         64          64.030          12.641         -64.215        4118.000        2530.000       -7227.000         229.000        4485.000       -2716.000       -3723.000        1678.000 
-12435  
-1  12  23            4.973          3           2.528         64          63.997          26.347         -56.629        1733.000       12065.000         -81.000       13552.000       -1065.000       12023.000       -5057.000       13556.000 
-12435  
-1  22  24           45.453         12          11.829         64          63.994          11.637         -65.018        3990.000        3299.000       -6710.000        -339.000        3657.000       -2481.000       -2643.000        1068.000 
-12435  
-1  12  25            4.917          3           2.533         64          63.999          26.730         -56.556        1080.000       12133.000        -686.000       13465.000       -1485.000       12352.000       -5531.000       13540.000 
-12435  
-1  22  26           53.760         12          11.882         64          64.017          12.608         -64.248        4841.000        3369.000       -6786.000        -794.000        4140.000       -2563.000       -3232.000        1812.000 
-12435  
-1  12  27            4.880          3           2.533         64          64.014          26.293         -56.595        1046.000       12363.000        -353.000       13334.000       -1389.000       12108.000       -5352.000       13549.000 
-12435  
-1  22  28           48.063         12          11.819         64          64.001          12.382         -64.438        4135.000        3735.000       -6075.000       -1528.000        4490.000       -3651.000       -2885.000        1306.000 
-12435  
-1  12  29            5.043          3           2.523         64          64.005          26.668         -56.723        1377.000       11916.000        -437.000       13521.000       -1507.000       12109.000       -5822.000       12763.000 
-12435  
-1  22  30           49.400         12          11.799         64          64.093          12.551         -64.245        4034.000        3837.000       -6758.000       -1547.000        4574.000       -2520.000       -3189.000        1580.000 
-12435  
-1  12  31            4.857          3           2.543         64          63.999          26.502         -56.475        1116.000       12565.000        -714.000       14065.000       -1044.000       12078.000       -5463.000       13332.000 
-12435  
-1  22  32           49.247         12          11.807         64          63.995          12.588         -64.228        5329.000        2714.000       -6913.000        -426.000        4560.000       -2501.000       -1844.000        2294.000 
-12435  
-1  12  33            4.897          3           2.533         64          63.989          26.623         -56.499        1680.000       12337.000        -377.000       13584.000       -1043.000       12657.000       -4893.000       13532.000 
-12435  
-1  22  34           45.047         12          11.819         64          64.038          11.997         -64.632        4511.000        2579.000       -7045.000        -248.000        4083.000       -3010.000       -2375.000         886.000 
-12435  
-1  12  35            4.970          3           2.534         64          64.011          26.513         -56.502        1696.000       12256.000        -679.000       13829.000       -1410.000       12329.000       -5206.000       13479.000 
-12435  
-1  22  36           49.317         12          11.750         64          63.925          12.527         -64.290        4376.000        2800.000       -7153.000        -480.000        3932.000       -3346.000       -3173.000        1627.000 
-12435  
-1  12  37            4.887          3           2.519         64          63.987          26.240         -56.680        1304.000       12399.000       -1078.000       13506.000       -1452.000       11749.000       -5252.000       13134.000 
-12435  
-1  22  38           49.547         12          11.822         64          64.019          12.710         -64.079        4460.000        2921.000       -7041.000        -495.000        4916.000       -3337.000       -2989.000        1069.000 
-12435  
-1  12  39            4.987          3           2.532         64          63.985          26.729         -56.616        1260.000       12432.000        -483.000       13540.000       -1528.000       11964.000       -5637.000       13125.000 
-12435  
-1  22  40           58.500         12          11.838         64          63.998          12.543         -64.076        4970.000        3873.000       -6426.000        -316.000        4171.000       -2769.000       -3845.000        1666.000 
-12435  
-1  12  41            5.003          3           2.531         64          63.998          26.428         -56.590        1641.000       12194.000        -285.000       13875.000       -1281.000       12268.000       -5318.000       13000.000 
-12435  
-1  22  42           55.913         12          11.845         64          64.052          13.435         -63.563        5604.000        2486.000       -7192.000         -45.000        4459.000       -3767.000       -3335.000        2169.000 
-12435  
-1  12  43            4.970          3           2.538         64          64.001          26.633         -56.469        1539.000       12493.000        -179.000       14000.000       -1011.000       12059.000       -5370.000       13538.000 
-12435  
-1  22  44           44.340         12          11.831         64          64.062          12.575         -64.393        4302.000        3455.000       -7160.000        -835.000        3747.000       -2978.000       -2377.000        2011.000 
-12435  
-1  12  45            4.980          3           2.526         64          64.006          26.406         -56.656        1339.000       12323.000        -391.000       13602.000       -1303.000       11635.000       -5563.000       13270.000 
-12435  
-1  22  46           58.823         12          11.802         64          64.040          12.257         -64.567        4243.000        2915.000       -6841.000        -597.000        4524.000       -2121.000       -3389.000         612.000 
-12435  
-1  12  47            4.950          3           2.536         64          64.011          26.453         -56.696        1289.000       12361.000        -565.000       13293.000       -1446.000       11945.000       -5348.000       13111.000 
-12435  
-1  22  48           49.460         12          11.873         64          64.036          12.544         -64.411        4896.000        2612.000       -6711.000        -645.000        3694.000       -3743.000       -2675.000        1863.000 
-12435  
-1  12  49            4.963          3           2.530         64          64.004          26.716         -56.546        1434.000       11984.000        -335.000       13615.000       -1618.000       12109.000       -5247.000       13878.000 
-12435  
-1  22  50           56.083         12          11.885         64          63.987          12.234         -64.727        5071.000        3175.000       -6226.000       -1379.000        4086.000       -2346.000       -2659.000         865.000 
-12435  
-1  12  51            4.863          3           2.529         64          63.998          26.497         -56.603        1515.000       12263.000        -341.000       13259.000       -1130.000       12055.000       -4987.000       13833.000 
-12435  
-1  22  52           42.040         12          11.811         64          63.958          12.322         -64.434        4657.000        2690.000       -7300.000         503.000        3123.000       -3606.000       -2566.000        1450.000 
-12435  
-1  12  53            4.990          3           2.528         64          64.000          26.229         -56.653        1606.000       12296.000        -991.000       13321.000       -1326.000       12183.000       -5671.000       12994.000 
-12435  
-1  22  54           47.040         12          11.791         64          64.029          12.891         -64.211        4386.000        3176.000       -7112.000       -1031.000        4003.000       -3358.000       -2909.000        1788.000 
-12435  
-1  12  55            4.990          3           2.528         64          64.010          26.538         -56.528        1208.000       12076.000        -680.000       13572.000       -1418.000       12661.000       -5925.000       13195.000 
-12435  
-1  22  56           36.657         12          11.795         64          63.942          12.442         -64.120        4036.000        3730.000       -7006.000         224.000        4907.000       -3770.000       -2111.000         616.000 
-12435  
-1  12  57            4.870          3           2.545         64          63.997          26.362         -56.416        1666.000       12308.000        -639.000       13828.000       -1515.000       12445.000       -4817.000       13983.000 
-12435  
-1  22  58           51.017         12          11.802         64          64.033          12.474         -64.266        5220.000        3314.000       -6379.000        -570.000        3739.000       -3730.000       -2803.000        1846.000 
-12435  
-1  12  59            4.840          3           2.526         64          63.993          26.375         -56.600         855.000       11988.000        -425.000       13793.000       -1664.000       12239.000       -5147.000       13336.000 
-12435  
-1  22  60           55.443         12          11.805         64          63.936          11.456         -65.270        4861.000        2416.000       -5555.000         201.000        4007.000       -2587.000       -2422.000        2236.000 
-12435  
-1  12  61            4.903          3           2.533         64          63.986          26.382         -56.655        1397.000       12415.000        -757.000       13083.000       -1586.000       12098.000       -5183.000       13402.000 
-12435  
-1  22  62           49.840         12          11.789         64          64.034          12.468         -64.218        4327.000        2879.000       -6995.000        -620.000        4240.000       -3529.000       -3246.000        1564.000 
-12435  
-1  12  63            4.987          3           2.533         64          64.014          26.243         -56.550        1232.000       12253.000        -583.000       13385.000       -1598.000       12327.000       -5817.000       13431.000 
-12435  
-1  22  64           51.490         12          11.805         64          64.025          12.621         -64.474        4780.000        2442.000       -7028.000        -113.000        4082.000       -2944.000       -2749.000        1335.000 
-12435  
-1  12  65            4.977          3           2.533         64          64.012          26.817         -56.588        1395.000       12411.000        -312.000       13765.000       -1055.000       12012.000       -5520.000       13129.000 
-12435  
-1  22  66           44.953         12          11.782         64          64.020          12.766         -63.983        4264.000        3536.000       -7119.000        -713.000        4585.000       -3640.000       -2839.000        1473.000 
-12435  
-1  12  67            4.980          3           2.529         64          63.999          26.693         -56.545        1459.000       12264.000        -126.000       13805.000       -1079.000       12086.000       -5422.000       13449.000 
-12435  
-1  22  68           49.667         12          11.732         64          63.953          11.387         -65.239        4316.000        3045.000       -5999.000        -599.000        3658.000       -2864.000       -2519.000        1569.000 
-12435  
-1  12  69            4.733          3           2.523         64          64.008          26.385         -56.682        1262.000       11732.000        -462.000       13951.000       -1124.000       11818.000       -4776.000       13455.000 
-12435  
-1  22  70           49.113         12          11.844         64          63.993          12.264         -64.537        4195.000        2468.000       -7448.000        -510.000        4250.000       -2147.000       -2611.000        1530.000 
-12435  
-1  12  71            4.920          3           2.532         64          64.008          26.520         -56.581        1387.000       11895.000        -320.000       13590.000       -1092.000       12693.000       -5128.000       13346.000 
-12435  
-1  22  72           42.793         12          11.859         64          64.042          12.195         -64.768        4139.000        2417.000       -6864.000        -996.000        4198.000       -3322.000       -2182.000         997.000 
-12435  
-1  12  73            4.910          3           2.531         64          63.998          26.584         -56.611         913.000       12308.000        -789.000       13101.000       -1415.000       11972.000       -5916.000       13606.000 
-12435  
-1  22  74           46.890         12          11.743         64          63.960          12.422         -64.343        3441.000        2552.000       -7475.000       -1323.000        4813.000       -2384.000       -3115.000        1346.000 
-12435  
-1  12  75            4.937          3           2.536         64          64.011          26.464         -56.514        1105.000       12271.000        -699.000       13626.000       -1746.000       12067.000       -5563.000       13713.000 
-12435  
-1  22  76           44.980         12          11.907         64          64.014          12.576         -64.307        5217.000        3444.000       -6929.000        -505.000        4170.000       -2679.000       -1956.000        1247.000 
-12435  
-1  12  77            4.953          3           2.549         64          64.003          26.658         -56.370        1229.000       12476.000        -975.000       13904.000       -1794.000       12359.000       -5703.000       13765.000 
-12435  
-1  22  78           50.740         12          11.844         64          63.996          12.071         -64.562        4705.000        3714.000       -6139.000       -1023.000        4289.000       -2846.000       -2688.000        1494.000 
-12435  
-1  12  79            4.970          3           2.524         64          64.011          26.336         -56.707         881.000       12030.000        -594.000       13632.000       -1252.000       11755.000       -5888.000       12997.000 
-12435  
-1  22  80           57.830         12          11.856         64          64.015          12.965         -63.860        5442.000        2928.000       -7676.000        -619.000        3103.000       -2553.000       -3878.000        1163.000 
-12435  
-1  12  81            4.923          3           2.529         64          63.986          26.466         -56.656        1297.000       11527.000        -277.000       13406.000       -1265.000       12746.000       -5103.000       13360.000 
-12435  
-1  22  82           49.570         12          11.810         64          64.014          12.240         -64.523        4881.000        2815.000       -6585.000         317.000        3680.000       -3389.000       -2533.000        2224.000 
-12435  
-1  12  83            4.983          3           2.525         64          63.997          26.449         -56.680        1613.000       11827.000        -228.000       13484.000        -762.000       11945.000       -5415.000       13501.000 
-12435  
-1  22  84           53.187         12          11.872         64          64.011          12.272         -64.453        4940.000        2598.000       -6906.000         509.000        3467.000       -3136.000       -3094.000        1702.000 
-12435  
-1  12  85            4.947          3           2.528         64          64.007          26.318         -56.575        1612.000       12141.000        -163.000       13746.000       -1078.000       12308.000       -4967.000       13396.000 
-12435  
-1  22  86           46.737         12          11.802         64          63.972          12.453         -64.600        4155.000        2986.000       -6387.000        -590.000        4772.000       -3274.000       -2328.000        1846.000 
-12435  
-1  12  87            4.920          3           2.534         64          63.999          26.278         -56.540        1125.000       12177.000        -836.000       13964.000       -1702.000       12196.000       -5339.000       13269.000 
-12435  
-1  22  88           49.353         12          11.906         64          63.922          12.074         -64.577        4783.000        2612.000       -6590.000        -403.000        4637.000       -2987.000       -2203.000        1287.000 
-12435  
-1  12  89            4.857          3           2.529         64          64.004          26.402         -56.543        1171.000       12195.000        -559.000       13661.000       -1224.000       12279.000       -5270.000       13564.000 
-12435  
-1  22  90           44.237         12          11.749         64          64.020          12.743         -64.051        4064.000        3625.000       -6868.000        -904.000        4791.000       -3786.000       -2870.000        1123.000 
-12435  
-1  12  91            4.947          3           2.528         64          64.013          26.369         -56.609        1236.000       12028.000        -689.000       13649.000       -1543.000       12176.000       -5372.000       13342.000 
-12435  
-1  22  92           47.723         12          11.770         64          63.941          12.331         -64.240        5095.000        3390.000       -6930.000         160.000        4167.000       -2883.000       -2543.000        1219.000 
-12435  
-1  12  93            5.013          3           2.531         64          64.001          26.489         -56.577        1775.000       12324.000         145.000       13505.000       -1058.000       12149.000       -5341.000       13449.000 
-12435  
-1  22  94           56.800         12          11.860         64          63.976          13.250         -63.523        4429.000        3231.000       -7091.000       -1029.000        5758.000       -2721.000       -4055.000        1455.000 
-12435  
-1  12  95            4.927          3           2.526         64          64.009          26.403         -56.615        1046.000       12326.000       -1047.000       13682.000       -1515.000       11646.000       -5689.000       13337.000 
-12435  
-1  22  96           56.800         12          11.897         64          64.019          12.554         -64.281        5035.000        3188.000       -6824.000         717.000        4294.000       -2582.000       -3098.000         846.000 
-12435  
-1  12  97            4.590          3           2.538         64          63.996          26.575         -56.541        1257.000       12453.000        -677.000       13449.000       -1346.000       12226.000       -4947.000       13696.000 
-12435  
-1  22  98           43.587         12          11.825         64          63.980          12.629         -64.129        4124.000        3391.000       -7170.000        -444.000        5180.000       -2885.000       -2320.000        1247.000 
-12435  
-1  12  99            4.853          3           2.519         64          64.015          26.315         -56.616        1751.000       12397.000         303.000       13537.000        -967.000       12070.000       -4338.000       13556.000 
-12435  
-1  22  100           54.870         12          11.880         64          64.021          12.694         -64.049        5136.000        2057.000       -6776.000         493.000        4200.000       -4098.000       -3084.000        1943.000 
-12435  
