-1  12  1            9.023          4           4.309         64          64.004          49.378         -28.632      205882.000     -139612.000      342729.000      -53698.000      313779.000        4226.000      313401.000      233250.000 
-12435  
-1  22  2            9.083         12          11.951         64          63.999          43.982         -32.314     -141813.000       76112.000     -224913.000        9053.000     -199890.000      -29655.000     -188303.000     -180989.000 
-12435  
-1  12  3            9.020          4           4.310         64          64.005          49.513         -28.634      215204.000     -125750.000      345876.000      -31127.000      312295.000       24657.000      297034.000      253030.000 
-12435  
-1  22  4            9.093         12          11.950         64          63.999          44.113         -32.315     -152043.000       52357.000     -224093.000      -25407.000     -192232.000      -60843.000     -157247.000     -208488.000 
-12435  
-1  12  5            9.023          4           4.309         64          64.002          49.357         -28.637      217406.000     -122162.000      345761.000      -24422.000      311923.000       30316.000      291959.000      258877.000 
-12435  
-1  22  6            9.080         12          11.949         64          64.001          44.069         -32.311     -150934.000       59449.000     -224561.000      -15203.000     -194852.000      -52051.000     -166764.000     -200658.000 
-12435  
-1  12  7            9.023          4           4.310         64          63.999          49.096         -28.642      216346.000     -123432.000      345257.000      -27802.000      312034.000       27778.000      294098.000      256197.000 
-12435  
-1  22  8            9.090         12          11.951         64          64.004          43.953         -32.320     -148370.000       63407.000     -224769.000       -8882.000     -194954.000      -46512.000     -172429.000     -196998.000 
-12435  
-1  12  9            9.027          4           4.309         64          63.999          49.794         -28.635      211012.000     -132756.000      344142.000      -42159.000      312976.000       15159.000      304752.000      244163.000 
-12435  
-1  22  10            9.070         12          11.951         64          64.003          43.859         -32.307     -154425.000       46724.000     -222886.000      -34398.000     -190429.000      -67376.000     -149921.000     -213885.000 
-12435  
-1  12  11            9.023          4           4.310         64          64.002          49.516         -28.630      211651.000     -131500.000      344842.000      -40698.000      312972.000       16283.000      303802.000      245577.000 
-12435  
-1  22  12            9.097         12          11.951         64          64.004          44.231         -32.298     -152406.000       54130.000     -223805.000      -22524.000     -192831.000      -59024.000     -160074.000     -207991.000 
-12435  
-1  12  13            9.023          4           4.309         64          64.003          49.443         -28.630      215784.000     -126108.000      345491.000      -30175.000      312384.000       24865.000      296656.000      254066.000 
-12435  
-1  22  14            9.077         12          11.950         64          64.002          44.276         -32.304     -148599.000       64104.000     -225756.000       -8608.000     -195708.000      -46288.000     -173512.000     -195603.000 
-12435  
-1  12  15            9.027          4           4.309         64          64.004          49.385         -28.646      209795.000     -133921.000      343435.000      -44397.000      312607.000       12824.000      305916.000      242093.000 
-12435  
-1  22  16            9.097         12          11.951         64          63.998          44.262         -32.297     -153990.000       50274.000     -223567.000      -30663.000     -191085.000      -64595.000     -153116.000     -212188.000 
-12435  
-1  12  17            9.023          4           4.309         64          64.003          49.421         -28.641      212133.000     -130719.000      344198.000      -39516.000      312334.000       17252.000      303013.000      246228.000 
-12435  
-1  22  18            9.097         12          11.951         64          64.001          44.037         -32.304     -153437.000       51316.000     -223405.000      -27216.000     -191892.000      -62379.000     -155380.000     -210563.000 
-12435  
-1  12  19            9.023          4           4.309         64          64.002          49.389         -28.635      212998.000     -129121.000      345284.000      -35931.000      312784.000       20141.000      300589.000      248787.000 
-12435  
-1  22  20            9.083         12          11.951         64          64.002          44.093         -32.305     -148682.000       63732.000     -224902.000       -8709.000     -196405.000      -46269.000     -172712.000     -196565.000 
-12435  
-1  12  21            9.020          4           4.309         64          64.000          49.257         -28.639      218100.000     -120184.000      346136.000      -22213.000      311729.000       32228.000      290517.000      260253.000 
-12435  
-1  22  22            9.107         12          11.952         64          64.002          44.026         -32.300     -153308.000       53393.000     -224151.000      -23828.000     -191933.000      -60429.000     -158087.000     -208760.000 
-12435  
-1  12  23            9.023          4           4.309         64          64.001          49.662         -28.638      213943.000     -128251.000      344756.000      -34881.000      312747.000       21701.000      299418.000      250033.000 
-12435  
-1  22  24            9.100         12          11.952         64          64.004          44.052         -32.298     -146864.000       67633.000     -225368.000       -3834.000     -197703.000      -42352.000     -176931.000     -192820.000 
-12435  
-1  12  25            9.023          4           4.309         64          64.001          49.298         -28.641      212560.000     -129782.000      345066.000      -36821.000      312111.000       18942.000      301157.000      248064.000 
-12435  
-1  22  26            9.070         12          11.952         64          64.003          44.096         -32.296     -148095.000       64497.000     -225687.000       -7950.000     -197102.000      -44558.000     -174312.000     -195102.000 
-12435  
-1  12  27            9.020          4           4.309         64          64.002          49.227         -28.629      213556.000     -128315.000      345633.000      -35336.000      312668.000       21064.000      300491.000      249570.000 
-12435  
-1  22  28            9.090         12          11.951         64          64.001          43.940         -32.295     -147814.000       66064.000     -225550.000       -5577.000     -196972.000      -44003.000     -175704.000     -194120.000 
-12435  
-1  12  29            9.020          4           4.309         64          64.002          49.592         -28.633      210048.000     -133475.000      344135.000      -44279.000      313169.000       13149.000      306722.000      241889.000 
-12435  
-1  22  30            9.100         12          11.951         64          64.000          44.114         -32.312     -144225.000       71425.000     -224900.000        3219.000     -198288.000      -36110.000     -182660.000     -187631.000 
-12435  
-1  12  31            9.027          4           4.309         64          64.004          49.197         -28.631      216308.000     -123457.000      345991.000      -27550.000      312238.000       28334.000      294206.000      256979.000 
-12435  
-1  22  32            9.100         12          11.951         64          64.000          43.896         -32.313     -147715.000       64166.000     -224738.000       -8975.000     -196797.000      -46350.000     -172176.000     -196482.000 
-12435  
-1  12  33            9.023          4           4.309         64          64.002          49.814         -28.639      214163.000     -126831.000      344533.000      -33417.000      312497.000       23103.000      298931.000      251591.000 
-12435  
-1  22  34            9.080         12          11.952         64          64.001          44.048         -32.301     -152988.000       51713.000     -223445.000      -27271.000     -192276.000      -61916.000     -156687.000     -209897.000 
-12435  
-1  12  35            9.027          4           4.309         64          64.001          49.310         -28.635      209112.000     -134798.000      343984.000      -45364.000      313005.000       11676.000      307408.000      241004.000 
-12435  
-1  22  36            9.093         12          11.950         64          64.002          44.066         -32.307     -148538.000       62799.000     -225579.000      -11045.000     -195446.000      -48422.000     -171084.000     -197713.000 
-12435  
-1  12  37            9.023          4           4.310         64          64.002          49.829         -28.642      214895.000     -125527.000      345100.000      -30334.000      312227.000       25439.000      296460.000      253684.000 
-12435  
-1  22  38            9.103         12          11.950         64          64.001          43.826         -32.317     -153011.000       50877.000     -222878.000      -28427.000     -191282.000      -63557.000     -154358.000     -211015.000 
-12435  
-1  12  39            9.023          4           4.309         64          64.002          49.109         -28.640      212187.000     -130406.000      344778.000      -38389.000      312741.000       18235.000      301947.000      246731.000 
-12435  
-1  22  40            9.093         12          11.951         64          64.000          44.229         -32.310     -154365.000       47718.000     -222669.000      -33455.000     -189445.000      -67725.000     -150510.000     -214161.000 
-12435  
-1  12  41            9.023          4           4.308         64          64.002          49.169         -28.635      213544.000     -129228.000      345284.000      -35519.000      312625.000       20584.000      300168.000      248993.000 
-12435  
-1  22  42            9.083         12          11.952         64          64.002          43.862         -32.320     -145236.000       69496.000     -224220.000        -514.000     -197838.000      -38151.000     -180261.000     -189918.000 
-12435  
-1  12  43            9.023          4           4.309         64          64.001          49.531         -28.634      214747.000     -126486.000      345591.000      -31669.000      312823.000       24080.000      297313.000      252424.000 
-12435  
-1  22  44            9.077         12          11.951         64          64.000          44.400         -32.319     -148691.000       63047.000     -224571.000       -9510.000     -195799.000      -47546.000     -172351.000     -196136.000 
-12435  
-1  12  45            9.023          4           4.309         64          64.001          49.264         -28.634      213569.000     -129491.000      344754.000      -36361.000      312787.000       19535.000      300815.000      248686.000 
-12435  
-1  22  46            9.067         12          11.950         64          64.000          44.008         -32.313     -149624.000       59895.000     -224578.000      -12935.000     -195823.000      -49671.000     -169029.000     -199238.000 
-12435  
-1  12  47            9.023          4           4.309         64          64.001          49.775         -28.640      212225.000     -129957.000      344457.000      -38210.000      312469.000       18057.000      302234.000      247285.000 
-12435  
-1  22  48            9.107         12          11.950         64          64.001          44.077         -32.292     -153659.000       51339.000     -223781.000      -28217.000     -191619.000      -64079.000     -154942.000     -211163.000 
-12435  
-1  12  49            9.027          4           4.309         64          64.002          49.863         -28.636      213863.000     -128635.000      344914.000      -34628.000      312773.000       21862.000      299616.000      249850.000 
-12435  
-1  22  50            9.083         12          11.951         64          64.002          43.833         -32.317     -142010.000       76341.000     -225131.000       10280.000     -199857.000      -29047.000     -188395.000     -180105.000 
-12435  
-1  12  51            9.023          4           4.310         64          64.002          49.524         -28.637      212328.000     -130045.000      345047.000      -37981.000      312697.000       18490.000      301820.000      247174.000 
-12435  
-1  22  52            9.083         12          11.953         64          63.999          43.959         -32.290     -150612.000       58447.000     -225042.000      -16978.000     -194773.000      -53026.000     -166082.000     -203142.000 
-12435  
-1  12  53            9.023          4           4.309         64          64.001          49.585         -28.632      210475.000     -134480.000      343614.000      -45115.000      313489.000       12447.000      306804.000      241372.000 
-12435  
-1  22  54            9.087         12          11.950         64          63.998          44.048         -32.323     -149440.000       59696.000     -225152.000      -13482.000     -194707.000      -50321.000     -167451.000     -199905.000 
-12435  
-1  12  55            9.023          4           4.310         64          64.003          49.373         -28.638      214298.000     -127250.000      344974.000      -33297.000      312660.000       22282.000      298514.000      251254.000 
-12435  
-1  22  56            9.083         12          11.951         64          64.001          44.088         -32.289     -149829.000       61094.000     -225533.000      -12808.000     -195837.000      -50060.000     -169530.000     -199679.000 
-12435  
-1  12  57            9.023          4           4.310         64          64.002          49.461         -28.633      216077.000     -123790.000      345672.000      -29022.000      312741.000       27599.000      295250.000      255236.000 
-12435  
-1  22  58            9.083         12          11.951         64          64.001          44.021         -32.306     -154556.000       46500.000     -222917.000      -34051.000     -189833.000      -67725.000     -149538.000     -214669.000 
-12435  
-1  12  59            9.023          4           4.310         64          64.002          49.643         -28.633      216275.000     -123964.000      346059.000      -28267.000      311536.000       27514.000      295053.000      256209.000 
-12435  
-1  22  60            9.067         12          11.950         64          64.001          43.997         -32.305     -154241.000       50665.000     -223584.000      -27489.000     -191602.000      -61823.000     -155891.000     -209860.000 
-12435  
-1  12  61            9.023          4           4.309         64          64.003          49.551         -28.631      213678.000     -129395.000      344905.000      -36018.000      312741.000       20584.000      300863.000      249075.000 
-12435  
-1  22  62            9.073         12          11.951         64          64.000          44.041         -32.297     -142084.000       77890.000     -224718.000       12715.000     -199420.000      -26796.000     -191847.000     -179271.000 
-12435  
-1  12  63            9.027          4           4.309         64          64.002          49.346         -28.644      214574.000     -124694.000      345788.000      -29912.000      311932.000       26190.000      295531.000      254456.000 
-12435  
-1  22  64            9.087         12          11.952         64          64.002          43.921         -32.310     -148701.000       62999.000     -224594.000      -10504.000     -196662.000      -47726.000     -171243.000     -197113.000 
-12435  
-1  12  65            9.027          4           4.309         64          64.001          49.286         -28.633      215338.000     -125015.000      345771.000      -30395.000      312736.000       26017.000      295973.000      254246.000 
-12435  
-1  22  66            9.067         12          11.951         64          64.001          44.180         -32.310     -148625.000       61652.000     -224640.000      -11942.000     -195916.000      -48569.000     -171283.000     -198039.000 
-12435  
-1  12  67            9.020          4           4.309         64          64.001          49.130         -28.633      212003.000     -130361.000      345000.000      -39400.000      312778.000       17175.000      303216.000      246161.000 
-12435  
-1  22  68            9.073         12          11.951         64          64.004          44.406         -32.309     -153716.000       48253.000     -223477.000      -31185.000     -191069.000      -64794.000     -152394.000     -212155.000 
-12435  
-1  12  69            9.023          4           4.309         64          64.000          49.321         -28.638      215748.000     -124415.000      346033.000      -29470.000      311740.000       26189.000      295219.000      254978.000 
-12435  
-1  22  70            9.083         12          11.951         64          64.001          44.480         -32.316     -154222.000       48124.000     -221922.000      -31665.000     -190406.000      -66381.000     -151914.000     -213117.000 
-12435  
-1  12  71            9.023          4           4.309         64          64.003          49.641         -28.634      212932.000     -129051.000      345195.000      -35798.000      312648.000       20084.000      300614.000      249228.000 
-12435  
-1  22  72            9.080         12          11.952         64          64.001          44.037         -32.295     -146606.000       69159.000     -225218.000        -383.000     -197908.000      -39393.000     -180353.000     -190184.000 
-12435  
-1  12  73            9.023          4           4.310         64          64.001          49.019         -28.634      216310.000     -123281.000      345854.000      -26931.000      312124.000       28173.000      294178.000      256879.000 
-12435  
-1  22  74            9.097         12          11.949         64          64.002          43.886         -32.305     -147295.000       65078.000     -224844.000       -6465.000     -196899.000      -45040.000     -174755.000     -195295.000 
-12435  
-1  12  75            9.027          4           4.309         64          64.001          49.950         -28.639      211968.000     -130812.000      344849.000      -39501.000      312828.000       17970.000      302225.000      246163.000 
-12435  
-1  22  76            9.090         12          11.952         64          64.001          44.013         -32.332     -153651.000       48156.000     -222882.000      -31076.000     -189848.000      -65532.000     -151358.000     -212179.000 
-12435  
-1  12  77            9.027          4           4.309         64          64.002          49.309         -28.639      215283.000     -124701.000      345186.000      -29210.000      312252.000       26492.000      295707.000      255067.000 
-12435  
-1  22  78            9.063         12          11.951         64          64.003          44.046         -32.318     -149576.000       60778.000     -223982.000      -11797.000     -196008.000      -47986.000     -169970.000     -198619.000 
-12435  
-1  12  79            9.027          4           4.309         64          64.001          49.535         -28.637      205550.000     -140963.000      342363.000      -55798.000      313261.000        2868.000      314098.000      231486.000 
-12435  
-1  22  80            9.090         12          11.954         64          63.999          43.882         -32.296     -150435.000       59189.000     -224729.000      -15515.000     -195103.000      -53110.000     -167018.000     -201832.000 
-12435  
-1  12  81            9.023          4           4.309         64          64.003          49.604         -28.638      214214.000     -127167.000      345146.000      -33843.000      312285.000       22797.000      298651.000      251195.000 
-12435  
-1  22  82            9.097         12          11.952         64          64.000          44.110         -32.307     -153815.000       49796.000     -223820.000      -29134.000     -190997.000      -64838.000     -153546.000     -211129.000 
-12435  
-1  12  83            9.023          4           4.309         64          64.003          49.177         -28.639      212701.000     -130610.000      344850.000      -37820.000      312573.000       18170.000      301601.000      246967.000 
-12435  
-1  22  84            9.097         12          11.951         64          64.001          43.999         -32.315     -148057.000       63934.000     -225212.000       -8932.000     -195953.000      -46248.000     -172076.000     -196526.000 
-12435  
-1  12  85            9.027          4           4.309         64          64.001          49.306         -28.635      212046.000     -130794.000      344741.000      -38548.000      313149.000       17845.000      302270.000      246753.000 
-12435  
-1  22  86            9.083         12          11.952         64          64.000          43.925         -32.291     -155618.000       41688.000     -222684.000      -40915.000     -188683.000      -74181.000     -143127.000     -218563.000 
-12435  
-1  12  87            9.027          4           4.309         64          64.001          49.704         -28.640      212536.000     -130512.000      344528.000      -38218.000      312194.000       18896.000      302047.000      247221.000 
-12435  
-1  22  88            9.080         12          11.951         64          64.000          44.081         -32.314     -156226.000       41656.000     -221426.000      -40073.000     -187936.000      -73642.000     -143008.000     -218217.000 
-12435  
-1  12  89            9.023          4           4.309         64          64.001          49.467         -28.630      212126.000     -131443.000      344803.000      -39558.000      313194.000       17358.000      303276.000      245735.000 
-12435  
-1  22  90            9.083         12          11.951         64          64.001          43.991         -32.305     -145711.000       67028.000     -224911.000       -2104.000     -198000.000      -41414.000     -178839.000     -191786.000 
-12435  
-1  12  91            9.023          4           4.309         64          64.001          49.259         -28.638      211773.000     -131120.000      344398.000      -39748.000      312525.000       17298.000      303350.000      245898.000 
-12435  
-1  22  92            9.083         12          11.951         64          63.998          44.092         -32.310     -146902.000       67623.000     -226076.000       -2123.000     -196743.000      -40907.000     -178030.000     -190926.000 
-12435  
-1  12  93            9.027          4           4.309         64          64.003          49.461         -28.630      217129.000     -122499.000      345987.000      -25166.000      312256.000       30272.000      292807.000      258500.000 
-12435  
-1  22  94            9.093         12          11.951         64          64.002          44.019         -32.316     -152098.000       55501.000     -224101.000      -20290.000     -193311.000      -56152.000     -160849.000     -205616.000 
-12435  
-1  12  95            9.023          4           4.309         64          64.000          49.281         -28.634      215202.000     -125399.000      345401.000      -31945.000      312441.000       24431.000      297322.000      253243.000 
-12435  
-1  22  96            9.097         12          11.951         64          64.004          44.349         -32.296     -141998.000       78237.000     -224916.000       12686.000     -200218.000      -27707.000     -190618.000     -179343.000 
-12435  
-1  12  97            9.020          4           4.310         64          64.001          49.189         -28.633      214626.000     -126739.000      345150.000      -32886.000      312536.000       23617.000      298761.000      251844.000 
-12435  
-1  22  98            9.070         12          11.953         64          64.000          43.988         -32.323     -149108.000       60619.000     -223651.000      -14455.000     -195621.000      -50469.000     -169036.000     -199289.000 
-12435  
-1  12  99            9.023          4           4.309         64          64.001          49.630         -28.639      209080.000     -136110.000      343814.000      -47519.000      312941.000       10137.000      308305.000      238289.000 
-12435  
