-1  12  1          -21.167          4           4.308         64          64.006          38.626         -42.974      -43355.000      -43562.000      -42181.000       21972.000        5390.000       68861.000       70759.000       11232.000 
-12435  
-1  22  2          -20.007         12          12.011         64          64.001          40.720         -35.777     -109762.000       83377.000       40383.000      108346.000      165531.000       24889.000       64422.000     -138132.000 
-12435  
-1  12  3          -21.290          4           4.307         64          63.997          38.903         -42.931      -44329.000      -42855.000      -40972.000       22711.000        7019.000       69221.000       72019.000        8977.000 
-12435  
-1  22  4          -20.007         12          12.015         64          63.993          40.838         -35.780     -119823.000       67218.000       24355.000      112725.000      160693.000       48394.000       82637.000     -128028.000 
-12435  
-1  12  5          -21.147          4           4.308         64          63.996          38.661         -42.948      -39103.000      -47781.000      -43461.000       17346.000       -2307.000       69811.000       69497.000       18130.000 
-12435  
-1  22  6          -20.007         12          12.013         64          63.998          41.092         -35.768     -114969.000       75333.000       32066.000      110365.000      164136.000       37146.000       73784.000     -133886.000 
-12435  
-1  12  7          -21.220          4           4.304         64          64.004          38.767         -42.949      -34275.000      -51175.000      -45257.000       13752.000       -7528.000       69202.000       67704.000       23962.000 
-12435  
-1  22  8          -20.007         12          12.012         64          64.005          40.786         -35.768     -113045.000       79584.000       36929.000      109797.000      164512.000       30476.000       68987.000     -136015.000 
-12435  
-1  12  9          -21.243          4           4.311         64          64.007          38.855         -42.978      -38148.000      -48832.000      -44031.000       16393.000       -2908.000       68989.000       68967.000       18897.000 
-12435  
-1  22  10          -20.010         12          12.008         64          64.006          40.589         -35.817     -118518.000       68043.000       26047.000      111618.000      160169.000       45949.000       80935.000     -129326.000 
-12435  
-1  12  11          -21.223          4           4.307         64          64.005          38.516         -42.981      -39303.000      -47603.000      -43150.000       18334.000        -361.000       69233.000       69443.000       17101.000 
-12435  
-1  22  12          -20.007         12          12.012         64          64.001          40.957         -35.813     -112696.000       77843.000       34808.000      109538.000      163991.000       32700.000       70436.000     -134301.000 
-12435  
-1  12  13          -21.247          4           4.312         64          63.995          38.592         -42.982      -41554.000      -44964.000      -41996.000       20784.000        3405.000       69079.000       70819.000       13092.000 
-12435  
-1  22  14          -20.007         12          12.015         64          64.000          40.963         -35.809     -119971.000       66639.000       23803.000      112269.000      160009.000       48148.000       83017.000     -127224.000 
-12435  
-1  12  15          -21.247          4           4.309         64          64.001          38.744         -42.963      -40862.000      -46088.000      -43174.000       19886.000        1433.000       68758.000       70669.000       14458.000 
-12435  
-1  22  16          -20.010         12          12.014         64          63.999          40.820         -35.813     -124645.000       57673.000       16784.000      113231.000      156453.000       59155.000       91345.000     -121011.000 
-12435  
-1  12  17          -21.340          4           4.310         64          64.005          38.604         -42.983      -37464.000      -48840.000      -44361.000       16851.000       -2531.000       69239.000       68823.000       18284.000 
-12435  
-1  22  18          -20.007         12          12.011         64          64.001          40.963         -35.780     -122730.000       61916.000       20302.000      113738.000      159049.000       54836.000       87795.000     -123714.000 
-12435  
-1  12  19          -21.167          4           4.309         64          64.006          38.663         -42.960      -37486.000      -48857.000      -44230.000       16510.000       -3464.000       70060.000       68386.000       19411.000 
-12435  
-1  22  20          -20.010         12          12.013         64          64.002          40.736         -35.792     -111490.000       79289.000       37277.000      109528.000      163974.000       30071.000       68153.000     -137065.000 
-12435  
-1  12  21          -21.233          4           4.305         64          64.003          38.780         -42.988      -39241.000      -47591.000      -43499.000       17873.000        -243.000       69100.000       69293.000       17326.000 
-12435  
-1  22  22          -20.007         12          12.015         64          64.003          40.639         -35.802     -113909.000       76438.000       33599.000      109803.000      163680.000       34626.000       71962.000     -134031.000 
-12435  
-1  12  23          -21.253          4           4.309         64          64.000          38.823         -43.006      -40376.000      -46476.000      -42643.000       18764.000        1116.000       69398.000       69479.000       14899.000 
-12435  
-1  22  24          -20.003         12          12.012         64          64.000          40.904         -35.786     -117591.000       73062.000       29506.000      111228.000      162324.000       41970.000       76771.000     -130533.000 
-12435  
-1  12  25          -21.220          4           4.308         64          63.993          38.655         -42.944      -40216.000      -46063.000      -43111.000       19695.000        1578.000       70083.000       70255.000       14814.000 
-12435  
-1  22  26          -20.010         12          12.013         64          64.001          41.003         -35.797     -119470.000       67864.000       27091.000      111259.000      160822.000       46034.000       81287.000     -129010.000 
-12435  
-1  12  27          -21.293          4           4.308         64          64.004          38.890         -42.956      -38882.000      -47785.000      -43635.000       17962.000        -959.000       68912.000       70242.000       17474.000 
-12435  
-1  22  28          -20.010         12          12.013         64          63.998          41.126         -35.782     -119408.000       68936.000       26690.000      112961.000      160376.000       45785.000       80592.000     -129323.000 
-12435  
-1  12  29          -21.193          4           4.308         64          64.005          38.668         -42.973      -37285.000      -48912.000      -43750.000       16708.000       -3126.000       69437.000       68836.000       20101.000 
-12435  
-1  22  30          -20.010         12          12.015         64          64.001          40.832         -35.795     -107096.000       86085.000       42785.000      106627.000      166055.000       20818.000       59358.000     -140225.000 
-12435  
-1  12  31          -21.320          4           4.312         64          64.004          38.691         -42.972      -39152.000      -47815.000      -43955.000       17960.000        -435.000       68762.000       69746.000       16881.000 
-12435  
-1  22  32          -20.007         12          12.015         64          64.002          41.052         -35.793     -107999.000       84692.000       41617.000      107304.000      165611.000       23603.000       61919.000     -139334.000 
-12435  
-1  12  33          -21.220          4           4.308         64          64.000          38.874         -42.979      -39624.000      -47538.000      -43817.000       18245.000        -792.000       68888.000       69452.000       16535.000 
-12435  
-1  22  34          -20.010         12          12.012         64          64.002          40.596         -35.766     -118654.000       68981.000       27214.000      113185.000      161017.000       45171.000       80624.000     -130262.000 
-12435  
-1  12  35          -21.283          4           4.308         64          64.000          38.678         -42.960      -38835.000      -48183.000      -43367.000       17765.000        -862.000       69164.000       69765.000       17881.000 
-12435  
-1  22  36          -20.007         12          12.016         64          63.999          40.598         -35.793     -116725.000       74559.000       31072.000      110948.000      162283.000       38942.000       74849.000     -131890.000 
-12435  
-1  12  37          -21.277          4           4.306         64          64.000          38.840         -42.945      -39458.000      -46616.000      -43681.000       18380.000         342.000       69754.000       70376.000       15964.000 
-12435  
-1  22  38          -20.007         12          12.013         64          64.006          40.812         -35.786     -123954.000       59993.000       18124.000      113680.000      157087.000       56690.000       90837.000     -122827.000 
-12435  
-1  12  39          -21.297          4           4.308         64          64.006          38.915         -42.977      -38569.000      -47224.000      -43767.000       17389.000        -714.000       69176.000       70045.000       17454.000 
-12435  
-1  22  40          -20.010         12          12.011         64          64.002          40.801         -35.770     -118538.000       71752.000       29401.000      111433.000      162182.000       41846.000       77573.000     -131120.000 
-12435  
-1  12  41          -21.303          4           4.309         64          64.006          38.831         -42.986      -40620.000      -46008.000      -42669.000       19667.000        1675.000       68950.000       70501.000       14158.000 
-12435  
-1  22  42          -20.010         12          12.015         64          64.004          40.877         -35.797     -115252.000       74765.000       32017.000      110472.000      163339.000       37202.000       73457.000     -132951.000 
-12435  
-1  12  43          -21.287          4           4.307         64          64.001          38.809         -42.939      -38044.000      -49043.000      -44468.000       17230.000       -2682.000       69207.000       69358.000       18364.000 
-12435  
-1  22  44          -20.007         12          12.012         64          63.999          40.887         -35.778     -116142.000       74263.000       31322.000      110531.000      162912.000       38459.000       75549.000     -132900.000 
-12435  
-1  12  45          -21.250          4           4.310         64          63.999          38.626         -42.959      -39418.000      -47615.000      -43557.000       17110.000        -868.000       69340.000       69830.000       17439.000 
-12435  
-1  22  46          -20.017         12          12.012         64          64.001          40.774         -35.795     -122900.000       61274.000       21013.000      113136.000      158312.000       54902.000       86726.000     -124767.000 
-12435  
-1  12  47          -21.290          4           4.309         64          63.999          38.754         -43.013      -39041.000      -47139.000      -43205.000       17499.000        -594.000       68976.000       69599.000       16701.000 
-12435  
-1  22  48          -20.010         12          12.012         64          64.003          40.857         -35.787     -119121.000       69932.000       27737.000      111717.000      161572.000       43639.000       79007.000     -129790.000 
-12435  
-1  12  49          -21.213          4           4.309         64          64.003          39.026         -42.947      -39774.000      -47039.000      -43704.000       18368.000         -97.000       69168.000       70232.000       16820.000 
-12435  
-1  22  50          -20.007         12          12.013         64          64.002          40.779         -35.803     -115558.000       74312.000       32534.000      110577.000      162430.000       37580.000       74282.000     -132853.000 
-12435  
-1  12  51          -21.307          4           4.306         64          64.005          38.984         -42.939      -40467.000      -46821.000      -43301.000       19269.000        1485.000       69349.000       70411.000       15061.000 
-12435  
-1  22  52          -20.003         12          12.017         64          63.999          40.674         -35.797     -119286.000       69096.000       25740.000      112245.000      160660.000       46658.000       81095.000     -128102.000 
-12435  
-1  12  53          -21.290          4           4.307         64          64.005          38.875         -42.987      -38869.000      -48100.000      -44025.000       17066.000       -1614.000       68414.000       69603.000       17717.000 
-12435  
-1  22  54          -20.010         12          12.014         64          63.999          40.943         -35.805     -114945.000       73764.000       32546.000      111238.000      162500.000       38222.000       74096.000     -132833.000 
-12435  
-1  12  55          -21.350          4           4.308         64          64.001          38.819         -42.956      -39480.000      -46969.000      -43672.000       18602.000          50.000       69366.000       70303.000       15386.000 
-12435  
-1  22  56          -20.003         12          12.013         64          64.003          40.623         -35.785     -116523.000       73128.000       30345.000      111751.000      162487.000       40549.000       76515.000     -131292.000 
-12435  
-1  12  57          -21.243          4           4.306         64          64.001          38.867         -42.983      -38625.000      -48051.000      -43999.000       17146.000       -1688.000       68902.000       69316.000       18017.000 
-12435  
-1  22  58          -20.003         12          12.011         64          64.002          40.857         -35.785     -121502.000       63788.000       21390.000      112277.000      158476.000       53953.000       87475.000     -126046.000 
-12435  
-1  12  59          -21.277          4           4.308         64          64.002          38.846         -42.942      -40228.000      -46961.000      -43362.000       18512.000        1005.000       69444.000       70262.000       15929.000 
-12435  
-1  22  60          -20.010         12          12.010         64          64.003          40.792         -35.795     -119047.000       70452.000       27443.000      111385.000      161164.000       43632.000       78777.000     -129975.000 
-12435  
-1  12  61          -21.267          4           4.309         64          64.002          38.581         -42.983      -39498.000      -47507.000      -43446.000       18212.000        -166.000       69054.000       69525.000       16501.000 
-12435  
-1  22  62          -20.010         12          12.009         64          64.001          40.615         -35.796     -119473.000       67966.000       25232.000      112684.000      160370.000       46951.000       81235.000     -128457.000 
-12435  
-1  12  63          -21.263          4           4.306         64          64.002          38.506         -42.990      -39405.000      -47083.000      -42998.000       18287.000        -282.000       69301.000       69776.000       16198.000 
-12435  
-1  22  64          -20.010         12          12.013         64          64.000          40.590         -35.799     -121455.000       63872.000       21840.000      112497.000      158975.000       52558.000       85245.000     -126204.000 
-12435  
-1  12  65          -21.323          4           4.310         64          64.002          38.977         -42.981      -38441.000      -48036.000      -43545.000       17712.000       -1650.000       69031.000       69693.000       17229.000 
-12435  
-1  22  66          -20.010         12          12.013         64          64.004          40.831         -35.816     -121141.000       64282.000       21655.000      112931.000      159387.000       50848.000       84812.000     -125158.000 
-12435  
-1  12  67          -21.210          4           4.313         64          64.002          38.624         -42.959      -37833.000      -48440.000      -43430.000       16908.000       -2141.000       69777.000       69251.000       19487.000 
-12435  
-1  22  68          -20.007         12          12.010         64          64.000          40.649         -35.799     -108661.000       84309.000       41090.000      107163.000      166092.000       24094.000       62299.000     -138050.000 
-12435  
-1  12  69          -21.323          4           4.307         64          64.002          38.758         -42.948      -39916.000      -46924.000      -43279.000       18585.000         822.000       69163.000       70638.000       15917.000 
-12435  
-1  22  70          -20.003         12          12.012         64          63.999          40.712         -35.796     -116740.000       71675.000       28739.000      110909.000      161796.000       43240.000       78098.000     -131213.000 
-12435  
-1  12  71          -21.247          4           4.306         64          64.002          38.744         -43.004      -39822.000      -46916.000      -43085.000       18841.000         550.000       69026.000       69441.000       15737.000 
-12435  
-1  22  72          -20.007         12          12.015         64          63.999          40.944         -35.775     -122932.000       62940.000       21329.000      112910.000      158804.000       53148.000       87998.000     -124864.000 
-12435  
-1  12  73          -21.223          4           4.310         64          64.002          38.521         -42.962      -40227.000      -46655.000      -42915.000       19033.000         723.000       69562.000       70055.000       15522.000 
-12435  
-1  22  74          -20.003         12          12.012         64          64.000          40.877         -35.814     -107812.000       84122.000       40906.000      107466.000      165076.000       24474.000       62599.000     -138642.000 
-12435  
-1  12  75          -21.287          4           4.308         64          64.003          38.634         -42.955      -40254.000      -46900.000      -42978.000       19629.000         896.000       68924.000       70541.000       15262.000 
-12435  
-1  22  76          -20.013         12          12.014         64          64.000          40.778         -35.772     -107772.000       85104.000       43504.000      107278.000      166628.000       20585.000       60442.000     -140058.000 
-12435  
-1  12  77          -21.263          4           4.306         64          64.001          38.978         -42.984      -39086.000      -47361.000      -43787.000       17942.000        -784.000       69260.000       69494.000       16471.000 
-12435  
-1  22  78          -20.010         12          12.014         64          64.003          40.971         -35.772     -117105.000       71628.000       30568.000      111998.000      162585.000       41004.000       77522.000     -131401.000 
-12435  
-1  12  79          -21.213          4           4.311         64          64.004          38.489         -42.954      -38937.000      -47652.000      -43915.000       18313.000       -1174.000       68900.000       70039.000       17665.000 
-12435  
-1  22  80          -20.010         12          12.011         64          63.998          40.902         -35.820     -117720.000       70252.000       27913.000      110658.000      161484.000       42562.000       78777.000     -129920.000 
-12435  
-1  12  81          -21.267          4           4.309         64          64.006          39.038         -42.989      -40136.000      -46490.000      -43529.000       18701.000         739.000       69007.000       69857.000       15141.000 
-12435  
-1  22  82          -20.013         12          12.013         64          64.002          41.102         -35.771     -124714.000       59529.000       17804.000      113627.000      157560.000       57946.000       89804.000     -123110.000 
-12435  
-1  12  83          -21.263          4           4.306         64          64.004          38.652         -42.975      -38971.000      -47839.000      -43652.000       18239.000       -1158.000       69068.000       69570.000       16853.000 
-12435  
-1  22  84          -20.010         12          12.013         64          64.003          40.914         -35.798     -112724.000       78064.000       35677.000      109707.000      163876.000       31959.000       69886.000     -135456.000 
-12435  
-1  12  85          -21.167          4           4.308         64          64.003          38.709         -42.955      -38838.000      -48344.000      -44046.000       17736.000       -1796.000       69024.000       69256.000       18720.000 
-12435  
-1  22  86          -20.010         12          12.012         64          64.004          40.671         -35.821     -118122.000       68528.000       26637.000      111757.000      161330.000       45314.000       79781.000     -128344.000 
-12435  
-1  12  87          -21.210          4           4.311         64          64.004          38.789         -42.967      -39219.000      -48071.000      -43480.000       17821.000        -741.000       69335.000       69197.000       17824.000 
-12435  
-1  22  88          -20.010         12          12.012         64          64.004          40.683         -35.814     -122123.000       62242.000       21085.000      113396.000      158010.000       53196.000       86962.000     -124368.000 
-12435  
-1  12  89          -21.327          4           4.309         64          63.999          38.977         -42.980      -38639.000      -48392.000      -43690.000       17217.000       -1284.000       69164.000       69209.000       17496.000 
-12435  
-1  22  90          -20.003         12          12.013         64          64.002          40.733         -35.790     -125694.000       57092.000       15240.000      114140.000      154906.000       61893.000       93496.000     -120341.000 
-12435  
-1  12  91          -21.187          4           4.305         64          64.000          38.766         -42.933      -39089.000      -48053.000      -44160.000       17630.000       -1445.000       69743.000       69363.000       17845.000 
-12435  
-1  22  92          -20.010         12          12.012         64          64.004          40.688         -35.771     -123326.000       62571.000       20826.000      113028.000      158805.000       54711.000       87046.000     -124912.000 
-12435  
-1  12  93          -21.207          4           4.310         64          64.004          38.380         -42.997      -40349.000      -46117.000      -42900.000       18633.000         866.000       69231.000       69894.000       15485.000 
-12435  
-1  22  94          -20.010         12          12.012         64          64.002          40.608         -35.796     -119996.000       67523.000       25643.000      112190.000      160137.000       47626.000       81505.000     -128467.000 
-12435  
-1  12  95          -21.253          4           4.308         64          64.002          38.846         -42.975      -39616.000      -47339.000      -43065.000       18478.000        -665.000       69064.000       69998.000       16272.000 
-12435  
-1  22  96          -20.007         12          12.012         64          63.996          40.899         -35.785     -122245.000       62999.000       21059.000      113231.000      158038.000       53899.000       87578.000     -125444.000 
-12435  
-1  12  97          -21.257          4           4.309         64          64.002          38.529         -43.001      -40414.000      -46037.000      -43190.000       19241.000        1546.000       68815.000       69991.000       14796.000 
-12435  
-1  22  98          -20.010         12          12.013         64          63.998          40.647         -35.789     -123774.000       59110.000       16704.000      113634.000      157635.000       58519.000       90370.000     -122206.000 
-12435  
-1  12  99          -21.280          4           4.311         64          64.003          38.455         -42.967      -37396.000      -48975.000      -44121.000       16414.000       -3224.000       69243.000       69141.000       19265.000 
-12435  
