-1  12  1          -29.247          4           4.346         64          64.008          33.447         -48.629       19559.000      -15449.000      -22168.000       -7026.000       -7214.000       41566.000       34935.000       13185.000 
-12435  
-1  22  2          -28.883         12          12.036         64          64.009          38.298         -38.689      -72551.000      -62747.000      -42992.000       80930.000      114365.000       40369.000       32696.000      -96876.000 
-12435  
-1  12  3          -29.087          4           4.347         64          64.001          33.575         -48.582       17059.000      -17827.000      -23168.000       -3524.000       -1045.000       42711.000       36419.000        8557.000 
-12435  
-1  22  4          -28.933         12          12.033         64          63.996          37.818         -38.700      -70021.000      -65610.000      -45350.000       79667.000      113485.000       42905.000       35671.000      -95157.000 
-12435  
-1  12  5          -29.133          4           4.343         64          63.998          33.361         -48.570       19337.000      -15656.000      -22717.000       -6331.000       -6219.000       42540.000       34896.000       12424.000 
-12435  
-1  22  6          -28.970         12          12.036         64          63.992          37.912         -38.700      -56850.000      -77117.000      -57346.000       69583.000      104978.000       62726.000       51177.000      -88151.000 
-12435  
-1  12  7          -29.117          4           4.348         64          63.998          33.346         -48.569       20749.000      -13706.000      -21515.000       -9384.000      -10972.000       41053.000       33670.000       16953.000 
-12435  
-1  22  8          -28.857         12          12.037         64          64.003          37.793         -38.711      -50850.000      -81141.000      -64419.000       64162.000       97249.000       72067.000       60236.000      -82693.000 
-12435  
-1  12  9          -29.540          4           4.349         64          64.016          33.549         -48.580       20621.000      -14105.000      -21288.000       -8066.000       -9357.000       41628.000       34479.000       15300.000 
-12435  
-1  22  10          -28.803         12          12.039         64          64.004          38.039         -38.692      -63022.000      -71664.000      -53723.000       73850.000      108612.000       56545.000       45323.000      -90767.000 
-12435  
-1  12  11          -29.113          4           4.351         64          64.011          33.145         -48.628       19186.000      -15988.000      -21777.000       -7224.000       -6910.000       42144.000       34526.000       13062.000 
-12435  
-1  22  12          -28.947         12          12.035         64          64.007          37.994         -38.687      -68757.000      -66948.000      -46761.000       78327.000      113152.000       45417.000       37149.000      -94938.000 
-12435  
-1  12  13          -29.347          4           4.351         64          63.998          33.401         -48.558       19289.000      -16393.000      -22635.000       -6257.000       -4999.000       42325.000       35460.000       11884.000 
-12435  
-1  22  14          -28.923         12          12.033         64          63.997          38.041         -38.706      -62765.000      -72242.000      -53155.000       73582.000      107350.000       56002.000       45786.000      -91914.000 
-12435  
-1  12  15          -29.287          4           4.346         64          63.998          33.706         -48.518       19804.000      -15006.000      -22328.000       -7334.000       -6750.000       42059.000       35536.000       14200.000 
-12435  
-1  22  16          -28.967         12          12.036         64          64.003          38.174         -38.669      -59599.000      -75481.000      -55705.000       72196.000      106966.000       59365.000       48482.000      -89906.000 
-12435  
-1  12  17          -29.380          4           4.345         64          64.003          33.402         -48.502       20475.000      -14768.000      -22068.000       -8099.000       -7689.000       42163.000       34856.000       14933.000 
-12435  
-1  22  18          -28.913         12          12.035         64          64.001          38.148         -38.682      -58418.000      -75715.000      -57588.000       71193.000      105393.000       61879.000       50375.000      -88488.000 
-12435  
-1  12  19          -29.280          4           4.348         64          64.012          33.598         -48.574       20205.000      -15303.000      -21882.000       -7637.000       -8325.000       41781.000       34612.000       14087.000 
-12435  
-1  22  20          -28.950         12          12.037         64          64.005          37.987         -38.692      -63730.000      -70588.000      -51687.000       74929.000      110331.000       52768.000       42962.000      -92739.000 
-12435  
-1  12  21          -29.127          4           4.340         64          63.998          33.581         -48.570       19542.000      -15639.000      -22103.000       -7603.000       -6926.000       42067.000       34746.000       14047.000 
-12435  
-1  22  22          -28.897         12          12.035         64          64.000          38.203         -38.694      -66038.000      -69108.000      -49660.000       76015.000      110192.000       50748.000       42133.000      -94010.000 
-12435  
-1  12  23          -29.263          4           4.343         64          64.003          33.754         -48.535       20248.000      -14940.000      -21813.000       -7435.000       -7514.000       42371.000       34630.000       14692.000 
-12435  
-1  22  24          -28.873         12          12.031         64          63.997          37.912         -38.674      -60178.000      -73928.000      -56098.000       72374.000      106861.000       59783.000       48680.000      -89877.000 
-12435  
-1  12  25          -29.147          4           4.344         64          63.992          33.214         -48.578       19995.000      -14728.000      -21816.000       -7475.000       -8103.000       41875.000       34545.000       15026.000 
-12435  
-1  22  26          -28.923         12          12.033         64          64.001          38.123         -38.705      -69047.000      -66873.000      -46599.000       78208.000      112188.000       46335.000       37209.000      -94670.000 
-12435  
-1  12  27          -29.560          4           4.347         64          64.001          33.444         -48.588       21010.000      -13479.000      -21175.000       -8786.000       -9890.000       41366.000       33945.000       16348.000 
-12435  
-1  22  28          -28.813         12          12.033         64          64.003          37.901         -38.685      -69473.000      -65986.000      -46495.000       79096.000      113339.000       45803.000       37019.000      -94303.000 
-12435  
-1  12  29          -29.383          4           4.345         64          64.004          33.210         -48.571       20040.000      -14482.000      -21613.000       -7717.000       -7919.000       41979.000       34913.000       14576.000 
-12435  
-1  22  30          -28.953         12          12.035         64          64.003          38.004         -38.688      -68215.000      -67196.000      -47822.000       78428.000      112419.000       46592.000       37083.000      -94807.000 
-12435  
-1  12  31          -29.580          4           4.348         64          64.008          33.407         -48.595       20523.000      -14818.000      -21440.000       -7855.000       -8021.000       41990.000       34239.000       14437.000 
-12435  
-1  22  32          -28.870         12          12.035         64          64.005          38.188         -38.679      -65771.000      -70601.000      -51532.000       74840.000      110746.000       52860.000       42597.000      -91809.000 
-12435  
-1  12  33          -29.337          4           4.352         64          64.005          33.333         -48.589       19667.000      -15444.000      -22029.000       -7365.000       -6300.000       41903.000       35079.000       13605.000 
-12435  
-1  22  34          -28.967         12          12.035         64          64.001          37.844         -38.702      -69218.000      -65900.000      -45427.000       79588.000      113544.000       43567.000       34802.000      -95397.000 
-12435  
-1  12  35          -29.550          4           4.349         64          64.003          33.240         -48.607       19913.000      -14291.000      -21288.000       -8024.000       -7351.000       42211.000       34638.000       14292.000 
-12435  
-1  22  36          -28.920         12          12.033         64          63.997          37.907         -38.706      -62448.000      -72009.000      -52710.000       74719.000      108052.000       56030.000       44490.000      -91411.000 
-12435  
-1  12  37          -29.683          4           4.350         64          64.004          33.443         -48.574       20242.000      -15648.000      -21872.000       -7399.000       -7162.000       41696.000       35138.000       13383.000 
-12435  
-1  22  38          -28.953         12          12.039         64          63.998          37.891         -38.703      -55787.000      -78864.000      -59785.000       68749.000      102213.000       65253.000       53451.000      -86237.000 
-12435  
-1  12  39          -29.417          4           4.348         64          64.003          33.354         -48.552       20417.000      -15027.000      -21796.000       -7926.000       -7588.000       41400.000       35077.000       15191.000 
-12435  
-1  22  40          -28.893         12          12.034         64          64.002          38.046         -38.692      -58131.000      -74718.000      -56992.000       71042.000      106238.000       61160.000       50537.000      -88856.000 
-12435  
-1  12  41          -29.797          4           4.344         64          64.001          33.121         -48.558       20142.000      -14902.000      -22110.000       -6936.000       -6715.000       42021.000       35453.000       13216.000 
-12435  
-1  22  42          -28.933         12          12.033         64          63.999          38.087         -38.696      -56917.000      -77292.000      -59413.000       70147.000      102903.000       63889.000       52089.000      -87452.000 
-12435  
-1  12  43          -29.343          4           4.351         64          64.002          33.152         -48.624       19648.000      -15537.000      -21594.000       -7180.000       -6550.000       42185.000       34610.000       13249.000 
-12435  
-1  22  44          -28.893         12          12.037         64          64.001          38.065         -38.685      -64000.000      -71791.000      -51948.000       74993.000      109122.000       54903.000       44155.000      -91427.000 
-12435  
-1  12  45          -29.373          4           4.353         64          63.997          33.486         -48.640       19754.000      -14810.000      -21568.000       -7219.000       -7750.000       41679.000       34798.000       13795.000 
-12435  
-1  22  46          -28.860         12          12.033         64          64.003          37.990         -38.705      -57725.000      -76341.000      -57728.000       69674.000      104324.000       63582.000       52076.000      -87336.000 
-12435  
-1  12  47          -29.363          4           4.352         64          64.006          33.291         -48.532       20325.000      -14265.000      -21560.000       -8004.000       -8427.000       42361.000       34630.000       14961.000 
-12435  
-1  22  48          -28.953         12          12.035         64          64.001          37.984         -38.642      -62316.000      -72963.000      -53195.000       74420.000      109363.000       55746.000       45726.000      -92177.000 
-12435  
-1  12  49          -29.060          4           4.348         64          63.997          33.358         -48.493       19914.000      -15140.000      -22564.000       -7843.000       -8165.000       42256.000       34721.000       14827.000 
-12435  
-1  22  50          -28.967         12          12.032         64          64.000          38.109         -38.670      -57718.000      -77871.000      -59445.000       69730.000      104492.000       62150.000       51438.000      -87945.000 
-12435  
-1  12  51          -29.717          4           4.347         64          64.002          33.512         -48.594       19954.000      -14868.000      -21591.000       -7452.000       -6746.000       42092.000       35086.000       13477.000 
-12435  
-1  22  52          -28.933         12          12.035         64          64.001          37.913         -38.715      -64493.000      -70915.000      -51955.000       75561.000      109523.000       52155.000       42628.000      -91570.000 
-12435  
-1  12  53          -29.360          4           4.352         64          63.997          33.290         -48.564       20200.000      -14651.000      -21923.000       -7828.000       -8022.000       41789.000       34836.000       14591.000 
-12435  
-1  22  54          -28.910         12          12.032         64          63.999          37.886         -38.704      -63756.000      -71386.000      -52255.000       75125.000      109220.000       53802.000       43828.000      -91337.000 
-12435  
-1  12  55          -29.723          4           4.348         64          64.005          33.522         -48.528       20462.000      -15452.000      -22093.000       -7208.000       -7314.000       42047.000       35171.000       13483.000 
-12435  
-1  22  56          -28.923         12          12.035         64          64.002          37.890         -38.670      -66415.000      -69709.000      -49699.000       76976.000      111301.000       50342.000       40998.000      -93197.000 
-12435  
-1  12  57          -29.643          4           4.344         64          63.993          33.401         -48.551       20789.000      -14500.000      -22079.000       -7521.000       -8134.000       41555.000       34805.000       14973.000 
-12435  
-1  22  58          -28.900         12          12.034         64          64.003          37.929         -38.710      -62904.000      -71953.000      -53842.000       73884.000      107979.000       55588.000       45178.000      -91005.000 
-12435  
-1  12  59          -29.267          4           4.347         64          64.010          33.428         -48.585       19118.000      -15896.000      -22062.000       -6818.000       -5591.000       41668.000       35857.000       13244.000 
-12435  
-1  22  60          -28.847         12          12.034         64          64.002          38.058         -38.685      -63077.000      -72587.000      -53911.000       74565.000      107954.000       55992.000       45996.000      -90502.000 
-12435  
-1  12  61          -29.287          4           4.355         64          64.009          33.452         -48.548       19975.000      -14552.000      -22102.000       -7416.000       -7871.000       41798.000       35245.000       14561.000 
-12435  
-1  22  62          -28.893         12          12.033         64          64.002          38.121         -38.666      -62450.000      -72373.000      -54081.000       73588.000      108332.000       57271.000       45943.000      -91585.000 
-12435  
-1  12  63          -29.093          4           4.349         64          64.008          33.244         -48.614       19542.000      -15673.000      -22331.000       -6706.000       -6861.000       41837.000       34549.000       13744.000 
-12435  
-1  22  64          -28.880         12          12.035         64          64.003          37.980         -38.675      -63902.000      -71544.000      -52392.000       75143.000      109428.000       54253.000       44660.000      -91645.000 
-12435  
-1  12  65          -29.113          4           4.346         64          63.992          33.540         -48.575       19501.000      -15339.000      -22445.000       -7507.000       -7434.000       41925.000       34874.000       13617.000 
-12435  
-1  22  66          -28.940         12          12.035         64          63.999          37.907         -38.685      -64112.000      -70638.000      -51435.000       75548.000      109545.000       52889.000       43237.000      -93193.000 
-12435  
-1  12  67          -29.587          4           4.352         64          64.001          33.231         -48.586       20121.000      -14660.000      -21776.000       -7721.000       -7604.000       42471.000       34350.000       13559.000 
-12435  
-1  22  68          -28.953         12          12.035         64          64.006          38.093         -38.681      -58232.000      -75312.000      -57603.000       70760.000      106099.000       61638.000       49338.000      -89245.000 
-12435  
-1  12  69          -29.090          4           4.349         64          63.994          33.599         -48.509       19876.000      -15247.000      -22037.000       -7934.000       -8330.000       42459.000       34624.000       14519.000 
-12435  
-1  22  70          -28.940         12          12.035         64          64.004          38.066         -38.705      -64054.000      -72178.000      -51952.000       74106.000      108375.000       54388.000       44319.000      -91849.000 
-12435  
-1  12  71          -29.550          4           4.347         64          64.001          33.529         -48.528       20282.000      -15256.000      -22113.000       -8170.000       -7217.000       41657.000       35305.000       14285.000 
-12435  
-1  22  72          -28.863         12          12.033         64          64.004          38.237         -38.691      -59096.000      -75363.000      -57908.000       70160.000      105219.000       62271.000       50452.000      -88345.000 
-12435  
-1  12  73          -29.700          4           4.351         64          64.003          33.506         -48.617       20209.000      -13943.000      -21739.000       -7747.000       -7708.000       41809.000       34626.000       14362.000 
-12435  
-1  22  74          -28.917         12          12.033         64          64.001          38.062         -38.675      -57414.000      -77018.000      -58837.000       69667.000      104097.000       63710.000       52452.000      -87815.000 
-12435  
-1  12  75          -29.097          4           4.349         64          63.999          33.431         -48.560       19523.000      -15466.000      -22697.000       -7256.000       -7032.000       41740.000       35074.000       14000.000 
-12435  
-1  22  76          -28.943         12          12.031         64          64.000          38.036         -38.712      -56880.000      -76577.000      -57467.000       69336.000      103853.000       63845.000       51783.000      -88233.000 
-12435  
-1  12  77          -29.360          4           4.347         64          64.006          33.291         -48.520       20004.000      -15465.000      -22218.000       -7638.000       -7225.000       42208.000       35160.000       13614.000 
-12435  
-1  22  78          -28.903         12          12.039         64          63.998          38.206         -38.694      -63356.000      -72296.000      -53450.000       74789.000      107969.000       55494.000       44753.000      -91017.000 
-12435  
-1  12  79          -29.280          4           4.352         64          63.993          33.313         -48.527       19979.000      -15722.000      -22140.000       -7455.000       -7146.000       42051.000       35157.000       13843.000 
-12435  
-1  22  80          -28.957         12          12.034         64          63.998          37.981         -38.695      -71709.000      -63713.000      -42957.000       80903.000      114960.000       40194.000       32013.000      -96248.000 
-12435  
-1  12  81          -29.527          4           4.343         64          64.005          33.280         -48.561       20343.000      -15022.000      -21754.000       -7779.000       -7777.000       42122.000       34614.000       14078.000 
-12435  
-1  22  82          -28.937         12          12.034         64          64.006          38.112         -38.654      -67448.000      -68909.000      -49625.000       77100.000      112071.000       48679.000       39922.000      -94272.000 
-12435  
-1  12  83          -29.520          4           4.344         64          64.002          33.323         -48.604       20429.000      -14621.000      -21788.000       -7609.000       -7674.000       41636.000       34489.000       14690.000 
-12435  
-1  22  84          -28.883         12          12.033         64          64.000          37.976         -38.689      -58399.000      -76039.000      -58292.000       70097.000      104362.000       63059.000       51222.000      -88151.000 
-12435  
-1  12  85          -29.333          4           4.349         64          63.999          33.390         -48.581       20188.000      -15317.000      -22180.000       -7244.000       -7421.000       41684.000       34760.000       14019.000 
-12435  
-1  22  86          -28.877         12          12.036         64          63.999          37.731         -38.705      -54815.000      -78641.000      -60829.000       67874.000      100893.000       67153.000       55590.000      -85615.000 
-12435  
-1  12  87          -29.153          4           4.350         64          63.996          33.292         -48.581       19315.000      -15831.000      -21878.000       -6825.000       -6920.000       42170.000       35127.000       13230.000 
-12435  
-1  22  88          -28.870         12          12.040         64          64.005          37.989         -38.689      -62185.000      -72899.000      -54484.000       73873.000      107319.000       56505.000       47191.000      -90690.000 
-12435  
-1  12  89          -29.417          4           4.351         64          63.990          33.246         -48.561       19456.000      -15811.000      -22057.000       -6587.000       -5991.000       42145.000       35647.000       12762.000 
-12435  
-1  22  90          -28.923         12          12.035         64          64.002          37.955         -38.727      -65326.000      -70133.000      -51018.000       75057.000      109497.000       52187.000       41872.000      -92205.000 
-12435  
-1  12  91          -29.177          4           4.353         64          63.999          33.539         -48.610       20164.000      -14892.000      -21471.000       -8009.000       -8274.000       42017.000       33882.000       14835.000 
-12435  
-1  22  92          -28.860         12          12.034         64          64.004          37.999         -38.674      -58695.000      -76197.000      -57642.000       70487.000      105640.000       62294.000       51355.000      -87699.000 
-12435  
-1  12  93          -29.773          4           4.350         64          64.002          33.185         -48.601       20043.000      -14821.000      -21870.000       -6735.000       -6230.000       41769.000       35407.000       13495.000 
-12435  
-1  22  94          -28.940         12          12.034         64          64.001          37.853         -38.677      -71834.000      -63377.000      -43186.000       80932.000      115160.000       40249.000       32352.000      -96770.000 
-12435  
-1  12  95          -29.733          4           4.340         64          63.998          33.337         -48.641       20132.000      -15176.000      -21700.000       -7552.000       -6736.000       41626.000       34688.000       13374.000 
-12435  
-1  22  96          -28.913         12          12.031         64          64.004          37.956         -38.724      -64571.000      -70256.000      -50144.000       75378.000      109574.000       53012.000       42313.000      -92247.000 
-12435  
-1  12  97          -29.240          4           4.345         64          63.997          33.609         -48.560       19704.000      -15133.000      -22704.000       -6751.000       -6751.000       42107.000       35118.000       13228.000 
-12435  
-1  22  98          -28.853         12          12.036         64          64.004          37.987         -38.683      -63604.000      -71811.000      -52824.000       74670.000      109017.000       55251.000       44990.000      -91100.000 
-12435  
-1  12  99          -29.447          4           4.341         64          63.998          33.615         -48.584       20530.000      -14807.000      -21568.000       -7706.000       -7815.000       42019.000       34237.000       14740.000 
-12435  
