-1  22  1           42.727         12          11.919         64          63.977          22.355         -54.296        7047.000        7874.000      -20316.000       -2226.000       13254.000      -13590.000       -7585.000       15128.000 
-12435  
-1  12  2           46.193          4           4.280         64          63.992          31.084         -50.871        6745.000       19224.000      -21957.000       -9096.000       25508.000       -4854.000      -19506.000       23521.000 
-12435  
-1  22  3           42.630         12          11.907         64          64.014          22.732         -54.327        4929.000        9400.000      -19612.000       -5721.000       14687.000      -11479.000      -10463.000       13445.000 
-12435  
-1  12  4           46.030          4           4.288         64          63.989          31.078         -50.806        4615.000       20046.000      -21131.000      -11541.000       26146.000       -2827.000      -21778.000       21394.000 
-12435  
-1  22  5           43.377         12          11.934         64          63.999          22.472         -54.249        5761.000        9700.000      -20444.000       -3412.000       13175.000      -12452.000       -9892.000       14336.000 
-12435  
-1  12  6           45.860          4           4.284         64          64.007          31.013         -50.827        4453.000       19547.000      -21447.000      -11137.000       26426.000       -2568.000      -21443.000       21524.000 
-12435  
-1  22  7           40.870         12          11.898         64          64.018          22.250         -54.534        5073.000        8826.000      -19281.000       -4757.000       14318.000      -12575.000       -7787.000       13834.000 
-12435  
-1  12  8           45.817          4           4.292         64          64.005          31.048         -50.807        5320.000       19103.000      -21794.000      -11049.000       26046.000       -3972.000      -20902.000       22460.000 
-12435  
-1  22  9           42.190         12          11.925         64          64.012          22.499         -54.505        5633.000        9242.000      -19374.000       -3108.000       13444.000      -13310.000       -8401.000       13791.000 
-12435  
-1  12  10           45.987          4           4.289         64          64.008          31.564         -50.735        6907.000       19167.000      -22786.000       -8735.000       25401.000       -6246.000      -19237.000       24601.000 
-12435  
-1  22  11           43.153         12          11.945         64          64.007          22.615         -54.355        8187.000        7812.000      -19893.000       -1069.000       10949.000      -14888.000       -6217.000       15965.000 
-12435  
-1  12  12           46.050          4           4.290         64          63.996          31.222         -50.779        6702.000       19721.000      -22446.000       -9666.000       25436.000       -5110.000      -19549.000       23595.000 
-12435  
-1  22  13           43.810         12          11.920         64          64.007          22.565         -54.374        6126.000        9358.000      -19405.000       -4042.000       13761.000      -12005.000       -9880.000       14347.000 
-12435  
-1  12  14           46.003          4           4.291         64          63.995          31.306         -50.758        6083.000       19427.000      -21761.000      -10535.000       26360.000       -4290.000      -20571.000       22817.000 
-12435  
-1  22  15           41.147         12          11.913         64          63.976          22.560         -54.371        4570.000        8540.000      -19469.000       -5871.000       14413.000      -12588.000       -9276.000       14008.000 
-12435  
-1  12  16           45.847          4           4.280         64          64.000          31.093         -50.854        4715.000       19098.000      -21479.000      -11193.000       26092.000       -2521.000      -21361.000       21925.000 
-12435  
-1  22  17           41.360         12          11.902         64          63.997          22.569         -54.258        5976.000        8226.000      -19888.000       -2770.000       12834.000      -14641.000       -6826.000       15942.000 
-12435  
-1  12  18           45.750          4           4.285         64          64.000          31.113         -50.755        4557.000       19737.000      -21713.000      -11324.000       26075.000       -3153.000      -21409.000       22348.000 
-12435  
-1  22  19           42.693         12          11.921         64          64.012          22.545         -54.372        5608.000        8759.000      -19711.000       -4376.000       13579.000      -12484.000       -9340.000       14566.000 
-12435  
-1  12  20           45.950          4           4.284         64          64.009          31.194         -50.772        5424.000       19942.000      -21697.000      -10684.000       26101.000       -4165.000      -20770.000       22481.000 
-12435  
-1  22  21           42.857         12          11.917         64          63.996          22.420         -54.350        5823.000        8605.000      -19930.000       -3978.000       15159.000      -11563.000       -9438.000       13708.000 
-12435  
-1  12  22           45.967          4           4.286         64          63.998          30.906         -50.856        5868.000       19728.000      -21340.000      -11000.000       25824.000       -3812.000      -20319.000       22407.000 
-12435  
-1  22  23           41.877         12          11.913         64          64.011          22.372         -54.322        5762.000        8777.000      -19678.000       -5063.000       14830.000      -12493.000       -8904.000       13803.000 
-12435  
-1  12  24           46.133          4           4.282         64          64.012          31.153         -50.827        5984.000       19932.000      -22152.000       -9623.000       25738.000       -3572.000      -19973.000       22885.000 
-12435  
-1  22  25           42.577         12          11.895         64          63.995          22.215         -54.351        5923.000        9146.000      -19538.000       -4679.000       14046.000      -12403.000       -9062.000       14336.000 
-12435  
-1  12  26           46.003          4           4.280         64          64.006          31.103         -50.776        5875.000       19595.000      -21665.000      -10190.000       26196.000       -3931.000      -20446.000       23101.000 
-12435  
-1  22  27           42.873         12          11.924         64          64.012          22.470         -54.297        5688.000        8787.000      -20182.000       -3000.000       12979.000      -13451.000       -9313.000       14623.000 
-12435  
-1  12  28           46.063          4           4.286         64          63.998          31.386         -50.921        4920.000       19629.000      -21215.000      -10868.000       25481.000       -3189.000      -21150.000       21758.000 
-12435  
-1  22  29           42.560         12          11.903         64          64.013          22.266         -54.461        6123.000        8258.000      -20109.000       -3554.000       12588.000      -13118.000       -8654.000       14282.000 
-12435  
-1  12  30           46.160          4           4.288         64          64.004          31.328         -50.716        5275.000       19359.000      -21928.000      -11039.000       26515.000       -3223.000      -21998.000       21883.000 
-12435  
-1  22  31           42.927         12          11.922         64          64.013          22.454         -54.460        5663.000        8324.000      -20014.000       -3395.000       12966.000      -12659.000       -9293.000       14288.000 
-12435  
-1  12  32           45.930          4           4.284         64          64.002          31.034         -50.825        5412.000       19740.000      -22386.000      -10576.000       25725.000       -3809.000      -20479.000       22085.000 
-12435  
-1  22  33           42.347         12          11.910         64          63.984          22.456         -54.363        6546.000        9531.000      -20068.000       -3393.000       13598.000      -12275.000       -7591.000       14722.000 
-12435  
-1  12  34           45.957          4           4.290         64          64.005          31.183         -50.776        6321.000       19188.000      -22289.000       -9704.000       25883.000       -5338.000      -19952.000       23442.000 
-12435  
-1  22  35           42.857         12          11.913         64          64.014          22.579         -54.316        5129.000        9125.000      -19458.000       -4900.000       15049.000      -12188.000      -10522.000       13144.000 
-12435  
-1  12  36           46.083          4           4.285         64          63.998          31.374         -50.798        5494.000       20146.000      -21750.000      -10725.000       25803.000       -3883.000      -20863.000       22162.000 
-12435  
-1  22  37           42.950         12          11.900         64          63.996          22.488         -54.293        6705.000        8470.000      -20333.000       -2440.000       12609.000      -13492.000       -8098.000       15301.000 
-12435  
-1  12  38           45.953          4           4.281         64          63.992          31.209         -50.825        5188.000       19600.000      -21512.000      -10814.000       25762.000       -3791.000      -21011.000       22469.000 
-12435  
-1  22  39           41.713         12          11.930         64          63.994          22.446         -54.298        4409.000        9054.000      -19445.000       -5645.000       14640.000      -12485.000       -9948.000       13961.000 
-12435  
-1  12  40           46.037          4           4.284         64          64.009          31.452         -50.795        5869.000       19752.000      -21818.000      -10017.000       26037.000       -4275.000      -20341.000       22860.000 
-12435  
-1  22  41           42.800         12          11.924         64          63.976          22.369         -54.359        6550.000        9025.000      -19065.000       -4172.000       13952.000      -13195.000       -8565.000       14547.000 
-12435  
-1  12  42           45.927          4           4.289         64          64.008          31.328         -50.813        5772.000       20184.000      -21711.000      -10357.000       25804.000       -3534.000      -19931.000       22971.000 
-12435  
-1  22  43           43.127         12          11.914         64          64.006          22.362         -54.475        5715.000        9220.000      -19219.000       -5483.000       14875.000      -11277.000      -10211.000       12602.000 
-12435  
-1  12  44           45.847          4           4.279         64          64.008          31.077         -50.792        5551.000       19426.000      -21800.000      -10828.000       25724.000       -3881.000      -20590.000       23096.000 
-12435  
-1  22  45           42.927         12          11.910         64          64.014          22.500         -54.252        6901.000        9011.000      -20356.000       -2223.000       12713.000      -13329.000       -7701.000       15531.000 
-12435  
-1  12  46           45.860          4           4.286         64          63.995          31.129         -50.963        5651.000       19272.000      -21634.000       -9938.000       25177.000       -4539.000      -19688.000       22830.000 
-12435  
-1  22  47           43.013         12          11.928         64          63.999          22.549         -54.202        5931.000        8262.000      -20091.000       -3763.000       13308.000      -13708.000       -9707.000       14872.000 
-12435  
-1  12  48           46.103          4           4.290         64          64.005          31.266         -50.755        6182.000       20141.000      -22076.000      -10233.000       26009.000       -3584.000      -20160.000       22935.000 
-12435  
-1  22  49           42.510         12          11.914         64          63.999          22.300         -54.312        5439.000        9382.000      -19848.000       -5335.000       14600.000      -11450.000       -9681.000       13919.000 
-12435  
-1  12  50           46.403          4           4.284         64          64.002          31.271         -50.751        5622.000       20263.000      -21790.000      -10965.000       25717.000       -3384.000      -21570.000       22025.000 
-12435  
-1  22  51           43.090         12          11.907         64          64.019          22.152         -54.462        6424.000        8839.000      -19838.000       -3432.000       12222.000      -12855.000       -8555.000       14811.000 
-12435  
-1  12  52           46.150          4           4.287         64          64.004          31.128         -50.879        5829.000       19622.000      -21335.000      -10206.000       25962.000       -3973.000      -20519.000       22213.000 
-12435  
-1  22  53           43.670         12          11.900         64          63.993          22.344         -54.427        5140.000        8917.000      -19167.000       -5774.000       14602.000      -10686.000      -11204.000       13472.000 
-12435  
-1  12  54           46.237          4           4.286         64          64.004          31.297         -50.736        5921.000       19782.000      -21670.000      -10659.000       25618.000       -3989.000      -21271.000       23131.000 
-12435  
-1  22  55           43.083         12          11.923         64          63.996          22.430         -54.340        6139.000        9142.000      -19167.000       -5811.000       14998.000      -11754.000      -10037.000       13336.000 
-12435  
-1  12  56           46.010          4           4.278         64          63.996          31.283         -50.759        6470.000       19183.000      -22273.000       -9710.000       26117.000       -4677.000      -19963.000       23508.000 
-12435  
-1  22  57           42.943         12          11.902         64          63.995          22.124         -54.461        6024.000        8440.000      -19804.000       -3592.000       12732.000      -13029.000       -9064.000       14332.000 
-12435  
-1  12  58           45.840          4           4.289         64          63.993          31.335         -50.714        6594.000       19627.000      -22256.000       -9452.000       26448.000       -4980.000      -19270.000       23951.000 
-12435  
-1  22  59           42.697         12          11.899         64          64.005          22.353         -54.368        5505.000        8746.000      -19551.000       -4922.000       15111.000      -11592.000       -9833.000       13561.000 
-12435  
-1  12  60           45.750          4           4.281         64          64.006          31.324         -50.787        5953.000       19650.000      -22017.000      -10314.000       26131.000       -4734.000      -19727.000       23039.000 
-12435  
-1  22  61           42.360         12          11.946         64          64.012          22.532         -54.165        5714.000        9557.000      -19669.000       -5734.000       14313.000      -12940.000       -9774.000       14153.000 
-12435  
-1  12  62           45.830          4           4.287         64          64.005          31.109         -50.813        5907.000       19718.000      -21535.000      -10408.000       26053.000       -3793.000      -19841.000       23229.000 
-12435  
-1  22  63           42.507         12          11.917         64          63.988          22.301         -54.557        5598.000        9442.000      -18759.000       -5577.000       14151.000      -11686.000       -9259.000       13465.000 
-12435  
-1  12  64           45.940          4           4.288         64          63.985          31.200         -50.887        5330.000       19533.000      -21905.000      -10577.000       25624.000       -3235.000      -20449.000       22167.000 
-12435  
-1  22  65           43.813         12          11.914         64          64.010          22.333         -54.521        7280.000        9411.000      -19330.000       -2968.000       12895.000      -12367.000       -8321.000       14285.000 
-12435  
-1  12  66           46.117          4           4.286         64          64.005          31.126         -50.814        5989.000       19523.000      -21738.000      -10451.000       25551.000       -4276.000      -20692.000       22882.000 
-12435  
-1  22  67           43.247         12          11.902         64          64.015          22.515         -54.249        5782.000        9406.000      -19607.000       -5583.000       14445.000      -11535.000      -10305.000       14261.000 
-12435  
-1  12  68           46.013          4           4.284         64          64.002          31.198         -50.778        5998.000       19819.000      -21682.000      -10299.000       25999.000       -3828.000      -20267.000       23185.000 
-12435  
-1  22  69           42.003         12          11.914         64          63.990          22.784         -54.316        5369.000        8804.000      -19650.000       -5388.000       15116.000      -11479.000       -9176.000       14309.000 
-12435  
-1  12  70           45.923          4           4.290         64          63.990          31.266         -50.809        5153.000       19549.000      -21593.000      -10876.000       26025.000       -3929.000      -21055.000       22254.000 
-12435  
-1  22  71           43.063         12          11.922         64          63.995          22.426         -54.251        5831.000        9727.000      -18812.000       -5071.000       15288.000      -12030.000       -9770.000       14354.000 
-12435  
-1  12  72           45.973          4           4.292         64          63.992          31.083         -50.802        4910.000       20307.000      -21189.000      -11349.000       26132.000       -3275.000      -21212.000       21712.000 
-12435  
-1  22  73           42.690         12          11.929         64          63.994          22.111         -54.509        5932.000        7630.000      -19444.000       -3681.000       13145.000      -12793.000       -8611.000       14973.000 
-12435  
-1  12  74           45.650          4           4.281         64          63.990          31.111         -50.712        4629.000       19976.000      -21866.000      -11513.000       26247.000       -3255.000      -21256.000       22403.000 
-12435  
-1  22  75           43.027         12          11.911         64          63.987          22.677         -54.180        6926.000        9351.000      -19499.000       -3382.000       14293.000      -13451.000       -8406.000       14997.000 
-12435  
-1  12  76           46.100          4           4.287         64          63.989          31.310         -50.861        5226.000       19613.000      -21523.000      -10691.000       25738.000       -3417.000      -21129.000       21987.000 
-12435  
-1  22  77           42.140         12          11.932         64          63.998          22.505         -54.387        5557.000        9732.000      -19404.000       -5625.000       15164.000      -11014.000       -9036.000       13597.000 
-12435  
-1  12  78           46.067          4           4.281         64          63.988          31.406         -50.689        6802.000       19837.000      -22449.000      -10058.000       26046.000       -5342.000      -20008.000       23368.000 
-12435  
-1  22  79           43.077         12          11.911         64          64.004          22.262         -54.406        5687.000        9924.000      -18960.000       -4942.000       14050.000      -12417.000       -9860.000       13528.000 
-12435  
-1  12  80           45.857          4           4.280         64          64.010          31.152         -50.803        5797.000       19857.000      -22247.000       -9868.000       26159.000       -3993.000      -19728.000       22779.000 
-12435  
-1  22  81           43.450         12          11.916         64          63.996          22.579         -54.222        7940.000        7628.000      -20051.000       -1383.000       12637.000      -14105.000       -6949.000       16250.000 
-12435  
-1  12  82           46.013          4           4.281         64          63.985          31.078         -50.843        5885.000       19456.000      -21378.000       -9939.000       26082.000       -4569.000      -20265.000       22887.000 
-12435  
-1  22  83           43.213         12          11.922         64          63.996          22.219         -54.529        6036.000        8789.000      -19317.000       -4003.000       13576.000      -11860.000       -9108.000       14276.000 
-12435  
-1  12  84           45.770          4           4.281         64          63.998          31.401         -50.787        5977.000       19107.000      -21967.000       -9914.000       26539.000       -4391.000      -19843.000       23216.000 
-12435  
-1  22  85           42.267         12          11.921         64          64.008          22.488         -54.358        6196.000        8623.000      -19880.000       -2789.000       12885.000      -13611.000       -7708.000       15263.000 
-12435  
-1  12  86           46.080          4           4.281         64          64.001          31.278         -50.810        5967.000       19291.000      -21984.000      -10399.000       26003.000       -3857.000      -20632.000       22549.000 
-12435  
-1  22  87           44.083         12          11.943         64          64.006          22.464         -54.218        6786.000        9271.000      -20225.000       -3500.000       13068.000      -12733.000       -9852.000       14631.000 
-12435  
-1  12  88           45.980          4           4.299         64          63.999          30.993         -50.908        5592.000       19497.000      -21925.000      -10050.000       25416.000       -3993.000      -20111.000       22494.000 
-12435  
-1  22  89           42.620         12          11.933         64          63.998          22.865         -54.070        5556.000        9768.000      -20077.000       -5812.000       14496.000      -12520.000      -10295.000       14238.000 
-12435  
-1  12  90           46.003          4           4.286         64          64.005          31.126         -50.792        5567.000       20116.000      -21551.000      -10385.000       26112.000       -3935.000      -20500.000       22577.000 
-12435  
-1  22  91           42.980         12          11.898         64          64.015          22.087         -54.607        5199.000        9168.000      -18882.000       -4855.000       12992.000      -11749.000       -9580.000       14318.000 
-12435  
-1  12  92           45.840          4           4.289         64          64.004          31.270         -50.821        5565.000       19742.000      -21737.000      -10493.000       25908.000       -4120.000      -20182.000       22776.000 
-12435  
-1  22  93           42.427         12          11.900         64          63.994          22.662         -54.334        5037.000        8848.000      -19945.000       -4612.000       13732.000      -12487.000       -9827.000       14212.000 
-12435  
-1  12  94           46.137          4           4.281         64          64.010          31.187         -50.775        6359.000       19501.000      -21864.000      -10381.000       25963.000       -3455.000      -20391.000       23172.000 
-12435  
-1  22  95           43.110         12          11.913         64          63.997          22.488         -54.441        5382.000       10045.000      -19230.000       -4620.000       14257.000      -11212.000       -9685.000       13912.000 
-12435  
-1  12  96           45.840          4           4.286         64          64.004          31.280         -50.863        5912.000       19489.000      -21703.000      -10399.000       25958.000       -3815.000      -19772.000       22791.000 
-12435  
-1  22  97           42.977         12          11.928         64          63.999          22.623         -54.308        6704.000        9217.000      -19534.000       -3233.000       14153.000      -12541.000       -8115.000       15081.000 
-12435  
-1  12  98           45.933          4           4.284         64          63.990          30.964         -50.826        6110.000       19577.000      -21760.000       -9847.000       25979.000       -4352.000      -19738.000       23245.000 
-12435  
-1  22  99           44.277         12          11.920         64          63.985          22.606         -54.221        6208.000        8626.000      -19014.000       -5172.000       15302.000      -11873.000      -11191.000       13956.000 
-12435  
