-1  12  1          -39.270          4           4.155         64          63.989          26.470         -55.605       -7087.000      -10611.000        5387.000       16794.000       14314.000      -11341.000       -7043.000        3597.000 
-12435  
-1  22  2          -37.067         12          12.231         64          63.999          25.681         -51.176       20392.000      -15307.000      -26057.000       -1851.000       16309.000       23795.000        8143.000      -13457.000 
-12435  
-1  12  3          -38.963          4           4.156         64          63.998          26.609         -55.477       -6089.000      -11999.000        3763.000       17334.000       15397.000      -10555.000       -6989.000        1756.000 
-12435  
-1  22  4          -36.727         12          12.235         64          63.995          25.332         -51.437       20453.000      -11373.000      -25301.000       -6340.000       12129.000       25420.000       10199.000      -12080.000 
-12435  
-1  12  5          -39.217          4           4.136         64          63.997          26.254         -55.669       -5454.000      -11856.000        3311.000       16834.000       15765.000       -9650.000       -6791.000        2196.000 
-12435  
-1  22  6          -37.250         12          12.226         64          64.013          25.284         -51.412       18707.000      -15363.000      -26068.000        -647.000       17400.000       21369.000        7206.000      -14399.000 
-12435  
-1  12  7          -38.777          4           4.159         64          64.028          26.513         -55.548       -7945.000      -10412.000        5888.000       16873.000       13952.000      -11702.000       -6939.000        3288.000 
-12435  
-1  22  8          -37.060         12          12.236         64          64.003          25.509         -51.204       17847.000      -17717.000      -26499.000        1006.000       17687.000       21758.000        6343.000      -15315.000 
-12435  
-1  12  9          -39.057          4           4.149         64          64.016          26.216         -55.605       -7997.000      -10153.000        6348.000       16850.000       13420.000      -11723.000       -6796.000        3865.000 
-12435  
-1  22  10          -36.823         12          12.228         64          63.990          25.428         -51.441       18652.000      -15508.000      -26007.000       -1739.000       15923.000       22342.000        8211.000      -13467.000 
-12435  
-1  12  11          -39.123          4           4.153         64          63.999          26.426         -55.428       -6710.000      -11105.000        4770.000       17757.000       14686.000      -10904.000       -7516.000        2942.000 
-12435  
-1  22  12          -37.130         12          12.237         64          64.004          25.303         -51.401       17614.000      -17386.000      -25664.000         523.000       17752.000       20954.000        6273.000      -15005.000 
-12435  
-1  12  13          -39.190          4           4.162         64          63.995          26.264         -55.636       -5812.000      -11983.000        3190.000       17006.000       15694.000       -9274.000       -7148.000        1905.000 
-12435  
-1  22  14          -36.970         12          12.249         64          64.008          25.497         -51.313       19244.000      -14631.000      -26873.000       -1719.000       15627.000       22971.000        7935.000      -13881.000 
-12435  
-1  12  15          -39.137          4           4.164         64          64.003          26.560         -55.562       -6390.000      -10995.000        4677.000       17372.000       14901.000      -10554.000       -6992.000        3307.000 
-12435  
-1  22  16          -37.173         12          12.224         64          64.003          25.572         -51.302       19066.000      -16124.000      -26218.000        -669.000       16631.000       21800.000        7805.000      -14793.000 
-12435  
-1  12  17          -38.853          4           4.158         64          64.003          26.353         -55.563       -7503.000      -10719.000        5527.000       17495.000       13718.000      -11204.000       -6892.000        3055.000 
-12435  
-1  22  18          -37.177         12          12.244         64          63.997          25.284         -51.342       19413.000      -15192.000      -26567.000       -2574.000       15675.000       21958.000        7970.000      -14493.000 
-12435  
-1  12  19          -39.213          4           4.138         64          64.013          26.531         -55.583       -6807.000      -11317.000        5418.000       16841.000       14661.000      -10940.000       -6568.000        3025.000 
-12435  
-1  22  20          -37.470         12          12.235         64          64.012          25.542         -51.391       20316.000      -14389.000      -25594.000       -2737.000       15997.000       22413.000        8244.000      -13674.000 
-12435  
-1  12  21          -39.093          4           4.138         64          64.001          26.176         -55.495       -6626.000      -11025.000        5017.000       17128.000       14654.000      -11593.000       -7085.000        2977.000 
-12435  
-1  22  22          -37.107         12          12.238         64          64.014          25.122         -51.356       18703.000      -15508.000      -26698.000        -680.000       17302.000       21286.000        7468.000      -14225.000 
-12435  
-1  12  23          -39.917          4           4.146         64          64.010          26.338         -55.580       -6424.000      -11669.000        5047.000       17129.000       14506.000      -10465.000       -6940.000        3241.000 
-12435  
-1  22  24          -37.177         12          12.210         64          64.003          25.319         -51.345       20468.000      -13694.000      -26013.000       -3637.000       14285.000       23762.000        8441.000      -13556.000 
-12435  
-1  12  25          -38.787          4           4.153         64          63.997          26.264         -55.662       -7051.000      -11049.000        5197.000       16991.000       14053.000      -11340.000       -6037.000        2938.000 
-12435  
-1  22  26          -37.070         12          12.231         64          63.993          25.320         -51.341       17837.000      -16660.000      -26529.000        1235.000       17076.000       21499.000        6556.000      -14976.000 
-12435  
-1  12  27          -40.097          4           4.150         64          64.010          26.403         -55.585       -7074.000      -11281.000        5785.000       16881.000       13832.000      -11084.000       -7129.000        3631.000 
-12435  
-1  22  28          -37.123         12          12.227         64          64.017          25.439         -51.316       19763.000      -14402.000      -26165.000       -2014.000       15647.000       23181.000        8392.000      -14004.000 
-12435  
-1  12  29          -39.040          4           4.139         64          64.003          26.599         -55.533       -7204.000      -11348.000        5242.000       16856.000       14614.000      -11266.000       -6612.000        2822.000 
-12435  
-1  22  30          -37.073         12          12.231         64          63.989          25.296         -51.253       20573.000      -14767.000      -26050.000       -3219.000       15540.000       23020.000        9179.000      -13559.000 
-12435  
-1  12  31          -39.490          4           4.168         64          64.018          26.414         -55.583       -6432.000      -11338.000        3812.000       17103.000       15049.000      -10411.000       -7257.000        3156.000 
-12435  
-1  22  32          -37.187         12          12.225         64          64.013          25.398         -51.366       20151.000      -13970.000      -25445.000       -3722.000       14940.000       23560.000        8616.000      -13917.000 
-12435  
-1  12  33          -38.910          4           4.160         64          64.011          26.602         -55.616       -5687.000      -11127.000        3964.000       17776.000       14395.000      -10942.000       -6856.000        2444.000 
-12435  
-1  22  34          -36.730         12          12.233         64          64.001          25.328         -51.422       18166.000      -15203.000      -25618.000       -1800.000       16796.000       22914.000        8090.000      -13648.000 
-12435  
-1  12  35          -38.890          4           4.134         64          64.010          26.573         -55.542       -6266.000      -11383.000        4796.000       17396.000       15067.000      -10439.000       -6729.000        2638.000 
-12435  
-1  22  36          -37.210         12          12.242         64          63.999          25.542         -51.369       19050.000      -15369.000      -26169.000        -757.000       16382.000       21943.000        7748.000      -14583.000 
-12435  
-1  12  37          -39.273          4           4.165         64          64.017          26.336         -55.520       -7294.000      -11101.000        5077.000       17272.000       14211.000      -11142.000       -7098.000        3180.000 
-12435  
-1  22  38          -36.883         12          12.242         64          64.008          25.357         -51.354       18138.000      -16336.000      -26499.000        -665.000       17028.000       21587.000        7757.000      -14165.000 
-12435  
-1  12  39          -39.657          4           4.174         64          64.006          26.374         -55.677       -7514.000      -11013.000        6006.000       16099.000       13777.000      -11574.000       -7012.000        3125.000 
-12435  
-1  22  40          -36.973         12          12.220         64          64.012          25.305         -51.418       19737.000      -14623.000      -25739.000       -2338.000       14889.000       23579.000        7815.000      -13081.000 
-12435  
-1  12  41          -39.223          4           4.144         64          63.990          26.396         -55.575       -6909.000      -11214.000        5053.000       17087.000       14576.000      -10862.000       -6624.000        3272.000 
-12435  
-1  22  42          -37.383         12          12.225         64          64.006          25.431         -51.212       19658.000      -16019.000      -26360.000        -851.000       16145.000       22746.000        7242.000      -14938.000 
-12435  
-1  12  43          -39.153          4           4.153         64          63.999          26.584         -55.508       -6105.000      -11527.000        4823.000       16818.000       15787.000      -10370.000       -7026.000        2680.000 
-12435  
-1  22  44          -37.233         12          12.248         64          63.995          25.498         -51.264       19375.000      -16391.000      -26410.000        -383.000       17184.000       21452.000        7570.000      -14458.000 
-12435  
-1  12  45          -39.970          4           4.157         64          63.998          26.455         -55.626       -6179.000      -11648.000        4817.000       17218.000       14235.000      -10408.000       -7297.000        2835.000 
-12435  
-1  22  46          -37.260         12          12.239         64          64.018          25.459         -51.355       18197.000      -16176.000      -25799.000         -64.000       17316.000       21665.000        7036.000      -15423.000 
-12435  
-1  12  47          -39.130          4           4.142         64          63.997          26.578         -55.521       -6578.000      -11369.000        4729.000       17422.000       14626.000      -10815.000       -7140.000        2577.000 
-12435  
-1  22  48          -36.910         12          12.235         64          63.997          25.499         -51.226       19776.000      -15051.000      -26109.000       -2594.000       15914.000       23893.000        8486.000      -13508.000 
-12435  
-1  12  49          -38.950          4           4.141         64          63.994          26.667         -55.588       -7580.000      -10929.000        4910.000       16572.000       14774.000      -11233.000       -6425.000        3478.000 
-12435  
-1  22  50          -37.033         12          12.243         64          63.996          25.320         -51.348       20540.000      -13681.000      -25706.000       -3758.000       14495.000       23568.000        9728.000      -13212.000 
-12435  
-1  12  51          -39.590          4           4.143         64          63.993          26.707         -55.632       -6880.000      -11476.000        4361.000       16959.000       14349.000      -10909.000       -6554.000        3337.000 
-12435  
-1  22  52          -37.103         12          12.222         64          64.005          25.195         -51.433       19810.000      -14728.000      -25569.000       -2921.000       14895.000       22918.000        8249.000      -13672.000 
-12435  
-1  12  53          -39.110          4           4.139         64          64.013          26.364         -55.658       -6867.000      -11075.000        5153.000       16950.000       14323.000      -10799.000       -6754.000        2897.000 
-12435  
-1  22  54          -37.093         12          12.234         64          64.014          25.345         -51.354       18548.000      -16013.000      -25821.000         347.000       17691.000       21480.000        7848.000      -14554.000 
-12435  
-1  12  55          -39.657          4           4.145         64          64.005          26.518         -55.510       -6517.000      -11092.000        5158.000       16912.000       14687.000      -11412.000       -7281.000        3469.000 
-12435  
-1  22  56          -37.203         12          12.250         64          64.001          25.350         -51.434       19849.000      -13997.000      -25588.000       -2220.000       15318.000       23211.000        8061.000      -13602.000 
-12435  
-1  12  57          -39.007          4           4.150         64          64.005          26.334         -55.565       -6404.000      -11320.000        4422.000       17379.000       14727.000      -10943.000       -6453.000        3001.000 
-12435  
-1  22  58          -37.250         12          12.234         64          64.005          25.293         -51.309       19393.000      -16087.000      -26191.000       -2140.000       16436.000       22146.000        6900.000      -14343.000 
-12435  
-1  12  59          -39.060          4           4.152         64          64.012          26.647         -55.504       -6650.000      -11744.000        4667.000       17308.000       15087.000      -10239.000       -7021.000        2284.000 
-12435  
-1  22  60          -37.127         12          12.212         64          63.990          25.280         -51.290       19446.000      -15018.000      -26364.000       -1523.000       16223.000       22505.000        8385.000      -14442.000 
-12435  
-1  12  61          -39.237          4           4.174         64          63.995          26.405         -55.507       -6537.000      -11647.000        4625.000       16834.000       15375.000      -10577.000       -7265.000        2389.000 
-12435  
-1  22  62          -37.010         12          12.224         64          63.992          25.444         -51.269       18574.000      -16308.000      -26945.000         560.000       17469.000       21666.000        7016.000      -14147.000 
-12435  
-1  12  63          -39.610          4           4.136         64          64.000          26.415         -55.682       -7022.000      -10909.000        5526.000       16492.000       14242.000      -10858.000       -7216.000        3307.000 
-12435  
-1  22  64          -37.223         12          12.230         64          63.993          25.184         -51.373       18586.000      -16226.000      -26134.000        -364.000       16819.000       21246.000        7379.000      -14994.000 
-12435  
-1  12  65          -39.237          4           4.141         64          64.001          26.335         -55.585       -6735.000      -11100.000        4609.000       17193.000       14392.000      -11167.000       -6839.000        3170.000 
-12435  
-1  22  66          -37.060         12          12.230         64          63.994          25.125         -51.340       20186.000      -14294.000      -25781.000       -3294.000       15078.000       23498.000        8692.000      -13425.000 
-12435  
-1  12  67          -39.217          4           4.154         64          63.982          26.131         -55.703       -6582.000      -10947.000        5196.000       16703.000       14357.000      -11066.000       -6529.000        3198.000 
-12435  
-1  22  68          -37.137         12          12.233         64          64.005          25.466         -51.241       18781.000      -15797.000      -26680.000        -852.000       16635.000       22666.000        6990.000      -14908.000 
-12435  
-1  12  69          -38.793          4           4.152         64          63.995          26.644         -55.466       -7153.000      -11007.000        5140.000       17293.000       14975.000      -11026.000       -6547.000        3437.000 
-12435  
-1  22  70          -36.937         12          12.240         64          64.006          25.391         -51.351       18215.000      -16033.000      -26494.000       -1359.000       16484.000       21983.000        7671.000      -14513.000 
-12435  
-1  12  71          -39.977          4           4.141         64          64.001          26.484         -55.588       -6211.000      -11664.000        4171.000       16962.000       15031.000       -9957.000       -7776.000        2840.000 
-12435  
-1  22  72          -37.160         12          12.223         64          64.010          25.669         -51.171       20281.000      -14807.000      -26897.000       -3126.000       15967.000       23173.000        8003.000      -13971.000 
-12435  
-1  12  73          -39.233          4           4.125         64          63.998          26.469         -55.700       -5369.000      -11539.000        4551.000       16590.000       15546.000      -10085.000       -6612.000        2455.000 
-12435  
-1  22  74          -37.197         12          12.226         64          64.007          25.107         -51.562       19710.000      -13909.000      -25690.000       -2839.000       14345.000       22386.000        8213.000      -13511.000 
-12435  
-1  12  75          -39.153          4           4.135         64          64.011          26.435         -55.643       -6966.000      -11039.000        5033.000       16793.000       14499.000      -10992.000       -6570.000        3239.000 
-12435  
-1  22  76          -37.340         12          12.231         64          64.022          25.436         -51.363       19911.000      -14962.000      -26290.000       -3164.000       15886.000       21707.000        8092.000      -14141.000 
-12435  
-1  12  77          -39.293          4           4.167         64          64.007          26.477         -55.500       -6664.000      -11282.000        5391.000       17104.000       14943.000      -10833.000       -6829.000        3281.000 
-12435  
-1  22  78          -37.247         12          12.219         64          63.989          25.473         -51.251       19996.000      -14653.000      -26641.000       -2672.000       14895.000       22960.000        8546.000      -14746.000 
-12435  
-1  12  79          -38.737          4           4.133         64          63.999          26.074         -55.833       -6356.000      -10561.000        4857.000       16651.000       14479.000      -10658.000       -6305.000        3109.000 
-12435  
-1  22  80          -37.120         12          12.230         64          64.003          25.178         -51.503       18934.000      -14762.000      -25581.000       -1885.000       16527.000       21777.000        7941.000      -13872.000 
-12435  
-1  12  81          -39.567          4           4.150         64          63.996          26.681         -55.506       -7351.000      -11212.000        5269.000       17169.000       14646.000      -10515.000       -6908.000        3858.000 
-12435  
-1  22  82          -37.017         12          12.250         64          64.005          25.237         -51.517       18879.000      -15114.000      -26401.000       -1960.000       16165.000       21118.000        7768.000      -13290.000 
-12435  
-1  12  83          -39.340          4           4.166         64          63.992          26.547         -55.586       -7141.000      -11110.000        4876.000       17086.000       14294.000      -10963.000       -6962.000        3251.000 
-12435  
-1  22  84          -37.167         12          12.236         64          64.005          25.556         -51.331       20094.000      -13742.000      -26048.000       -3418.000       15635.000       22696.000        9367.000      -14048.000 
-12435  
-1  12  85          -39.317          4           4.156         64          63.993          26.597         -55.527       -6700.000      -11125.000        4606.000       16945.000       15098.000      -10985.000       -6923.000        3501.000 
-12435  
-1  22  86          -36.920         12          12.245         64          64.007          25.237         -51.306       16572.000      -17380.000      -26391.000        1539.000       18894.000       20881.000        6120.000      -15328.000 
-12435  
-1  12  87          -39.057          4           4.148         64          64.015          26.542         -55.531       -6373.000      -11726.000        4775.000       17261.000       14945.000      -10557.000       -6795.000        2253.000 
-12435  
-1  22  88          -37.163         12          12.239         64          64.007          25.595         -51.260       16834.000      -18838.000      -26487.000        2852.000       19742.000       19562.000        4778.000      -14923.000 
-12435  
-1  12  89          -39.307          4           4.120         64          63.987          26.580         -55.672       -5784.000      -11500.000        3978.000       16827.000       15156.000      -10610.000       -6410.000        2929.000 
-12435  
-1  22  90          -36.900         12          12.231         64          64.010          25.439         -51.390       18563.000      -16332.000      -26263.000        -651.000       16633.000       21799.000        7546.000      -13637.000 
-12435  
-1  12  91          -39.427          4           4.152         64          64.007          26.448         -55.688       -6385.000      -10816.000        4785.000       16426.000       14757.000      -11119.000       -7149.000        3256.000 
-12435  
-1  22  92          -36.973         12          12.231         64          63.991          25.273         -51.388       20702.000      -14253.000      -25973.000       -3318.000       14266.000       23202.000        9114.000      -12442.000 
-12435  
-1  12  93          -39.143          4           4.153         64          64.010          26.560         -55.506       -6659.000      -11393.000        5358.000       17199.000       14719.000      -11014.000       -6700.000        2905.000 
-12435  
-1  22  94          -37.013         12          12.237         64          64.005          25.534         -51.535       19625.000      -14132.000      -25094.000       -3216.000       14301.000       23357.000        8431.000      -13223.000 
-12435  
-1  12  95          -39.790          4           4.145         64          64.004          26.264         -55.526       -6733.000      -11321.000        4919.000       16933.000       14581.000      -11160.000       -7276.000        3382.000 
-12435  
-1  22  96          -37.190         12          12.232         64          63.994          25.473         -51.405       19223.000      -15631.000      -25612.000        -838.000       16706.000       21818.000        7847.000      -14177.000 
-12435  
-1  12  97          -38.680          4           4.136         64          64.006          26.337         -55.642       -6470.000      -11030.000        5074.000       17055.000       14809.000      -10596.000       -6666.000        2553.000 
-12435  
-1  22  98          -37.120         12          12.234         64          63.983          25.388         -51.325       16544.000      -18789.000      -26552.000        3099.000       19403.000       19198.000        4795.000      -14874.000 
-12435  
-1  12  99          -39.257          4           4.150         64          63.993          26.217         -55.619       -6369.000      -11741.000        4240.000       16776.000       15369.000      -10072.000       -6680.000        2659.000 
-12435  
