-1  12  1          -60.710          4           3.882         64          63.972          19.188         -63.043        2906.000       -6809.000       -2980.000        3073.000        3611.000       -5152.000       -6183.000        2449.000 
-12435  
-1  22  2          -47.623         12          11.931         64          64.005          16.843         -59.877        7154.000        5218.000       -2262.000       -9321.000          75.000       10083.000        3065.000       -6621.000 
-12435  
-1  12  3          -62.930          4           3.873         64          64.019          18.904         -63.044        2983.000       -6457.000       -2427.000        3285.000        2919.000       -5263.000       -6671.000        2984.000 
-12435  
-1  22  4          -48.013         12          11.989         64          64.024          17.627         -59.283        8109.000        5324.000       -2844.000       -9327.000        1190.000       11223.000        2469.000       -7094.000 
-12435  
-1  12  5          -60.953          4           3.916         64          63.962          19.108         -62.978        1371.000       -6839.000       -1646.000        3281.000        2515.000       -5958.000       -6351.000        3873.000 
-12435  
-1  22  6          -49.947         12          11.990         64          63.942          17.063         -59.454        8656.000        6350.000       -4045.000       -9071.000        2048.000        9736.000        1604.000       -6571.000 
-12435  
-1  12  7          -61.040          4           3.904         64          64.014          18.787         -63.055        1466.000       -7109.000       -1607.000        3808.000        2209.000       -5780.000       -5856.000        3759.000 
-12435  
-1  22  8          -48.073         12          11.932         64          64.022          17.628         -59.336        7912.000        5895.000       -2223.000       -9905.000         841.000       10706.000        2801.000       -6698.000 
-12435  
-1  12  9          -61.297          4           3.928         64          64.005          18.875         -63.233        2112.000       -6834.000       -1960.000        3729.000        2838.000       -5087.000       -6014.000        3345.000 
-12435  
-1  22  10          -47.270         12          11.978         64          64.036          17.373         -59.377        7240.000        6711.000       -2064.000       -9606.000         -82.000       11085.000        3885.000       -5745.000 
-12435  
-1  12  11          -58.677          4           3.866         64          64.029          19.632         -62.872        2124.000       -7032.000       -2040.000        3306.000        3666.000       -5416.000       -6777.000        2341.000 
-12435  
-1  22  12          -47.667         12          11.959         64          64.002          17.758         -59.046        8503.000        5186.000       -4006.000      -10381.000        2443.000       10559.000        2435.000       -6895.000 
-12435  
-1  12  13          -63.710          4           3.946         64          64.024          19.240         -63.005        2773.000       -6537.000       -1728.000        3470.000        3134.000       -6310.000       -5529.000        3558.000 
-12435  
-1  22  14          -48.613         12          11.932         64          64.020          17.076         -59.553        7530.000        6202.000       -2317.000       -9967.000        1771.000       10058.000        2913.000       -6152.000 
-12435  
-1  12  15          -59.937          4           3.919         64          64.018          19.194         -62.901        1906.000       -7039.000       -1701.000        4085.000        2736.000       -5821.000       -6218.000        3055.000 
-12435  
-1  22  16          -49.600         12          11.983         64          64.025          17.083         -59.481        7882.000        5841.000       -2636.000       -9612.000        1716.000       10279.000        1863.000       -6981.000 
-12435  
-1  12  17          -61.573          4           3.934         64          64.049          18.996         -62.973        2077.000       -7156.000       -1764.000        3860.000        2468.000       -5700.000       -5932.000        3487.000 
-12435  
-1  22  18          -48.877         12          11.960         64          63.993          17.745         -59.379        7424.000        6583.000       -2597.000      -10324.000         -74.000        9878.000        2953.000       -6839.000 
-12435  
-1  12  19          -60.493          4           3.919         64          63.995          19.765         -62.659        2464.000       -7098.000       -1945.000        3488.000        3255.000       -5407.000       -7148.000        2850.000 
-12435  
-1  22  20          -46.920         12          11.948         64          63.968          16.933         -59.955        6871.000        5573.000       -1505.000       -9373.000         784.000       10156.000        4055.000       -5559.000 
-12435  
-1  12  21          -61.010          4           3.997         64          63.974          19.421         -62.666        2018.000       -7001.000       -2265.000        4091.000        2819.000       -5605.000       -6632.000        3587.000 
-12435  
-1  22  22          -46.000         12          11.944         64          64.016          17.179         -59.637        7364.000        5181.000       -2312.000      -10223.000         -42.000       10459.000        2790.000       -5971.000 
-12435  
-1  12  23          -60.450          4           3.903         64          64.030          18.767         -63.046        1774.000       -7355.000       -1597.000        3572.000        2738.000       -5520.000       -5930.000        3339.000 
-12435  
-1  22  24          -47.760         12          11.974         64          63.998          17.453         -59.401        7993.000        5743.000       -3153.000       -9552.000         351.000       10499.000        2994.000       -6755.000 
-12435  
-1  12  25          -61.453          4           3.912         64          64.001          19.273         -62.876        2389.000       -6981.000       -1894.000        3729.000        3186.000       -5666.000       -6138.000        3350.000 
-12435  
-1  22  26          -48.300         12          11.969         64          63.985          17.438         -59.430        8428.000        5837.000       -3092.000       -9350.000        1681.000       10575.000        1985.000       -6315.000 
-12435  
-1  12  27          -62.160          4           3.935         64          63.999          18.979         -62.892        2751.000       -6233.000       -2007.000        3773.000        3306.000       -5739.000       -6669.000        3073.000 
-12435  
-1  22  28          -49.667         12          11.974         64          64.012          17.529         -59.280        8044.000        6684.000       -3417.000       -9143.000         808.000       10603.000        2487.000       -7021.000 
-12435  
-1  12  29          -61.980          4           3.924         64          64.009          19.563         -62.471        2528.000       -7441.000       -2158.000        3461.000        2962.000       -5866.000       -6708.000        3528.000 
-12435  
-1  22  30          -49.403         12          11.958         64          63.993          16.989         -59.681        8276.000        5614.000       -3096.000       -9316.000        1871.000        9657.000        1639.000       -6670.000 
-12435  
-1  12  31          -62.607          4           3.977         64          64.026          19.292         -62.795        2531.000       -7264.000       -1950.000        3591.000        2912.000       -5705.000       -5983.000        3671.000 
-12435  
-1  22  32          -48.647         12          11.999         64          63.962          17.102         -59.625        6289.000        6509.000       -2562.000       -9397.000         518.000       10875.000        3335.000       -6186.000 
-12435  
-1  12  33          -60.623          4           3.917         64          63.984          19.095         -62.896        1889.000       -6756.000       -1294.000        3789.000        2729.000       -6171.000       -6392.000        3274.000 
-12435  
-1  22  34          -48.623         12          12.003         64          64.020          17.614         -59.202        8586.000        5781.000       -3464.000       -9813.000        1839.000       10265.000        2618.000       -6996.000 
-12435  
-1  12  35          -61.510          4           3.931         64          63.992          19.407         -62.801        2009.000       -6844.000       -2031.000        3522.000        2855.000       -5967.000       -6456.000        3617.000 
-12435  
-1  22  36          -49.047         12          11.947         64          63.997          17.387         -59.540        7547.000        5327.000       -2767.000       -9463.000         906.000       10145.000        2776.000       -7586.000 
-12435  
-1  12  37          -63.660          4           3.877         64          64.020          19.037         -63.065        2937.000       -6548.000       -1847.000        3215.000        2874.000       -5802.000       -6183.000        3276.000 
-12435  
-1  22  38          -45.733         12          11.951         64          64.001          17.671         -59.333        7477.000        6201.000       -2537.000       -9819.000        -558.000       11519.000        3112.000       -5368.000 
-12435  
-1  12  39          -61.440          4           3.915         64          63.999          19.306         -62.759        2609.000       -7310.000       -1781.000        3643.000        3109.000       -5392.000       -6478.000        3185.000 
-12435  
-1  22  40          -50.213         12          11.978         64          64.003          17.200         -59.452        7818.000        6761.000       -2684.000       -9441.000        1116.000        9899.000        2657.000       -7019.000 
-12435  
-1  12  41          -61.463          4           3.926         64          64.004          19.532         -62.643        2430.000       -6915.000       -1981.000        3692.000        3286.000       -5509.000       -6922.000        3424.000 
-12435  
-1  22  42          -48.180         12          11.950         64          63.982          17.001         -59.601        7509.000        6122.000       -1767.000       -9930.000         386.000        9717.000        3797.000       -6484.000 
-12435  
-1  12  43          -61.777          4           3.932         64          64.011          19.188         -62.676        1799.000       -6971.000       -1449.000        3820.000        3066.000       -6071.000       -6182.000        4214.000 
-12435  
-1  22  44          -47.987         12          11.975         64          64.020          17.249         -59.375        8066.000        5986.000       -2961.000       -9811.000        1061.000       10476.000        2659.000       -6425.000 
-12435  
-1  12  45          -62.043          4           3.902         64          64.007          18.936         -63.071        2310.000       -6905.000       -1694.000        3670.000        2741.000       -5688.000       -5912.000        3426.000 
-12435  
-1  22  46          -49.743         12          11.955         64          64.019          17.441         -59.347        8257.000        6614.000       -2415.000       -9232.000        1120.000       10052.000        3304.000       -7164.000 
-12435  
-1  12  47          -61.817          4           3.902         64          63.988          19.358         -62.641        2379.000       -7411.000       -2003.000        3562.000        3101.000       -6024.000       -6007.000        3587.000 
-12435  
-1  22  48          -48.633         12          11.955         64          63.998          17.096         -59.694        6428.000        6012.000       -1489.000      -10104.000         630.000        9945.000        3860.000       -6584.000 
-12435  
-1  12  49          -61.207          4           3.927         64          64.003          19.088         -62.883        2359.000       -6939.000       -1976.000        3430.000        3362.000       -5837.000       -6132.000        3236.000 
-12435  
-1  22  50          -49.613         12          11.969         64          64.009          17.526         -59.043        8350.000        6873.000       -1764.000      -10218.000        1172.000       10284.000        3262.000       -7205.000 
-12435  
-1  12  51          -61.877          4           3.928         64          64.000          19.393         -62.505        2201.000       -7120.000       -2317.000        3900.000        2765.000       -6372.000       -6276.000        3723.000 
-12435  
-1  22  52          -47.167         12          11.970         64          63.977          17.179         -59.532        6490.000        5610.000       -1994.000      -10915.000         544.000       10540.000        2514.000       -6149.000 
-12435  
-1  12  53          -62.193          4           3.881         64          64.005          19.172         -62.925        2568.000       -6783.000       -1693.000        3417.000        2935.000       -5648.000       -6557.000        3254.000 
-12435  
-1  22  54          -49.977         12          11.921         64          64.001          17.033         -59.645        6856.000        6411.000       -1611.000       -9641.000         909.000       10332.000        2451.000       -6780.000 
-12435  
-1  12  55          -61.390          4           3.916         64          63.990          18.922         -62.782        1898.000       -7075.000       -1244.000        3432.000        2740.000       -6307.000       -6262.000        3631.000 
-12435  
-1  22  56          -48.803         12          12.001         64          64.007          16.890         -59.860        6521.000        6479.000       -2232.000       -9540.000        -651.000        9925.000        2710.000       -6313.000 
-12435  
-1  12  57          -61.340          4           3.892         64          64.004          19.102         -62.913        2016.000       -6853.000       -1843.000        3290.000        3325.000       -5990.000       -6046.000        3600.000 
-12435  
-1  22  58          -50.087         12          11.956         64          63.999          16.988         -59.683        6991.000        6327.000       -2303.000       -9005.000        1537.000       10220.000        3151.000       -6938.000 
-12435  
-1  12  59          -62.083          4           3.878         64          64.022          18.994         -63.019        2068.000       -6848.000       -1716.000        3453.000        2516.000       -5884.000       -6163.000        3581.000 
-12435  
-1  22  60          -49.213         12          12.006         64          64.057          17.926         -58.808        7680.000        6999.000       -2610.000      -10159.000         967.000       11672.000        3055.000       -7183.000 
-12435  
-1  12  61          -61.543          4           3.923         64          64.031          19.787         -62.382        2133.000       -7496.000       -1792.000        3792.000        2937.000       -6166.000       -6560.000        3838.000 
-12435  
-1  22  62          -48.077         12          12.020         64          63.978          17.144         -59.805        7501.000        5778.000       -3579.000       -9187.000        1745.000       10035.000        2448.000       -5845.000 
-12435  
-1  12  63          -62.497          4           3.869         64          64.003          18.800         -63.083        2669.000       -7030.000       -2009.000        3241.000        2765.000       -5531.000       -5988.000        3213.000 
-12435  
-1  22  64          -46.480         12          11.938         64          63.982          17.405         -59.234        7786.000        4778.000       -2659.000      -10473.000         935.000       11058.000        2720.000       -6815.000 
-12435  
-1  12  65          -60.503          4           3.950         64          63.998          19.208         -62.760        1792.000       -7230.000       -2455.000        3502.000        3159.000       -5551.000       -6329.000        3586.000 
-12435  
-1  22  66          -48.967         12          11.997         64          64.011          17.060         -59.556        7103.000        6597.000       -2569.000       -9706.000        -133.000        9991.000        3275.000       -6701.000 
-12435  
-1  12  67          -60.553          4           3.963         64          63.980          19.150         -62.717        1695.000       -7012.000       -1729.000        4077.000        2775.000       -6020.000       -6325.000        3682.000 
-12435  
-1  22  68          -47.887         12          11.981         64          64.012          17.599         -58.954        7949.000        6245.000       -1997.000      -10482.000        -897.000       10724.000        3851.000       -7459.000 
-12435  
-1  12  69          -60.367          4           3.984         64          64.018          18.980         -62.858        1320.000       -6834.000       -2164.000        3470.000        3084.000       -5778.000       -6323.000        3966.000 
-12435  
-1  22  70          -49.367         12          11.984         64          64.009          17.158         -59.536        6760.000        5778.000       -3082.000       -9868.000        1508.000       10495.000        2205.000       -6977.000 
-12435  
-1  12  71          -62.297          4           3.928         64          63.986          19.266         -62.759        2952.000       -7128.000       -2027.000        3689.000        3406.000       -5599.000       -6042.000        3292.000 
-12435  
-1  22  72          -47.983         12          11.950         64          64.017          17.553         -59.303        7290.000        5864.000       -1446.000      -10632.000        1054.000       10836.000        2680.000       -6548.000 
-12435  
-1  12  73          -61.150          4           3.902         64          63.976          19.321         -62.463        2338.000       -7571.000       -1983.000        3334.000        3023.000       -5775.000       -6915.000        3348.000 
-12435  
-1  22  74          -49.613         12          11.969         64          63.982          17.333         -59.477        7997.000        6533.000       -2358.000       -9447.000        1525.000       10246.000        2256.000       -6550.000 
-12435  
-1  12  75          -61.743          4           3.971         64          64.021          19.087         -63.041        2404.000       -6517.000       -2337.000        3290.000        3509.000       -5489.000       -6234.000        3338.000 
-12435  
-1  22  76          -51.137         12          11.972         64          63.998          17.259         -59.652        7419.000        6549.000       -2177.000       -9051.000         923.000        9629.000        2740.000       -7545.000 
-12435  
-1  12  77          -61.347          4           3.897         64          64.028          19.163         -62.883        2642.000       -7123.000       -2360.000        3998.000        2919.000       -4922.000       -6430.000        3073.000 
-12435  
-1  22  78          -48.453         12          11.992         64          64.004          17.298         -59.344        7800.000        6157.000       -1547.000      -10110.000         729.000       10334.000        3325.000       -6789.000 
-12435  
-1  12  79          -63.327          4           3.903         64          63.958          18.850         -63.218        3018.000       -6453.000       -2017.000        3134.000        3045.000       -5388.000       -6194.000        3067.000 
-12435  
-1  22  80          -48.420         12          11.933         64          64.027          17.378         -59.270        8763.000        5396.000       -4573.000       -8511.000        1186.000       10845.000        1987.000       -7205.000 
-12435  
-1  12  81          -61.657          4           3.898         64          63.978          19.651         -62.760        1948.000       -7089.000       -2020.000        3272.000        3064.000       -5904.000       -6302.000        3835.000 
-12435  
-1  22  82          -48.680         12          11.969         64          64.047          17.437         -59.490        8523.000        3861.000       -3905.000       -9497.000        2905.000       10138.000         244.000       -7169.000 
-12435  
-1  12  83          -63.483          4           3.949         64          63.967          19.329         -62.762        2275.000       -6704.000        -939.000        3852.000        2501.000       -6092.000       -6407.000        4143.000 
-12435  
-1  22  84          -49.817         12          11.991         64          63.999          17.355         -59.401        7600.000        5902.000       -3209.000       -9562.000        1757.000       10495.000        1926.000       -7193.000 
-12435  
-1  12  85          -60.650          4           3.939         64          64.015          19.198         -62.909        2003.000       -6965.000       -2159.000        3578.000        2802.000       -5643.000       -6471.000        3206.000 
-12435  
-1  22  86          -47.723         12          11.959         64          64.005          17.012         -59.776        7772.000        5846.000       -1732.000       -9284.000         522.000       10235.000        2795.000       -6031.000 
-12435  
-1  12  87          -62.180          4           3.954         64          63.978          19.054         -63.054        2513.000       -6565.000       -2163.000        3358.000        2847.000       -5904.000       -6199.000        3126.000 
-12435  
-1  22  88          -47.117         12          11.992         64          64.005          16.969         -59.625        7443.000        6176.000       -2213.000      -10644.000          38.000        9257.000        3680.000       -5815.000 
-12435  
-1  12  89          -58.833          4           3.923         64          64.000          19.452         -62.713        1843.000       -7164.000       -1652.000        3637.000        3735.000       -5615.000       -6677.000        2931.000 
-12435  
-1  22  90          -48.497         12          11.956         64          64.013          17.569         -59.080        7427.000        5958.000       -2598.000      -10483.000        1207.000       10939.000        3165.000       -7239.000 
-12435  
-1  12  91          -63.230          4           3.853         64          64.017          18.986         -63.125        2482.000       -7224.000       -1333.000        3401.000        2771.000       -5165.000       -5778.000        3817.000 
-12435  
-1  22  92          -47.100         12          11.972         64          64.022          17.231         -59.523        7969.000        5310.000       -2411.000       -9511.000         945.000       10657.000        3136.000       -6377.000 
-12435  
-1  12  93          -61.883          4           3.923         64          63.989          19.187         -62.963        2389.000       -7118.000       -1628.000        3004.000        2648.000       -5858.000       -6372.000        3142.000 
-12435  
-1  22  94          -47.177         12          11.963         64          63.987          17.115         -59.611        8283.000        5277.000       -2235.000       -9418.000         585.000       10497.000        2306.000       -6316.000 
-12435  
-1  12  95          -61.600          4           3.930         64          64.036          18.901         -63.106        2435.000       -6679.000       -1850.000        3423.000        2972.000       -5975.000       -5942.000        3025.000 
-12435  
-1  22  96          -47.287         12          11.924         64          64.016          16.794         -59.886        7316.000        5524.000       -2319.000       -9973.000        1493.000        9676.000        2915.000       -5607.000 
-12435  
-1  12  97          -62.960          4           3.876         64          64.018          19.322         -63.117        2920.000       -6743.000       -1738.000        3462.000        3249.000       -5404.000       -5889.000        3293.000 
-12435  
-1  22  98          -47.423         12          11.955         64          64.011          17.074         -59.825        7706.000        5808.000       -1490.000       -9488.000         869.000       10097.000        2930.000       -5707.000 
-12435  
-1  12  99          -64.273          4           3.889         64          64.063          19.491         -62.767        2934.000       -7116.000       -1844.000        3387.000        2743.000       -5526.000       -6316.000        3892.000 
-12435  
