-1  22  1           -2.397         12          11.994         64          64.006          42.085         -34.430     -164036.000      -57167.000     -156766.000       14179.000     -175153.000       54648.000     -149611.000       54995.000 
-12435  
-1  12  2           -2.943          4           4.294         64          64.005          50.621         -26.039      325882.000      340256.000      372594.000      140693.000      473948.000       75323.000      418621.000       32744.000 
-12435  
-1  22  3           -2.527         12          11.993         64          64.001          42.130         -34.439     -167499.000      -46123.000     -154554.000       24929.000     -170633.000       67294.000     -145603.000       65255.000 
-12435  
-1  12  4           -2.943          4           4.295         64          63.998          50.135         -26.030      308324.000      357248.000      365513.000      160152.000      469858.000       98900.000      416364.000       54926.000 
-12435  
-1  22  5           -2.350         12          11.992         64          63.998          42.023         -34.440     -158431.000      -69771.000     -157145.000        2500.000     -178668.000       40921.000     -153757.000       42933.000 
-12435  
-1  12  6           -2.947          4           4.295         64          64.000          51.119         -26.035      289293.000      372200.000      356243.000      178575.000      464079.000      123461.000      413073.000       75432.000 
-12435  
-1  22  7           -2.317         12          11.990         64          64.005          42.151         -34.441     -156456.000      -74509.000     -156705.000       -2273.000     -180272.000       35717.000     -154762.000       37706.000 
-12435  
-1  12  8           -2.943          4           4.295         64          64.004          50.640         -26.037      286173.000      374825.000      354457.000      181442.000      463330.000      127258.000      411527.000       79745.000 
-12435  
-1  22  9           -2.280         12          11.993         64          64.004          42.005         -34.440     -161668.000      -63519.000     -156928.000        9064.000     -176360.000       48134.000     -152106.000       48255.000 
-12435  
-1  12  10           -2.940          4           4.294         64          64.003          50.054         -26.038      307128.000      357204.000      365160.000      160109.000      469322.000      100224.000      416036.000       55310.000 
-12435  
-1  22  11           -2.363         12          11.994         64          63.999          42.267         -34.425     -163053.000      -60741.000     -157052.000       12606.000     -176355.000       50772.000     -150348.000       52680.000 
-12435  
-1  12  12           -2.937          4           4.294         64          64.000          50.385         -26.037      300075.000      362886.000      361476.000      167631.000      467053.000      109912.000      415571.000       63988.000 
-12435  
-1  22  13           -2.283         12          11.991         64          64.001          42.122         -34.448     -163745.000      -55112.000     -156083.000       15920.000     -174255.000       55437.000     -149840.000       56443.000 
-12435  
-1  12  14           -2.943          4           4.294         64          63.999          50.589         -26.035      301493.000      362917.000      362093.000      166682.000      467482.000      108265.000      414946.000       62630.000 
-12435  
-1  22  15           -2.343         12          11.993         64          64.001          42.209         -34.431     -158313.000      -71292.000     -156893.000         702.000     -179259.000       39454.000     -154437.000       41249.000 
-12435  
-1  12  16           -2.943          4           4.294         64          64.002          50.295         -26.036      295562.000      366318.000      359290.000      172082.000      466703.000      114513.000      414592.000       68691.000 
-12435  
-1  22  17           -2.473         12          11.995         64          64.004          42.147         -34.431     -166017.000      -52706.000     -155203.000       17999.000     -173769.000       58436.000     -148342.000       60156.000 
-12435  
-1  12  18           -2.940          4           4.294         64          64.001          50.529         -26.040      304875.000      359100.000      363640.000      163035.000      468403.000      103115.000      415807.000       58523.000 
-12435  
-1  22  19           -2.450         12          11.993         64          64.002          42.158         -34.455     -162768.000      -60769.000     -156052.000       11862.000     -174737.000       52086.000     -150871.000       51753.000 
-12435  
-1  12  20           -2.943          4           4.295         64          63.999          50.589         -26.034      304942.000      358901.000      364150.000      162486.000      469284.000      102483.000      416317.000       57683.000 
-12435  
-1  22  21           -2.290         12          11.992         64          64.000          42.038         -34.438     -154617.000      -75641.000     -157586.000       -5025.000     -180642.000       32759.000     -155972.000       36157.000 
-12435  
-1  12  22           -2.947          4           4.295         64          64.001          50.712         -26.038      284687.000      375725.000      353852.000      183247.000      461971.000      128756.000      412118.000       81152.000 
-12435  
-1  22  23           -2.427         12          11.992         64          64.004          42.314         -34.422     -155953.000      -76795.000     -157255.000       -4666.000     -180469.000       33851.000     -155636.000       36326.000 
-12435  
-1  12  24           -2.943          4           4.294         64          64.003          50.623         -26.037      306195.000      357639.000      364105.000      161413.000      469233.000      101565.000      416655.000       56156.000 
-12435  
-1  22  25           -2.587         12          11.993         64          64.006          42.147         -34.435     -164223.000      -55506.000     -155708.000       16631.000     -174446.000       58241.000     -149002.000       57320.000 
-12435  
-1  12  26           -2.943          4           4.294         64          64.001          50.425         -26.032      304434.000      360326.000      363704.000      163320.000      468479.000      104120.000      416154.000       58876.000 
-12435  
-1  22  27           -2.517         12          11.992         64          64.002          42.215         -34.438     -164164.000      -56043.000     -155935.000       15914.000     -175184.000       56591.000     -148476.000       56690.000 
-12435  
-1  12  28           -2.947          4           4.295         64          64.000          50.261         -26.033      311997.000      353041.000      366416.000      155980.000      471191.000       93877.000      417585.000       50058.000 
-12435  
-1  22  29           -2.423         12          11.992         64          64.002          41.985         -34.418     -162759.000      -62030.000     -157733.000       10941.000     -176297.000       50874.000     -150820.000       50792.000 
-12435  
-1  12  30           -2.950          4           4.294         64          64.002          50.314         -26.031      295202.000      367685.000      359432.000      173221.000      465870.000      115873.000      414628.000       68918.000 
-12435  
-1  22  31           -2.280         12          11.993         64          64.004          41.941         -34.425     -158707.000      -72255.000     -157379.000         640.000     -179258.000       38587.000     -154117.000       40018.000 
-12435  
-1  12  32           -2.947          4           4.294         64          64.003          50.466         -26.033      298263.000      364751.000      360888.000      169420.000      467193.000      111887.000      415194.000       65037.000 
-12435  
-1  22  33           -2.357         12          11.992         64          64.002          42.136         -34.454     -159763.000      -67498.000     -157201.000        4556.000     -177249.000       42140.000     -152636.000       45755.000 
-12435  
-1  12  34           -2.943          4           4.295         64          64.001          50.442         -26.037      304256.000      359639.000      363135.000      163882.000      468710.000      104068.000      415843.000       59028.000 
-12435  
-1  22  35           -2.330         12          11.992         64          64.002          42.239         -34.449     -159457.000      -66938.000     -157540.000        4659.000     -177555.000       42898.000     -152730.000       45600.000 
-12435  
-1  12  36           -2.943          4           4.294         64          64.001          50.298         -26.037      296099.000      366357.000      359570.000      171420.000      466347.000      114223.000      414443.000       68249.000 
-12435  
-1  22  37           -2.347         12          11.992         64          64.002          42.294         -34.435     -159641.000      -67405.000     -157155.000        4326.000     -178654.000       42658.000     -152815.000       45456.000 
-12435  
-1  12  38           -2.943          4           4.294         64          64.001          50.306         -26.040      306010.000      357501.000      364218.000      161849.000      468996.000      102317.000      416233.000       55946.000 
-12435  
-1  22  39           -2.423         12          11.993         64          64.004          41.883         -34.412     -161157.000      -66823.000     -157394.000        5856.000     -177826.000       44491.000     -153116.000       47100.000 
-12435  
-1  12  40           -2.943          4           4.294         64          64.002          50.063         -26.034      290690.000      370911.000      357178.000      177312.000      464553.000      121389.000      413396.000       74292.000 
-12435  
-1  22  41           -2.280         12          11.991         64          64.000          42.033         -34.448     -164804.000      -52973.000     -156412.000       18276.000     -173257.000       58546.000     -148364.000       57631.000 
-12435  
-1  12  42           -2.947          4           4.295         64          64.000          50.469         -26.041      305623.000      358491.000      363922.000      161679.000      469112.000      101795.000      415561.000       56769.000 
-12435  
-1  22  43           -2.323         12          11.994         64          64.002          42.193         -34.437     -164031.000      -57278.000     -156531.000       14893.000     -174757.000       54092.000     -149809.000       54988.000 
-12435  
-1  12  44           -2.943          4           4.294         64          64.001          50.589         -26.036      312593.000      352919.000      366581.000      155993.000      470860.000       93823.000      416907.000       49987.000 
-12435  
-1  22  45           -2.443         12          11.992         64          64.005          42.082         -34.417     -167380.000      -47000.000     -156007.000       23467.000     -171321.000       65182.000     -146559.000       64631.000 
-12435  
-1  12  46           -2.947          4           4.294         64          64.001          50.278         -26.046      310182.000      353961.000      365339.000      157188.000      470033.000       96042.000      416559.000       51316.000 
-12435  
-1  22  47           -2.497         12          11.991         64          64.005          42.067         -34.432     -159699.000      -68854.000     -156169.000        2426.000     -179562.000       42061.000     -152817.000       44358.000 
-12435  
-1  12  48           -2.950          4           4.294         64          64.002          50.782         -26.039      315351.000      349637.000      368178.000      151903.000      471312.000       88577.000      418220.000       45350.000 
-12435  
-1  22  49           -2.307         12          11.991         64          64.001          42.191         -34.423     -163477.000      -59087.000     -156826.000       12514.000     -176133.000       53122.000     -150565.000       52183.000 
-12435  
-1  12  50           -2.947          4           4.295         64          64.002          50.180         -26.037      306766.000      357293.000      364558.000      160645.000      469476.000      100214.000      416589.000       55324.000 
-12435  
-1  22  51           -2.383         12          11.992         64          64.001          42.038         -34.421     -162879.000      -60502.000     -156901.000       12640.000     -175949.000       52582.000     -151128.000       52151.000 
-12435  
-1  12  52           -2.947          4           4.294         64          64.003          50.194         -26.038      312606.000      351917.000      366665.000      155073.000      471284.000       93066.000      417380.000       48377.000 
-12435  
-1  22  53           -2.470         12          11.993         64          64.002          41.901         -34.430     -163963.000      -57041.000     -156426.000       14708.000     -174948.000       55392.000     -149774.000       55648.000 
-12435  
-1  12  54           -2.950          4           4.295         64          64.003          50.436         -26.039      303675.000      359974.000      363050.000      164325.000      468228.000      104601.000      415906.000       58499.000 
-12435  
-1  22  55           -2.280         12          11.994         64          64.001          42.295         -34.420     -169994.000      -35760.000     -153301.000       34220.000     -167700.000       75828.000     -142020.000       73400.000 
-12435  
-1  12  56           -2.947          4           4.294         64          64.001          50.207         -26.034      297933.000      365328.000      360391.000      169949.000      466856.000      112289.000      414999.000       66236.000 
-12435  
-1  22  57           -2.383         12          11.993         64          64.000          42.012         -34.420     -169247.000      -36814.000     -154655.000       33130.000     -167529.000       75116.000     -142202.000       73157.000 
-12435  
-1  12  58           -2.940          4           4.294         64          64.001          50.828         -26.035      298624.000      364026.000      360922.000      169350.000      466862.000      111819.000      415354.000       65324.000 
-12435  
-1  22  59           -2.443         12          11.993         64          64.002          41.986         -34.429     -168973.000      -38163.000     -154583.000       32889.000     -167774.000       74525.000     -141917.000       72341.000 
-12435  
-1  12  60           -2.943          4           4.295         64          63.999          50.762         -26.029      299943.000      364114.000      361465.000      168036.000      467822.000      110284.000      415339.000       63913.000 
-12435  
-1  22  61           -2.317         12          11.991         64          64.002          41.897         -34.428     -163378.000      -58396.000     -157201.000       12888.000     -176031.000       52450.000     -150009.000       53532.000 
-12435  
-1  12  62           -2.943          4           4.295         64          64.002          50.201         -26.038      301724.000      361804.000      361832.000      166430.000      467864.000      107750.000      415383.000       61866.000 
-12435  
-1  22  63           -2.283         12          11.994         64          64.003          41.929         -34.419     -158329.000      -73586.000     -157651.000       -1107.000     -179638.000       36650.000     -154449.000       38905.000 
-12435  
-1  12  64           -2.947          4           4.295         64          64.003          50.611         -26.037      307346.000      356966.000      364333.000      160488.000      469603.000      100218.000      416711.000       54821.000 
-12435  
-1  22  65           -2.353         12          11.994         64          64.002          42.233         -34.422     -158431.000      -71688.000     -157406.000         664.000     -179406.000       38959.000     -154282.000       41338.000 
-12435  
-1  12  66           -2.943          4           4.295         64          64.003          50.583         -26.045      316353.000      348401.000      368814.000      149839.000      471369.000       86841.000      417696.000       44082.000 
-12435  
-1  22  67           -2.380         12          11.991         64          64.000          42.268         -34.424     -162545.000      -61244.000     -157494.000       10401.000     -176345.000       50343.000     -151108.000       51207.000 
-12435  
-1  12  68           -2.943          4           4.294         64          64.004          50.606         -26.044      312068.000      352695.000      366625.000      155921.000      470106.000       93880.000      416652.000       49918.000 
-12435  
-1  22  69           -2.317         12          11.993         64          63.997          42.220         -34.433     -165057.000      -52626.000     -156197.000       18640.000     -174121.000       58885.000     -148126.000       58724.000 
-12435  
-1  12  70           -2.947          4           4.294         64          64.004          50.017         -26.030      297531.000      365941.000      360041.000      170884.000      466539.000      113061.000      415369.000       67299.000 
-12435  
-1  22  71           -2.317         12          11.991         64          64.003          41.973         -34.457     -160240.000      -63793.000     -156719.000        7425.000     -177519.000       46792.000     -151608.000       47762.000 
-12435  
-1  12  72           -2.943          4           4.295         64          64.002          50.507         -26.038      293570.000      368460.000      357807.000      174464.000      465058.000      118138.000      414234.000       71563.000 
-12435  
-1  22  73           -2.390         12          11.994         64          64.002          42.067         -34.433     -161746.000      -62339.000     -156928.000       10598.000     -176858.000       48977.000     -151224.000       51144.000 
-12435  
-1  12  74           -2.940          4           4.294         64          64.000          50.341         -26.035      282149.000      377272.000      353213.000      185382.000      461280.000      132667.000      411721.000       83621.000 
-12435  
-1  22  75           -2.277         12          11.992         64          64.003          42.163         -34.442     -160283.000      -64996.000     -156921.000        6048.000     -178058.000       44515.000     -152440.000       46944.000 
-12435  
-1  12  76           -2.947          4           4.295         64          64.000          50.325         -26.041      301719.000      361463.000      362208.000      166557.000      467313.000      106956.000      415449.000       61634.000 
-12435  
-1  22  77           -2.470         12          11.992         64          64.005          42.032         -34.440     -158194.000      -70653.000     -156544.000        1152.000     -178721.000       40481.000     -154426.000       42511.000 
-12435  
-1  12  78           -2.947          4           4.294         64          64.001          50.225         -26.037      315353.000      349591.000      368179.000      152045.000      471786.000       89189.000      417864.000       45125.000 
-12435  
-1  22  79           -2.310         12          11.994         64          64.003          41.978         -34.444     -156084.000      -74438.000     -157419.000       -1905.000     -179418.000       35401.000     -155114.000       38162.000 
-12435  
-1  12  80           -2.947          4           4.295         64          64.002          50.221         -26.041      322099.000      343197.000      371418.000      144208.000      473389.000       79371.000      418057.000       36641.000 
-12435  
-1  22  81           -2.283         12          11.993         64          64.000          41.921         -34.441     -156066.000      -75878.000     -157705.000       -3809.000     -179274.000       33337.000     -155421.000       36505.000 
-12435  
-1  12  82           -2.947          4           4.295         64          64.003          50.455         -26.039      326363.000      339975.000      372410.000      140331.000      474129.000       74421.000      418702.000       32213.000 
-12435  
-1  22  83           -2.343         12          11.994         64          64.000          41.996         -34.417     -161522.000      -65867.000     -157714.000        6811.000     -177842.000       45024.000     -152027.000       47337.000 
-12435  
-1  12  84           -2.937          4           4.294         64          64.004          50.140         -26.043      299153.000      363579.000      360712.000      168278.000      466596.000      111290.000      414896.000       65096.000 
-12435  
-1  22  85           -2.340         12          11.992         64          63.999          42.131         -34.439     -164659.000      -54181.000     -156109.000       16861.000     -174196.000       57675.000     -148811.000       57083.000 
-12435  
-1  12  86           -2.947          4           4.294         64          64.004          50.410         -26.030      297454.000      366052.000      359899.000      171175.000      466910.000      113701.000      414891.000       66786.000 
-12435  
-1  22  87           -2.467         12          11.991         64          64.002          42.485         -34.457     -162171.000      -60680.000     -156543.000       11170.000     -175173.000       51144.000     -150643.000       52021.000 
-12435  
-1  12  88           -2.940          4           4.295         64          64.001          50.285         -26.033      282198.000      377417.000      352435.000      185100.000      461746.000      132873.000      411962.000       84314.000 
-12435  
-1  22  89           -2.370         12          11.991         64          64.000          41.958         -34.456     -166661.000      -46509.000     -155288.000       24492.000     -170277.000       65250.000     -145865.000       64483.000 
-12435  
-1  12  90           -2.947          4           4.295         64          64.000          50.234         -26.039      285559.000      374537.000      354562.000      181437.000      462866.000      127374.000      412293.000       79378.000 
-12435  
-1  22  91           -2.327         12          11.992         64          64.001          42.055         -34.455     -158385.000      -70339.000     -156614.000         679.000     -178602.000       39243.000     -153695.000       41778.000 
-12435  
-1  12  92           -2.953          4           4.294         64          64.000          50.400         -26.037      297915.000      365673.000      359869.000      169946.000      466952.000      111823.000      414668.000       65646.000 
-12435  
-1  22  93           -2.467         12          11.992         64          64.002          41.909         -34.450     -164544.000      -54960.000     -155723.000       16758.000     -173984.000       57336.000     -148431.000       57376.000 
-12435  
-1  12  94           -2.943          4           4.295         64          64.002          50.133         -26.032      280144.000      378811.000      352757.000      186894.000      461028.000      134367.000      411325.000       85396.000 
-12435  
-1  22  95           -2.360         12          11.992         64          64.004          42.162         -34.422     -164064.000      -55814.000     -156359.000       15236.000     -175086.000       55765.000     -150275.000       56359.000 
-12435  
-1  12  96           -2.940          4           4.295         64          64.004          50.447         -26.038      303341.000      360071.000      362512.000      164817.000      468315.000      105734.000      415899.000       60173.000 
-12435  
-1  22  97           -2.467         12          11.991         64          64.004          41.987         -34.447     -161418.000      -63335.000     -156601.000        8583.000     -176574.000       47769.000     -151507.000       50032.000 
-12435  
-1  12  98           -2.947          4           4.294         64          64.000          50.677         -26.045      318139.000      347451.000      369064.000      148892.000      471681.000       84950.000      417528.000       42346.000 
-12435  
-1  22  99           -2.333         12          11.992         64          63.995          41.985         -34.455     -163794.000      -55586.000     -156602.000       14442.000     -174378.000       54943.000     -149002.000       55500.000 
-12435  
