-1  22  1           34.940         12          11.922         64          63.999          38.927         -37.696      -98786.000      -11256.000       52138.000     -113171.000       82527.000       83374.000     -118155.000       24879.000 
-12435  
-1  12  2           31.667          4           4.304         64          64.008          33.477         -48.377      -24359.000        2518.000       15259.000      -30743.000       33146.000       23052.000      -26963.000       21447.000 
-12435  
-1  22  3           34.860         12          11.923         64          64.001          38.969         -37.696      -97652.000      -19959.000       60583.000     -109042.000       75849.000       89461.000     -119350.000       16099.000 
-12435  
-1  12  4           31.557          4           4.296         64          64.010          33.862         -48.332      -24139.000        2971.000       14878.000      -31614.000       33129.000       22966.000      -26602.000       22307.000 
-12435  
-1  22  5           34.933         12          11.927         64          64.008          38.802         -37.663      -99679.000      -12163.000       53082.000     -113387.000       82377.000       83118.000     -118741.000       24769.000 
-12435  
-1  12  6           31.693          4           4.299         64          64.003          33.468         -48.348      -24105.000        3755.000       13715.000      -32306.000       33841.000       21537.000      -26085.000       22584.000 
-12435  
-1  22  7           34.807         12          11.924         64          64.004          38.937         -37.701      -99216.000        2408.000       36287.000     -119655.000       93265.000       70242.000     -112938.000       42727.000 
-12435  
-1  12  8           31.600          4           4.296         64          63.999          33.741         -48.317      -23799.000        4979.000       12901.000      -32381.000       35092.000       20138.000      -25185.000       24121.000 
-12435  
-1  22  9           34.897         12          11.925         64          63.999          38.796         -37.689      -99934.000        -354.000       39674.000     -118557.000       91079.000       73831.000     -114073.000       38328.000 
-12435  
-1  12  10           31.430          4           4.300         64          64.001          33.807         -48.315      -23818.000        4424.000       13675.000      -31826.000       35034.000       20509.000      -25395.000       24112.000 
-12435  
-1  22  11           34.920         12          11.923         64          63.998          38.880         -37.670      -99278.000      -15493.000       57836.000     -110759.000       78890.000       87944.000     -118385.000       19824.000 
-12435  
-1  12  12           31.343          4           4.299         64          64.000          33.787         -48.384      -24000.000        2060.000       16799.000      -30379.000       32385.000       23958.000      -27032.000       21194.000 
-12435  
-1  22  13           34.910         12          11.925         64          64.002          38.994         -37.642      -99077.000      -16332.000       58162.000     -111494.000       78565.000       86835.000     -120019.000       20261.000 
-12435  
-1  12  14           31.570          4           4.295         64          64.004          34.087         -48.331      -24119.000        2053.000       15897.000      -31354.000       32485.000       23606.000      -27514.000       21274.000 
-12435  
-1  22  15           34.880         12          11.926         64          64.002          38.969         -37.695      -99632.000       -6978.000       48388.000     -114994.000       85899.000       79769.000     -116350.000       30781.000 
-12435  
-1  12  16           31.497          4           4.294         64          63.999          33.411         -48.385      -23620.000        3436.000       15473.000      -31479.000       33445.000       22011.000      -26545.000       21881.000 
-12435  
-1  22  17           34.857         12          11.922         64          64.002          39.142         -37.665      -99822.000        5340.000       31993.000     -121256.000       96140.000       67821.000     -111819.000       45553.000 
-12435  
-1  12  18           31.387          4           4.300         64          64.011          33.653         -48.383      -23751.000        4110.000       13664.000      -31865.000       34627.000       20968.000      -25042.000       23239.000 
-12435  
-1  22  19           34.930         12          11.927         64          64.003          38.853         -37.684      -99485.000      -12739.000       55007.000     -112412.000       80506.000       85199.000     -117919.000       23017.000 
-12435  
-1  12  20           31.647          4           4.294         64          64.005          33.452         -48.397      -23861.000        4349.000       13670.000      -32078.000       33811.000       20787.000      -25570.000       23263.000 
-12435  
-1  22  21           34.910         12          11.924         64          64.001          39.029         -37.672      -99844.000       -8741.000       48894.000     -115431.000       84531.000       80289.000     -117638.000       29341.000 
-12435  
-1  12  22           31.647          4           4.294         64          64.008          33.730         -48.364      -24033.000        3750.000       13666.000      -31984.000       33621.000       21169.000      -26019.000       23498.000 
-12435  
-1  22  23           34.930         12          11.923         64          63.998          38.836         -37.635      -99947.000       -6696.000       47072.000     -117047.000       87223.000       78739.000     -117522.000       30775.000 
-12435  
-1  12  24           31.750          4           4.300         64          63.998          33.470         -48.392      -23896.000        2928.000       14396.000      -31266.000       33254.000       22176.000      -27101.000       21966.000 
-12435  
-1  22  25           34.883         12          11.923         64          64.005          38.927         -37.680      -99754.000        3412.000       34755.000     -120275.000       94880.000       69628.000     -112485.000       42595.000 
-12435  
-1  12  26           31.410          4           4.298         64          63.998          33.731         -48.355      -24128.000        3274.000       14118.000      -32089.000       33801.000       21515.000      -25668.000       23069.000 
-12435  
-1  22  27           34.913         12          11.924         64          64.001          39.223         -37.677      -99646.000       -6434.000       48017.000     -115692.000       86111.000       79399.000     -116805.000       31034.000 
-12435  
-1  12  28           31.480          4           4.303         64          64.004          33.511         -48.372      -23588.000        4091.000       14528.000      -32051.000       34162.000       20991.000      -25839.000       22672.000 
-12435  
-1  22  29           34.823         12          11.923         64          64.001          38.898         -37.670     -100046.000        3606.000       33418.000     -120046.000       95412.000       69153.000     -112481.000       44625.000 
-12435  
-1  12  30           31.407          4           4.297         64          63.997          33.903         -48.320      -24261.000        2757.000       15200.000      -31584.000       33527.000       22772.000      -26362.000       22224.000 
-12435  
-1  22  31           34.870         12          11.926         64          64.000          38.947         -37.681      -99851.000       -2581.000       42495.000     -118022.000       89946.000       75511.000     -114728.000       35742.000 
-12435  
-1  12  32           31.583          4           4.302         64          64.002          33.715         -48.340      -23852.000        4801.000       13370.000      -32503.000       34668.000       19891.000      -25271.000       23894.000 
-12435  
-1  22  33           34.927         12          11.922         64          64.000          39.052         -37.651     -100791.000       -6250.000       45892.000     -116018.000       87387.000       79076.000     -116774.000       31915.000 
-12435  
-1  12  34           31.593          4           4.295         64          64.003          33.644         -48.284      -24605.000        3957.000       14713.000      -31806.000       34177.000       22440.000      -25848.000       22478.000 
-12435  
-1  22  35           34.880         12          11.927         64          64.001          38.997         -37.657      -99470.000      -12524.000       52460.000     -113482.000       83431.000       82932.000     -118615.000       25449.000 
-12435  
-1  12  36           31.460          4           4.299         64          64.003          33.606         -48.385      -23982.000        3718.000       15189.000      -31423.000       33235.000       22078.000      -25927.000       22706.000 
-12435  
-1  22  37           34.917         12          11.925         64          64.002          38.887         -37.665     -100831.000       -6712.000       45927.000     -115755.000       86928.000       79645.000     -116325.000       31300.000 
-12435  
-1  12  38           31.280          4           4.297         64          64.003          33.688         -48.350      -23763.000        2631.000       16134.000      -31483.000       32812.000       23677.000      -26429.000       21552.000 
-12435  
-1  22  39           34.920         12          11.924         64          64.002          38.804         -37.686     -100245.000       -6642.000       47194.000     -115766.000       86519.000       78343.000     -116415.000       31213.000 
-12435  
-1  12  40           31.267          4           4.293         64          63.994          33.453         -48.379      -24085.000        2347.000       15920.000      -30856.000       33164.000       23201.000      -26195.000       21846.000 
-12435  
-1  22  41           34.960         12          11.924         64          64.002          39.025         -37.676      -99977.000        5747.000       33232.000     -120583.000       94862.000       67717.000     -112925.000       44558.000 
-12435  
-1  12  42           31.287          4           4.302         64          64.006          33.702         -48.408      -23119.000        3911.000       13862.000      -32540.000       34034.000       20949.000      -25189.000       23031.000 
-12435  
-1  22  43           34.913         12          11.924         64          64.003          38.946         -37.659     -100555.000       -1488.000       40256.000     -118832.000       90873.000       74192.000     -114916.000       37301.000 
-12435  
-1  12  44           31.363          4           4.296         64          64.002          33.483         -48.353      -23712.000        3770.000       14565.000      -32234.000       33887.000       21442.000      -25663.000       22949.000 
-12435  
-1  22  45           34.940         12          11.923         64          64.003          39.007         -37.652     -100438.000       -1228.000       42139.000     -117739.000       91157.000       74255.000     -115644.000       37009.000 
-12435  
-1  12  46           31.383          4           4.296         64          64.008          33.662         -48.328      -24384.000        2764.000       15908.000      -31890.000       32992.000       22924.000      -26259.000       21711.000 
-12435  
-1  22  47           34.880         12          11.926         64          64.000          38.881         -37.668     -100098.000       -7590.000       47285.000     -115614.000       86064.000       79430.000     -117119.000       31360.000 
-12435  
-1  12  48           31.673          4           4.300         64          64.003          33.751         -48.374      -24185.000        3551.000       13374.000      -31792.000       34120.000       21042.000      -25927.000       23063.000 
-12435  
-1  22  49           34.877         12          11.924         64          63.999          39.151         -37.672      -98852.000      -13896.000       55095.000     -112488.000       80723.000       85691.000     -118403.000       22693.000 
-12435  
-1  12  50           31.363          4           4.299         64          64.001          33.465         -48.357      -23355.000        3607.000       14106.000      -32074.000       33914.000       21941.000      -25877.000       23002.000 
-12435  
-1  22  51           34.933         12          11.925         64          64.004          39.287         -37.668      -97596.000      -18579.000       61124.000     -109163.000       75599.000       89850.000     -120497.000       16236.000 
-12435  
-1  12  52           31.660          4           4.298         64          64.002          33.449         -48.333      -23974.000        4359.000       12679.000      -32487.000       34361.000       21043.000      -25414.000       23729.000 
-12435  
-1  22  53           34.920         12          11.925         64          64.002          38.804         -37.659      -99819.000       -5494.000       46387.000     -117028.000       87416.000       78691.000     -116375.000       31567.000 
-12435  
-1  12  54           31.547          4           4.302         64          64.008          33.681         -48.352      -24457.000        2786.000       15626.000      -31505.000       33077.000       22875.000      -26482.000       21446.000 
-12435  
-1  22  55           34.850         12          11.925         64          64.002          39.006         -37.692      -99994.000      -11695.000       52029.000     -113473.000       82779.000       82968.000     -116923.000       26087.000 
-12435  
-1  12  56           31.570          4           4.303         64          64.002          33.555         -48.395      -24062.000        2990.000       15520.000      -31068.000       33232.000       22519.000      -26597.000       21512.000 
-12435  
-1  22  57           34.877         12          11.920         64          64.000          39.014         -37.641     -100846.000        -167.000       39753.000     -119609.000       91397.000       73495.000     -114397.000       39180.000 
-12435  
-1  12  58           31.427          4           4.292         64          64.002          33.414         -48.392      -23822.000        2926.000       14921.000      -31445.000       33204.000       22449.000      -26262.000       22267.000 
-12435  
-1  22  59           34.937         12          11.923         64          64.001          38.996         -37.669      -99904.000      -14382.000       55148.000     -112103.000       80729.000       84181.000     -119061.000       22512.000 
-12435  
-1  12  60           31.600          4           4.297         64          63.996          33.566         -48.338      -24412.000        2906.000       15067.000      -31420.000       33030.000       22440.000      -26687.000       22603.000 
-12435  
-1  22  61           34.830         12          11.922         64          64.000          38.661         -37.681      -98723.000      -15586.000       56783.000     -112005.000       78953.000       85720.000     -118817.000       21863.000 
-12435  
-1  12  62           31.373          4           4.297         64          64.002          33.490         -48.334      -24152.000        3190.000       15079.000      -31794.000       33558.000       21784.000      -26077.000       22994.000 
-12435  
-1  22  63           34.897         12          11.926         64          64.000          39.015         -37.683      -99124.000       -9204.000       48947.000     -115038.000       84770.000       80385.000     -117838.000       29005.000 
-12435  
-1  12  64           31.467          4           4.300         64          63.999          33.723         -48.364      -24082.000        3471.000       14031.000      -32066.000       33797.000       21590.000      -25652.000       22921.000 
-12435  
-1  22  65           34.927         12          11.926         64          64.000          38.868         -37.647     -100206.000      -10995.000       52012.000     -114694.000       82844.000       82570.000     -118244.000       26003.000 
-12435  
-1  12  66           31.687          4           4.299         64          64.004          33.942         -48.331      -24650.000        4685.000       13448.000      -32040.000       34303.000       21044.000      -25063.000       23647.000 
-12435  
-1  22  67           34.930         12          11.922         64          63.999          38.842         -37.680     -100337.000       -6942.000       46423.000     -115596.000       86715.000       79099.000     -116561.000       30824.000 
-12435  
-1  12  68           31.247          4           4.296         64          64.004          33.603         -48.345      -23569.000        4041.000       14405.000      -32107.000       34573.000       21625.000      -25052.000       22984.000 
-12435  
-1  22  69           34.907         12          11.921         64          64.001          38.783         -37.684     -100447.000       -7308.000       47706.000     -114895.000       85356.000       79535.000     -116946.000       31432.000 
-12435  
-1  12  70           31.457          4           4.298         64          64.003          33.663         -48.345      -24427.000        2968.000       15598.000      -31226.000       33128.000       22605.000      -26357.000       22417.000 
-12435  
-1  22  71           34.917         12          11.921         64          63.998          38.898         -37.658     -100080.000       -5966.000       46077.000     -116317.000       87898.000       78807.000     -116522.000       31695.000 
-12435  
-1  12  72           31.557          4           4.298         64          64.011          33.715         -48.361      -23924.000        2813.000       15284.000      -31741.000       32930.000       22589.000      -26847.000       21792.000 
-12435  
-1  22  73           34.913         12          11.924         64          64.003          38.843         -37.689      -99461.000      -13465.000       55066.000     -111335.000       80899.000       85478.000     -118116.000       23042.000 
-12435  
-1  12  74           31.490          4           4.298         64          63.997          33.852         -48.364      -23989.000        3303.000       14001.000      -31972.000       33835.000       21662.000      -25896.000       22791.000 
-12435  
-1  22  75           34.957         12          11.924         64          63.998          39.012         -37.668      -99714.000        4908.000       33977.000     -120435.000       95476.000       68589.000     -113075.000       43204.000 
-12435  
-1  12  76           31.453          4           4.301         64          64.006          33.577         -48.356      -23749.000        3928.000       13856.000      -32345.000       34279.000       21133.000      -25532.000       22937.000 
-12435  
-1  22  77           34.943         12          11.919         64          64.001          39.013         -37.669     -100385.000       -6616.000       45327.000     -115886.000       87786.000       77695.000     -117204.000       31724.000 
-12435  
-1  12  78           31.557          4           4.296         64          64.006          33.630         -48.360      -24193.000        3619.000       14914.000      -31487.000       33730.000       22069.000      -26047.000       22312.000 
-12435  
-1  22  79           34.817         12          11.924         64          64.002          38.986         -37.679     -100008.000       -3477.000       42970.000     -117319.000       89535.000       76284.000     -114978.000       35817.000 
-12435  
-1  12  80           31.573          4           4.306         64          64.002          33.864         -48.297      -24096.000        4183.000       15062.000      -32396.000       33927.000       21436.000      -26169.000       22589.000 
-12435  
-1  22  81           34.900         12          11.926         64          64.002          39.151         -37.655     -100742.000       -1562.000       42221.000     -118284.000       90815.000       74524.000     -114800.000       36864.000 
-12435  
-1  12  82           31.543          4           4.295         64          63.999          33.578         -48.447      -23707.000        4060.000       13285.000      -32546.000       33732.000       19872.000      -25152.000       23282.000 
-12435  
-1  22  83           34.907         12          11.923         64          64.006          38.969         -37.667      -99194.000      -14187.000       54726.000     -112885.000       80238.000       84924.000     -119015.000       22790.000 
-12435  
-1  12  84           31.453          4           4.296         64          64.007          33.317         -48.390      -23942.000        3862.000       14314.000      -32114.000       33793.000       21005.000      -25461.000       22928.000 
-12435  
-1  22  85           34.870         12          11.925         64          64.000          38.774         -37.709     -100394.000       -6892.000       47233.000     -114720.000       86997.000       78787.000     -115406.000       31285.000 
-12435  
-1  12  86           31.323          4           4.301         64          64.003          33.736         -48.297      -24025.000        2755.000       15619.000      -31718.000       33263.000       22780.000      -26606.000       22634.000 
-12435  
-1  22  87           34.950         12          11.926         64          64.004          39.278         -37.689      -99623.000       -5364.000       44615.000     -116389.000       87128.000       78269.000     -116702.000       31897.000 
-12435  
-1  12  88           31.367          4           4.301         64          64.001          33.469         -48.391      -23610.000        3593.000       13924.000      -31957.000       34024.000       21387.000      -25479.000       23045.000 
-12435  
-1  22  89           34.940         12          11.923         64          64.000          38.932         -37.691      -99481.000      -11113.000       52849.000     -113036.000       82195.000       83247.000     -117898.000       25144.000 
-12435  
-1  12  90           31.720          4           4.299         64          63.994          33.653         -48.370      -23760.000        3858.000       14023.000      -31952.000       33565.000       21624.000      -26466.000       22603.000 
-12435  
-1  22  91           34.873         12          11.927         64          64.001          39.171         -37.669      -98689.000      -15421.000       56135.000     -111616.000       79759.000       86230.000     -119273.000       21788.000 
-12435  
-1  12  92           31.497          4           4.299         64          63.993          33.503         -48.391      -23828.000        3650.000       14323.000      -31887.000       33638.000       21241.000      -25859.000       22932.000 
-12435  
-1  22  93           34.940         12          11.924         64          64.001          38.843         -37.667      -99837.000      -11779.000       53398.000     -113379.000       82563.000       82818.000     -118380.000       24734.000 
-12435  
-1  12  94           31.490          4           4.301         64          64.004          33.514         -48.354      -23762.000        3832.000       14417.000      -31742.000       34127.000       21498.000      -25984.000       22864.000 
-12435  
-1  22  95           34.883         12          11.925         64          64.003          39.145         -37.644      -98608.000      -19189.000       60666.000     -109754.000       76174.000       89819.000     -120071.000       17054.000 
-12435  
-1  12  96           31.587          4           4.304         64          64.001          33.848         -48.369      -23772.000        3804.000       13136.000      -32098.000       34042.000       21074.000      -25753.000       23557.000 
-12435  
-1  22  97           34.880         12          11.923         64          64.003          38.827         -37.652     -100184.000       -6278.000       45458.000     -117231.000       87483.000       78209.000     -116579.000       32408.000 
-12435  
-1  12  98           31.483          4           4.304         64          63.998          33.473         -48.393      -23710.000        3633.000       14080.000      -32106.000       33686.000       21378.000      -25773.000       22764.000 
-12435  
-1  22  99           34.950         12          11.921         64          64.000          39.010         -37.649      -99538.000       -4971.000       46752.000     -117025.000       87182.000       78268.000     -117374.000       31873.000 
-12435  
