-1  12  1          -12.967          4           4.310         64          64.003          37.948         -43.850       15624.000       65782.000       37639.000       18464.000       61189.000       -7192.000       23092.000      -48726.000 
-12435  
-1  22  2          -11.993         12          12.054         64          64.008          41.787         -35.063      109153.000     -137368.000      -33081.000     -118724.000     -117983.000     -128364.000     -148477.000       11823.000 
-12435  
-1  12  3          -12.987          4           4.310         64          64.005          38.062         -43.897       20633.000       63984.000       38988.000       15028.000       59893.000      -12223.000       18501.000      -50457.000 
-12435  
-1  22  4          -11.993         12          12.056         64          64.006          41.513         -35.033      120773.000     -127583.000      -22770.000     -121869.000     -106785.000     -138439.000     -149817.000       -1626.000 
-12435  
-1  12  5          -12.967          4           4.310         64          64.001          37.969         -43.928       23126.000       62498.000       39559.000       13500.000       58865.000      -14455.000       17302.000      -51361.000 
-12435  
-1  22  6          -11.997         12          12.054         64          63.997          41.629         -35.027      121574.000     -126718.000      -22280.000     -121923.000     -106489.000     -138966.000     -150070.000        -126.000 
-12435  
-1  12  7          -12.980          4           4.309         64          63.999          38.040         -43.891       23792.000       62812.000       39708.000       13166.000       59192.000      -15320.000       16453.000      -51356.000 
-12435  
-1  22  8          -11.993         12          12.053         64          63.995          41.649         -35.040      100886.000     -142860.000      -40289.000     -117380.000     -126157.000     -122015.000     -147928.000       20458.000 
-12435  
-1  12  9          -12.960          4           4.310         64          63.996          37.974         -43.893       18199.000       64314.000       38906.000       16393.000       60234.000       -9741.000       21263.000      -49772.000 
-12435  
-1  22  10          -11.997         12          12.055         64          64.002          41.676         -35.044      129900.000     -116420.000      -13122.000     -123575.000      -95963.000     -146200.000     -149570.000      -13115.000 
-12435  
-1  12  11          -12.953          4           4.313         64          64.004          37.823         -43.902       16401.000       64648.000       38008.000       17444.000       60823.000       -8120.000       22808.000      -48923.000 
-12435  
-1  22  12          -11.993         12          12.058         64          64.006          41.391         -35.064      116608.000     -129780.000      -27015.000     -120298.000     -110025.000     -135667.000     -149566.000        3957.000 
-12435  
-1  12  13          -12.970          4           4.310         64          64.006          37.792         -43.894       18222.000       64446.000       38485.000       16334.000       60265.000       -9870.000       21096.000      -49935.000 
-12435  
-1  22  14          -11.997         12          12.057         64          64.006          41.498         -35.035      108440.000     -136913.000      -34068.000     -119748.000     -117879.000     -128280.000     -150548.000       13297.000 
-12435  
-1  12  15          -12.973          4           4.312         64          64.003          37.728         -43.956       21334.000       62840.000       39090.000       14266.000       59512.000      -12783.000       18081.000      -50487.000 
-12435  
-1  22  16          -11.993         12          12.055         64          64.001          41.476         -35.029      106774.000     -139008.000      -36335.000     -118542.000     -120228.000     -127358.000     -149418.000       15101.000 
-12435  
-1  12  17          -13.010          4           4.313         64          63.999          38.321         -43.899       20858.000       63626.000       38685.000       14959.000       59727.000      -12783.000       18084.000      -51226.000 
-12435  
-1  22  18          -11.993         12          12.052         64          63.999          41.492         -35.047      116160.000     -131107.000      -27452.000     -120381.000     -110771.000     -134763.000     -150184.000        4234.000 
-12435  
-1  12  19          -12.973          4           4.312         64          63.999          37.824         -43.928       20769.000       63585.000       38781.000       15284.000       59802.000      -12539.000       18875.000      -49991.000 
-12435  
-1  22  20          -11.993         12          12.057         64          64.003          41.496         -34.993      106072.000     -139468.000      -37727.000     -119265.000     -122625.000     -126317.000     -150167.000       16257.000 
-12435  
-1  12  21          -12.973          4           4.313         64          64.002          37.790         -43.913       19378.000       63963.000       38234.000       15477.000       60041.000      -11347.000       20360.000      -50265.000 
-12435  
-1  22  22          -11.993         12          12.054         64          64.002          41.535         -35.036      117229.000     -129149.000      -25764.000     -121663.000     -109395.000     -137072.000     -150113.000        2210.000 
-12435  
-1  12  23          -12.970          4           4.312         64          64.007          37.976         -43.895       19341.000       64131.000       38135.000       15695.000       60427.000      -11019.000       20307.000      -50251.000 
-12435  
-1  22  24          -11.997         12          12.056         64          63.999          41.448         -35.034       99146.000     -144217.000      -41942.000     -116419.000     -128492.000     -119504.000     -148087.000       23424.000 
-12435  
-1  12  25          -12.967          4           4.311         64          64.003          38.110         -43.913       21695.000       63479.000       39503.000       14879.000       59548.000      -12789.000       18147.000      -50235.000 
-12435  
-1  22  26          -11.997         12          12.056         64          64.000          41.586         -35.041      120442.000     -126723.000      -23093.000     -121473.000     -107218.000     -138547.000     -150054.000        -975.000 
-12435  
-1  12  27          -12.980          4           4.310         64          64.003          38.014         -43.911       19403.000       63974.000       38686.000       15586.000       59668.000      -11146.000       20055.000      -50544.000 
-12435  
-1  22  28          -11.997         12          12.057         64          64.000          41.416         -35.016      123668.000     -124037.000      -20018.000     -123516.000     -103653.000     -140998.000     -150540.000       -4263.000 
-12435  
-1  12  29          -12.937          4           4.308         64          64.004          37.923         -43.874       20440.000       64072.000       39017.000       15837.000       59964.000      -10762.000       20132.000      -50456.000 
-12435  
-1  22  30          -11.997         12          12.054         64          64.001          41.521         -35.026      116905.000     -130721.000      -27112.000     -120756.000     -111198.000     -135732.000     -150111.000        4305.000 
-12435  
-1  12  31          -12.947          4           4.314         64          64.005          38.118         -43.888       20857.000       63522.000       39163.000       15599.000       60420.000      -11475.000       19349.000      -50132.000 
-12435  
-1  22  32          -11.997         12          12.057         64          64.003          41.547         -35.043      126581.000     -121554.000      -16870.000     -122032.000     -100312.000     -143442.000     -149447.000       -7939.000 
-12435  
-1  12  33          -12.957          4           4.308         64          64.007          37.893         -43.904       20551.000       63709.000       38938.000       14863.000       59922.000      -11275.000       19243.000      -50647.000 
-12435  
-1  22  34          -11.997         12          12.053         64          64.001          41.787         -35.013      115755.000     -131958.000      -28302.000     -121089.000     -113149.000     -134438.000     -150081.000        5155.000 
-12435  
-1  12  35          -12.977          4           4.313         64          64.001          37.892         -43.848       20592.000       63859.000       39322.000       15042.000       60577.000      -12158.000       18994.000      -50849.000 
-12435  
-1  22  36          -11.997         12          12.055         64          64.002          41.607         -35.043      127867.000     -119719.000      -15658.000     -123033.000      -98355.000     -144590.000     -149297.000       -9237.000 
-12435  
-1  12  37          -12.977          4           4.314         64          64.000          37.915         -43.905       19168.000       64233.000       38852.000       16353.000       59761.000      -10692.000       20204.000      -50048.000 
-12435  
-1  22  38          -11.997         12          12.057         64          64.001          41.546         -35.044      124187.000     -122828.000      -18841.000     -122831.000     -102135.000     -141342.000     -150279.000       -6352.000 
-12435  
-1  12  39          -12.953          4           4.314         64          64.003          38.105         -43.922       21317.000       63398.000       38675.000       14761.000       59795.000      -12337.000       18937.000      -50450.000 
-12435  
-1  22  40          -11.993         12          12.057         64          64.001          41.445         -35.030      124071.000     -123353.000      -18705.000     -122828.000     -102379.000     -142111.000     -150164.000       -5862.000 
-12435  
-1  12  41          -12.980          4           4.307         64          63.998          37.863         -43.881       17889.000       64561.000       38656.000       16449.000       60505.000       -9687.000       20850.000      -49952.000 
-12435  
-1  22  42          -11.997         12          12.054         64          64.002          41.342         -35.014      123084.000     -125305.000      -20924.000     -123049.000     -103988.000     -140515.000     -150603.000       -2889.000 
-12435  
-1  12  43          -12.960          4           4.312         64          64.001          37.774         -43.909       21681.000       63481.000       38964.000       14645.000       59606.000      -12604.000       18541.000      -50676.000 
-12435  
-1  22  44          -11.997         12          12.055         64          64.005          41.841         -35.049      110047.000     -135084.000      -32574.000     -119367.000     -117533.000     -130121.000     -149449.000       11653.000 
-12435  
-1  12  45          -12.943          4           4.309         64          64.001          38.065         -43.910       19569.000       63971.000       39118.000       15615.000       59729.000      -10438.000       20484.000      -50075.000 
-12435  
-1  22  46          -11.997         12          12.057         64          64.001          41.528         -35.027      111095.000     -135922.000      -32625.000     -118899.000     -117515.000     -130493.000     -149693.000       10581.000 
-12435  
-1  12  47          -12.977          4           4.311         64          64.001          38.091         -43.893       22397.000       63235.000       39218.000       13738.000       59434.000      -13866.000       17773.000      -51339.000 
-12435  
-1  22  48          -11.993         12          12.054         64          64.001          41.640         -35.044      111248.000     -135188.000      -31880.000     -119735.000     -116432.000     -131130.000     -148735.000       10552.000 
-12435  
-1  12  49          -12.970          4           4.309         64          64.003          37.709         -43.867       22019.000       63787.000       39176.000       14125.000       59711.000      -13369.000       18238.000      -51135.000 
-12435  
-1  22  50          -11.997         12          12.054         64          63.999          41.393         -35.033      110167.000     -136915.000      -32520.000     -119376.000     -117040.000     -128976.000     -150210.000       12184.000 
-12435  
-1  12  51          -12.967          4           4.311         64          63.999          37.829         -43.897       18647.000       64021.000       39049.000       16031.000       60109.000       -9994.000       20651.000      -50236.000 
-12435  
-1  22  52          -11.997         12          12.055         64          64.000          41.860         -35.045      114062.000     -132263.000      -28602.000     -121036.000     -113117.000     -132970.000     -149930.000        6299.000 
-12435  
-1  12  53          -12.960          4           4.314         64          64.002          38.412         -43.873       16977.000       65446.000       38110.000       17050.000       60606.000       -8515.000       22103.000      -49125.000 
-12435  
-1  22  54          -11.997         12          12.054         64          64.003          41.716         -35.059      113124.000     -133102.000      -29570.000     -120144.000     -113665.000     -132787.000     -149041.000        8402.000 
-12435  
-1  12  55          -12.987          4           4.313         64          64.000          38.007         -43.886       17980.000       64078.000       39025.000       16529.000       60500.000      -10255.000       20781.000      -50001.000 
-12435  
-1  22  56          -11.993         12          12.056         64          64.003          41.342         -35.060      115597.000     -131186.000      -26293.000     -121544.000     -110795.000     -134292.000     -149221.000        3753.000 
-12435  
-1  12  57          -12.973          4           4.310         64          64.001          37.927         -43.900       22391.000       62505.000       39509.000       13865.000       60003.000      -13980.000       17543.000      -51147.000 
-12435  
-1  22  58          -11.993         12          12.057         64          64.002          41.786         -35.043      131456.000     -115302.000      -12082.000     -123183.000      -93292.000     -148327.000     -149016.000      -14095.000 
-12435  
-1  12  59          -12.987          4           4.309         64          64.002          38.129         -43.870       21995.000       63472.000       39219.000       14011.000       59919.000      -13779.000       17728.000      -51280.000 
-12435  
-1  22  60          -11.993         12          12.054         64          64.000          41.463         -35.017      117370.000     -129487.000      -25215.000     -121327.000     -110102.000     -137998.000     -150109.000        2707.000 
-12435  
-1  12  61          -12.957          4           4.310         64          64.005          37.721         -43.914       22615.000       62876.000       39423.000       14045.000       59427.000      -13647.000       17841.000      -50878.000 
-12435  
-1  22  62          -11.993         12          12.054         64          63.999          41.690         -35.037      123357.000     -123263.000      -19970.000     -122548.000     -103098.000     -141430.000     -150563.000       -5581.000 
-12435  
-1  12  63          -12.983          4           4.311         64          64.004          37.811         -43.889       18713.000       64674.000       38487.000       16161.000       60388.000      -10766.000       20184.000      -49698.000 
-12435  
-1  22  64          -11.993         12          12.057         64          64.001          41.282         -35.080      122303.000     -123907.000      -20320.000     -121969.000     -103563.000     -140434.000     -148721.000       -3583.000 
-12435  
-1  12  65          -12.963          4           4.313         64          64.000          37.862         -43.900       18208.000       64651.000       38605.000       16926.000       60198.000       -9859.000       21212.000      -49237.000 
-12435  
-1  22  66          -11.997         12          12.053         64          64.001          41.682         -35.029      112765.000     -134343.000      -30437.000     -120111.000     -114858.000     -131508.000     -150492.000        8477.000 
-12435  
-1  12  67          -12.980          4           4.312         64          64.000          37.772         -43.899       19608.000       64015.000       39017.000       15782.000       59950.000      -10794.000       19492.000      -50396.000 
-12435  
-1  22  68          -11.997         12          12.055         64          64.004          41.498         -35.039      113383.000     -132683.000      -29273.000     -119859.000     -114583.000     -133069.000     -150095.000        7496.000 
-12435  
-1  12  69          -12.967          4           4.311         64          63.998          37.830         -43.876       21120.000       64009.000       39044.000       15338.000       60045.000      -12069.000       18836.000      -50451.000 
-12435  
-1  22  70          -11.997         12          12.053         64          64.002          41.503         -35.035      110889.000     -134679.000      -31107.000     -120079.000     -116582.000     -130878.000     -150218.000        9674.000 
-12435  
-1  12  71          -12.983          4           4.313         64          63.998          37.859         -43.923       23161.000       62220.000       39409.000       12925.000       59652.000      -14878.000       16299.000      -51387.000 
-12435  
-1  22  72          -11.993         12          12.057         64          64.000          41.657         -35.016      116806.000     -130142.000      -26759.000     -122238.000     -110590.000     -136168.000     -150398.000        3065.000 
-12435  
-1  12  73          -12.970          4           4.310         64          64.005          37.786         -43.925       23094.000       62857.000       39407.000       13284.000       59141.000      -14139.000       16931.000      -51087.000 
-12435  
-1  22  74          -11.997         12          12.056         64          64.001          41.763         -35.032      116281.000     -130722.000      -27403.000     -120122.000     -111762.000     -135380.000     -150460.000        4179.000 
-12435  
-1  12  75          -12.960          4           4.311         64          64.001          37.865         -43.888       21221.000       63625.000       39659.000       14689.000       59718.000      -12151.000       18690.000      -50674.000 
-12435  
-1  22  76          -11.997         12          12.055         64          63.999          41.711         -35.040      124349.000     -123219.000      -20031.000     -121894.000     -102721.000     -141755.000     -150061.000       -4322.000 
-12435  
-1  12  77          -12.953          4           4.314         64          64.006          37.942         -43.905       21012.000       63851.000       38702.000       15295.000       59894.000      -11566.000       19083.000      -50311.000 
-12435  
-1  22  78          -11.993         12          12.056         64          64.003          41.590         -35.038      122151.000     -124929.000      -20519.000     -122385.000     -104227.000     -140566.000     -150236.000       -3438.000 
-12435  
-1  12  79          -12.990          4           4.309         64          64.003          37.964         -43.886       17807.000       64767.000       38781.000       16333.000       60290.000       -9925.000       20514.000      -49878.000 
-12435  
-1  22  80          -11.997         12          12.057         64          64.000          41.482         -35.036      114158.000     -132056.000      -27486.000     -120166.000     -114353.000     -133524.000     -150183.000        6621.000 
-12435  
-1  12  81          -12.963          4           4.308         64          63.997          37.842         -43.905       20608.000       63658.000       38970.000       15676.000       59638.000      -11664.000       19499.000      -50524.000 
-12435  
-1  22  82          -11.997         12          12.055         64          64.002          41.237         -35.052      124145.000     -122737.000      -18502.000     -122632.000     -102507.000     -141459.000     -149656.000       -5785.000 
-12435  
-1  12  83          -12.987          4           4.312         64          64.001          38.333         -43.889       20337.000       63874.000       39122.000       14855.000       60088.000      -12096.000       18621.000      -50658.000 
-12435  
-1  22  84          -11.997         12          12.054         64          64.002          41.402         -35.056      125971.000     -121036.000      -17791.000     -122875.000     -100844.000     -142180.000     -149529.000       -6785.000 
-12435  
-1  12  85          -12.967          4           4.310         64          64.004          37.834         -43.880       21065.000       63700.000       39323.000       14723.000       60057.000      -12019.000       18635.000      -50772.000 
-12435  
-1  22  86          -11.997         12          12.052         64          63.999          41.470         -35.026      116173.000     -130813.000      -26827.000     -121132.000     -112000.000     -134731.000     -150576.000        4629.000 
-12435  
-1  12  87          -12.980          4           4.312         64          64.000          37.870         -43.898       19872.000       64028.000       38870.000       15248.000       60009.000      -11194.000       19202.000      -50545.000 
-12435  
-1  22  88          -11.993         12          12.055         64          64.001          41.598         -35.047      115609.000     -131560.000      -27838.000     -120463.000     -111186.000     -134643.000     -149814.000        4519.000 
-12435  
-1  12  89          -12.963          4           4.309         64          64.002          37.740         -43.872       21713.000       63779.000       39433.000       14450.000       59854.000      -12603.000       18347.000      -50841.000 
-12435  
-1  22  90          -11.997         12          12.057         64          64.001          41.438         -35.020      124338.000     -124503.000      -19527.000     -122198.000     -103273.000     -141183.000     -150542.000       -3644.000 
-12435  
-1  12  91          -12.983          4           4.309         64          64.004          37.950         -43.921       21112.000       63255.000       38966.000       14202.000       59668.000      -12719.000       18161.000      -50998.000 
-12435  
-1  22  92          -11.997         12          12.053         64          64.002          41.436         -35.047      124273.000     -123275.000      -19358.000     -122118.000     -102822.000     -140844.000     -150179.000       -4703.000 
-12435  
-1  12  93          -12.977          4           4.309         64          64.006          38.045         -43.927       18435.000       64112.000       38214.000       16081.000       60146.000      -10025.000       20525.000      -49936.000 
-12435  
-1  22  94          -11.997         12          12.055         64          64.003          41.391         -35.026      125225.000     -122870.000      -18893.000     -122680.000     -103172.000     -141258.000     -150269.000       -5369.000 
-12435  
-1  12  95          -12.970          4           4.311         64          64.001          37.937         -43.895       22578.000       62633.000       39879.000       13645.000       59565.000      -14573.000       17706.000      -51131.000 
-12435  
-1  22  96          -11.997         12          12.054         64          64.002          41.289         -35.039      112083.000     -134580.000      -30889.000     -119961.000     -116623.000     -130597.000     -149575.000        8173.000 
-12435  
-1  12  97          -12.977          4           4.310         64          64.002          38.098         -43.895       18740.000       64415.000       38371.000       15774.000       60587.000      -10368.000       20230.000      -49892.000 
-12435  
-1  22  98          -11.997         12          12.053         64          64.002          41.458         -35.031      115387.000     -131077.000      -28135.000     -120951.000     -112911.000     -133901.000     -150464.000        6635.000 
-12435  
-1  12  99          -12.963          4           4.312         64          64.000          37.878         -43.874       22406.000       63105.000       39406.000       14094.000       59542.000      -12971.000       18087.000      -51799.000 
-12435  
