-1  22  1           -1.260         12          12.005         64          64.004          41.670         -34.873      -32378.000      157823.000       16242.000      146026.000       56787.000      167894.000       43493.000      148727.000 
-12435  
-1  12  2           -1.893          4           4.295         64          64.002          50.362         -24.792      503800.000     -176993.000      360009.000     -291459.000      351300.000     -431005.000      318129.000     -372952.000 
-12435  
-1  22  3           -1.220         12          12.007         64          63.997          41.668         -34.837      -39813.000      155715.000        8865.000      147252.000       48123.000      172498.000       36149.000      151201.000 
-12435  
-1  12  4           -1.893          4           4.296         64          63.998          50.994         -24.792      516184.000     -135477.000      382087.000     -261953.000      385382.000     -401128.000      346782.000     -346487.000 
-12435  
-1  22  5           -1.257         12          12.005         64          63.999          41.574         -34.871      -49642.000      152801.000       -1033.000      148357.000       37292.000      173318.000       26045.000      151911.000 
-12435  
-1  12  6           -1.897          4           4.295         64          64.003          50.685         -24.790      517074.000     -131814.000      384508.000     -259427.000      387549.000     -399010.000      349375.000     -343710.000 
-12435  
-1  22  7           -1.167         12          12.007         64          64.007          41.535         -34.852      -41557.000      155315.000        7541.000      147489.000       45797.000      172394.000       33428.000      151226.000 
-12435  
-1  12  8           -1.887          4           4.295         64          64.006          50.648         -24.785      512606.000     -150988.000      374536.000     -273151.000      373489.000     -412603.000      337066.000     -356163.000 
-12435  
-1  22  9           -1.200         12          12.004         64          64.001          41.818         -34.849      -34556.000      156186.000       13720.000      147462.000       54041.000      170244.000       40341.000      149939.000 
-12435  
-1  12  10           -1.890          4           4.295         64          64.000          51.050         -24.782      506866.000     -167318.000      365282.000     -284963.000      360358.000     -425367.000      325652.000     -367433.000 
-12435  
-1  22  11           -1.227         12          12.007         64          64.000          41.488         -34.838      -41366.000      155436.000        6655.000      147953.000       46150.000      172213.000       34402.000      151717.000 
-12435  
-1  12  12           -1.890          4           4.295         64          63.999          50.828         -24.795      511703.000     -150634.000      374540.000     -273128.000      372470.000     -412672.000      336856.000     -355702.000 
-12435  
-1  22  13           -1.217         12          12.005         64          64.001          41.672         -34.845      -57125.000      149885.000       -7824.000      147330.000       29521.000      175870.000       18022.000      154960.000 
-12435  
-1  12  14           -1.907          4           4.296         64          64.004          50.401         -24.790      519481.000     -122997.000      388658.000     -252327.000      394244.000     -392242.000      355081.000     -338482.000 
-12435  
-1  22  15           -1.213         12          12.007         64          64.004          41.521         -34.843      -42589.000      155393.000        6380.000      147922.000       45274.000      172448.000       33104.000      151385.000 
-12435  
-1  12  16           -1.900          4           4.296         64          64.003          50.625         -24.788      508974.000     -162679.000      368093.000     -281536.000      363173.000     -421659.000      328009.000     -363882.000 
-12435  
-1  22  17           -1.290         12          12.005         64          63.999          41.718         -34.824      -39697.000      155822.000        9431.000      148624.000       50055.000      171681.000       36435.000      151009.000 
-12435  
-1  12  18           -1.897          4           4.296         64          64.000          50.627         -24.786      513721.000     -145451.000      376915.000     -269099.000      377574.000     -409099.000      340853.000     -353500.000 
-12435  
-1  22  19           -1.237         12          12.006         64          63.998          41.497         -34.823      -43257.000      155174.000        5209.000      148249.000       44059.000      173240.000       33125.000      152167.000 
-12435  
-1  12  20           -1.903          4           4.295         64          64.002          51.752         -24.783      515870.000     -139542.000      381038.000     -265128.000      382085.000     -404312.000      344174.000     -349714.000 
-12435  
-1  22  21           -1.287         12          12.003         64          63.999          41.642         -34.833      -56512.000      150972.000       -7589.000      148183.000       30275.000      175998.000       19591.000      153739.000 
-12435  
-1  12  22           -1.893          4           4.296         64          64.004          50.944         -24.788      512206.000     -149159.000      375450.000     -272434.000      374182.000     -411825.000      337702.000     -355644.000 
-12435  
-1  22  23           -1.203         12          12.006         64          64.002          41.601         -34.839      -49638.000      153196.000        -505.000      148143.000       37599.000      174792.000       25606.000      152575.000 
-12435  
-1  12  24           -1.900          4           4.296         64          64.004          50.890         -24.790      511218.000     -152580.000      373352.000     -274287.000      371633.000     -414185.000      335219.000     -358140.000 
-12435  
-1  22  25           -1.187         12          12.005         64          63.998          41.600         -34.835      -36646.000      156320.000       11579.000      148429.000       51375.000      170587.000       38313.000      150769.000 
-12435  
-1  12  26           -1.887          4           4.295         64          64.002          51.879         -24.786      518938.000     -126939.000      386814.000     -256078.000      392107.000     -394772.000      352758.000     -340308.000 
-12435  
-1  22  27           -1.227         12          12.004         64          64.002          41.652         -34.862      -53043.000      151579.000       -4356.000      148453.000       32456.000      174909.000       22750.000      152381.000 
-12435  
-1  12  28           -1.887          4           4.295         64          64.002          50.654         -24.781      521163.000     -116405.000      392490.000     -247631.000      400762.000     -387017.000      360043.000     -333377.000 
-12435  
-1  22  29           -1.257         12          12.003         64          64.002          41.598         -34.854      -39889.000      155613.000        8430.000      147827.000       48473.000      171287.000       35871.000      150747.000 
-12435  
-1  12  30           -1.893          4           4.296         64          64.004          50.283         -24.788      515013.000     -142650.000      379322.000     -266545.000      380014.000     -406143.000      342382.000     -350600.000 
-12435  
-1  22  31           -1.267         12          12.004         64          64.001          41.615         -34.823      -50335.000      153531.000       -1494.000      148671.000       37017.000      173937.000       26175.000      153789.000 
-12435  
-1  12  32           -1.890          4           4.295         64          64.003          50.361         -24.792      510377.000     -155327.000      372145.000     -275938.000      369421.000     -415870.000      333942.000     -358989.000 
-12435  
-1  22  33           -1.333         12          12.004         64          64.001          41.576         -34.839      -33295.000      157476.000       15282.000      148177.000       56484.000      168467.000       43132.000      149175.000 
-12435  
-1  12  34           -1.893          4           4.295         64          64.001          50.674         -24.789      518669.000     -124969.000      387406.000     -254377.000      393115.000     -393683.000      354142.000     -339742.000 
-12435  
-1  22  35           -1.187         12          12.007         64          64.000          41.519         -34.849      -36754.000      157206.000       11425.000      146491.000       50336.000      170723.000       39069.000      150556.000 
-12435  
-1  12  36           -1.887          4           4.296         64          64.003          51.355         -24.789      515837.000     -137980.000      381102.000     -263025.000      384114.000     -402758.000      346071.000     -347549.000 
-12435  
-1  22  37           -1.213         12          12.005         64          64.000          41.511         -34.845      -52768.000      152204.000       -4199.000      147888.000       33605.000      174847.000       22609.000      153599.000 
-12435  
-1  12  38           -1.897          4           4.295         64          64.003          50.412         -24.789      511787.000     -150769.000      374541.000     -273164.000      373077.000     -413130.000      336420.000     -356696.000 
-12435  
-1  22  39           -1.207         12          12.008         64          64.003          41.663         -34.841      -38568.000      155875.000        9717.000      148021.000       49152.000      171364.000       36957.000      150970.000 
-12435  
-1  12  40           -1.890          4           4.296         64          64.002          50.861         -24.789      515131.000     -141139.000      379105.000     -265770.000      380729.000     -405973.000      343985.000     -349527.000 
-12435  
-1  22  41           -1.217         12          12.008         64          64.001          41.680         -34.834      -41476.000      155348.000        7042.000      148043.000       46439.000      172628.000       34098.000      151530.000 
-12435  
-1  12  42           -1.893          4           4.295         64          64.002          50.523         -24.788      517963.000     -129435.000      385236.000     -257194.000      390092.000     -396867.000      351529.000     -342284.000 
-12435  
-1  22  43           -1.167         12          12.007         64          64.000          41.650         -34.833      -52983.000      152221.000       -3612.000      148358.000       32675.000      175219.000       22416.000      153774.000 
-12435  
-1  12  44           -1.887          4           4.295         64          64.003          50.546         -24.782      515358.000     -140538.000      380296.000     -265940.000      381901.000     -405368.000      344083.000     -349504.000 
-12435  
-1  22  45           -1.147         12          12.006         64          64.001          41.520         -34.843      -51742.000      152445.000       -2504.000      148209.000       34424.000      174014.000       23045.000      154278.000 
-12435  
-1  12  46           -1.890          4           4.295         64          64.002          50.566         -24.787      508068.000     -164061.000      367722.000     -282138.000      362900.000     -421707.000      327891.000     -365027.000 
-12435  
-1  22  47           -1.237         12          12.005         64          64.000          41.626         -34.826      -22948.000      159236.000       24308.000      146799.000       65781.000      166051.000       52355.000      146360.000 
-12435  
-1  12  48           -1.893          4           4.295         64          64.003          50.430         -24.781      510487.000     -157318.000      370984.000     -278260.000      368122.000     -418134.000      332597.000     -361021.000 
-12435  
-1  22  49           -1.203         12          12.006         64          63.999          41.756         -34.830      -34799.000      157157.000       13873.000      148027.000       53111.000      170469.000       40975.000      149723.000 
-12435  
-1  12  50           -1.900          4           4.295         64          64.003          50.517         -24.785      518282.000     -129413.000      385317.000     -257547.000      389984.000     -397237.000      351081.000     -342855.000 
-12435  
-1  22  51           -1.123         12          12.008         64          64.001          41.671         -34.830      -34539.000      157296.000       14856.000      147193.000       52975.000      170122.000       40337.000      150951.000 
-12435  
-1  12  52           -1.897          4           4.296         64          64.004          51.204         -24.787      519708.000     -120442.000      389949.000     -251052.000      396484.000     -390647.000      356860.000     -336632.000 
-12435  
-1  22  53           -1.200         12          12.006         64          64.004          41.970         -34.842      -19901.000      160237.000       26871.000      145144.000       69277.000      164612.000       53926.000      145078.000 
-12435  
-1  12  54           -1.883          4           4.296         64          64.003          50.622         -24.781      514539.000     -143307.000      379202.000     -267143.000      380101.000     -406855.000      343097.000     -351428.000 
-12435  
-1  22  55           -1.190         12          12.004         64          64.002          41.814         -34.828      -50103.000      152512.000        -769.000      148586.000       36460.000      174929.000       25566.000      153620.000 
-12435  
-1  12  56           -1.903          4           4.295         64          64.002          50.705         -24.787      516241.000     -135682.000      382704.000     -262078.000      384943.000     -402280.000      346419.000     -346810.000 
-12435  
-1  22  57           -1.230         12          12.005         64          63.999          41.630         -34.837      -47248.000      153498.000        1977.000      147736.000       39815.000      173831.000       29321.000      153448.000 
-12435  
-1  12  58           -1.893          4           4.295         64          64.002          50.209         -24.785      510035.000     -157489.000      371126.000     -277911.000      368153.000     -417650.000      332243.000     -361207.000 
-12435  
-1  22  59           -1.313         12          12.006         64          64.001          41.791         -34.837      -24362.000      159128.000       22683.000      146323.000       65613.000      165974.000       51034.000      146733.000 
-12435  
-1  12  60           -1.893          4           4.295         64          64.003          50.742         -24.783      513741.000     -145426.000      377451.000     -269104.000      377651.000     -409105.000      341297.000     -353355.000 
-12435  
-1  22  61           -1.243         12          12.006         64          64.002          41.509         -34.829      -22222.000      160198.000       25297.000      145926.000       67018.000      165190.000       53064.000      146077.000 
-12435  
-1  12  62           -1.893          4           4.296         64          64.002          51.086         -24.786      509942.000     -159617.000      370078.000     -279113.000      366809.000     -418796.000      330387.000     -362021.000 
-12435  
-1  22  63           -1.170         12          12.009         64          64.003          41.802         -34.841      -34321.000      156738.000       14536.000      147375.000       54054.000      169382.000       40902.000      150881.000 
-12435  
-1  12  64           -1.903          4           4.296         64          64.001          50.489         -24.785      514193.000     -143574.000      377818.000     -267829.000      378823.000     -408224.000      341676.000     -352556.000 
-12435  
-1  22  65           -1.197         12          12.009         64          64.000          41.764         -34.856      -43044.000      155080.000        5350.000      147494.000       44084.000      172637.000       32227.000      151293.000 
-12435  
-1  12  66           -1.897          4           4.295         64          64.002          51.003         -24.791      509582.000     -157832.000      370240.000     -278433.000      367225.000     -418102.000      331157.000     -361514.000 
-12435  
-1  22  67           -1.300         12          12.007         64          64.002          41.630         -34.843      -39155.000      155310.000        9653.000      147807.000       48660.000      171487.000       38260.000      151154.000 
-12435  
-1  12  68           -1.890          4           4.295         64          64.003          50.776         -24.792      508891.000     -159862.000      368935.000     -279434.000      365786.000     -419256.000      330618.000     -362427.000 
-12435  
-1  22  69           -1.237         12          12.008         64          64.002          41.670         -34.822      -30607.000      158082.000       17372.000      147384.000       58701.000      168725.000       44969.000      149317.000 
-12435  
-1  12  70           -1.897          4           4.296         64          64.003          50.668         -24.788      516652.000     -134244.000      383134.000     -260926.000      386134.000     -400724.000      347866.000     -345615.000 
-12435  
-1  22  71           -1.160         12          12.009         64          64.001          41.711         -34.840      -37763.000      155280.000       11355.000      147374.000       49421.000      172287.000       37630.000      151078.000 
-12435  
-1  12  72           -1.900          4           4.295         64          64.002          50.750         -24.782      517916.000     -130730.000      384801.000     -258713.000      389263.000     -398155.000      350268.000     -343991.000 
-12435  
-1  22  73           -1.210         12          12.007         64          64.000          41.517         -34.836      -40362.000      155839.000        8349.000      147859.000       47777.000      171723.000       35252.000      151600.000 
-12435  
-1  12  74           -1.897          4           4.296         64          64.003          50.338         -24.788      510284.000     -156996.000      370959.000     -277260.000      368473.000     -417501.000      332082.000     -360690.000 
-12435  
-1  22  75           -1.200         12          12.007         64          64.001          41.782         -34.849      -23307.000      158557.000       23519.000      145972.000       64591.000      166444.000       51530.000      146487.000 
-12435  
-1  12  76           -1.890          4           4.296         64          64.002          50.901         -24.784      510457.000     -156540.000      371867.000     -277097.000      369059.000     -416569.000      333268.000     -360503.000 
-12435  
-1  22  77           -1.230         12          12.005         64          64.001          41.817         -34.808      -41662.000      155840.000        6941.000      148508.000       46443.000      173071.000       34377.000      151978.000 
-12435  
-1  12  78           -1.890          4           4.295         64          64.003          50.646         -24.786      512263.000     -151153.000      373967.000     -273540.000      373120.000     -412872.000      336881.000     -356841.000 
-12435  
-1  22  79           -1.147         12          12.006         64          63.998          41.766         -34.842      -22133.000      159427.000       24974.000      146462.000       65478.000      164947.000       51792.000      146821.000 
-12435  
-1  12  80           -1.893          4           4.295         64          64.002          50.151         -24.788      512081.000     -151382.000      373904.000     -273834.000      372763.000     -412810.000      336190.000     -357254.000 
-12435  
-1  22  81           -1.190         12          12.007         64          64.000          41.658         -34.836      -51680.000      151921.000       -2750.000      148692.000       34137.000      175524.000       23735.000      153151.000 
-12435  
-1  12  82           -1.897          4           4.296         64          64.002          51.148         -24.787      512466.000     -149536.000      375179.000     -272492.000      374001.000     -412197.000      337530.000     -355877.000 
-12435  
-1  22  83           -1.227         12          12.006         64          64.001          41.712         -34.842      -51844.000      151874.000       -3487.000      147186.000       35145.000      174920.000       23524.000      154526.000 
-12435  
-1  12  84           -1.890          4           4.296         64          64.002          50.699         -24.783      517128.000     -133455.000      383746.000     -260139.000      387554.000     -399797.000      349263.000     -345198.000 
-12435  
-1  22  85           -1.197         12          12.009         64          64.003          41.707         -34.830      -38635.000      156413.000        9632.000      147780.000       48929.000      171018.000       37254.000      151896.000 
-12435  
-1  12  86           -1.893          4           4.295         64          64.002          50.918         -24.783      507877.000     -166425.000      365812.000     -284631.000      360690.000     -424420.000      325819.000     -366506.000 
-12435  
-1  22  87           -1.147         12          12.007         64          64.000          41.782         -34.817      -40255.000      156137.000        7787.000      148750.000       46850.000      172572.000       34050.000      151611.000 
-12435  
-1  12  88           -1.903          4           4.296         64          64.001          50.613         -24.792      505438.000     -171909.000      362772.000     -288530.000      355276.000     -428373.000      320199.000     -369941.000 
-12435  
-1  22  89           -1.207         12          12.005         64          64.001          41.850         -34.819      -42901.000      156044.000        5068.000      148222.000       44540.000      173123.000       32499.000      151838.000 
-12435  
-1  12  90           -1.897          4           4.296         64          64.002          50.798         -24.790      513126.000     -145693.000      376838.000     -269243.000      377165.000     -409306.000      340269.000     -353525.000 
-12435  
-1  22  91           -1.257         12          12.008         64          64.001          41.740         -34.819      -56299.000      151457.000       -6036.000      148032.000       31020.000      176173.000       20224.000      154209.000 
-12435  
-1  12  92           -1.900          4           4.295         64          64.002          51.032         -24.787      512249.000     -152251.000      373407.000     -274392.000      371838.000     -414077.000      335399.000     -357531.000 
-12435  
-1  22  93           -1.180         12          12.007         64          63.999          41.667         -34.837      -41336.000      155407.000        7745.000      148279.000       46269.000      172403.000       33941.000      151312.000 
-12435  
-1  12  94           -1.890          4           4.295         64          64.004          50.687         -24.785      512755.000     -149083.000      375487.000     -271616.000      374624.000     -411918.000      338826.000     -354991.000 
-12435  
-1  22  95           -1.253         12          12.002         64          64.000          41.646         -34.826      -27745.000      158909.000       20274.000      146659.000       62419.000      167612.000       47466.000      148016.000 
-12435  
-1  12  96           -1.897          4           4.295         64          64.002          51.437         -24.787      510581.000     -155755.000      371543.000     -277434.000      368711.000     -416907.000      332977.000     -359986.000 
-12435  
-1  22  97           -1.330         12          12.006         64          63.998          41.628         -34.841      -40835.000      156263.000        8573.000      147572.000       48695.000      171120.000       36035.000      151154.000 
-12435  
-1  12  98           -1.890          4           4.296         64          64.001          50.957         -24.786      511744.000     -153653.000      373404.000     -274902.000      371405.000     -414780.000      335042.000     -357619.000 
-12435  
-1  22  99           -1.183         12          12.008         64          64.000          41.500         -34.852      -38853.000      154977.000        9004.000      148403.000       47161.000      171108.000       36923.000      151556.000 
-12435  
