-1  22  1           -4.033         12          11.990         64          64.006          42.464         -33.824      189015.000       55750.000      157909.000      -47014.000      170098.000      -93393.000      124657.000     -109241.000 
-12435  
-1  12  2           -4.903          4           4.288         64          64.006          48.949         -29.947     -307739.000       26203.000     -188717.000      159771.000     -186409.000      248593.000     -101795.000      238109.000 
-12435  
-1  22  3           -4.020         12          11.989         64          64.003          42.740         -33.819      186509.000       63357.000      159936.000      -41714.000      172926.000      -87128.000      130407.000     -103040.000 
-12435  
-1  12  4           -4.913          4           4.289         64          64.002          48.702         -29.947     -306470.000       37170.000     -182764.000      164960.000     -177736.000      255440.000      -93974.000      241953.000 
-12435  
-1  22  5           -4.053         12          11.989         64          64.001          42.704         -33.796      193739.000       39532.000      153371.000      -61707.000      160727.000     -109289.000      114311.000     -121114.000 
-12435  
-1  12  6           -4.903          4           4.289         64          63.999          48.935         -29.948     -306988.000       31750.000     -185549.000      162727.000     -182522.000      251737.000      -97368.000      240191.000 
-12435  
-1  22  7           -4.050         12          11.989         64          63.998          42.732         -33.833      187565.000       61714.000      158142.000      -42899.000      171632.000      -89533.000      127269.000     -106326.000 
-12435  
-1  12  8           -4.923          4           4.289         64          64.000          48.761         -29.936     -309598.000       -5350.000     -204060.000      139262.000     -211033.000      228539.000     -125168.000      227177.000 
-12435  
-1  22  9           -4.027         12          11.987         64          64.000          42.703         -33.836      189745.000       54550.000      156819.000      -49185.000      168164.000      -94751.000      124146.000     -109910.000 
-12435  
-1  12  10           -4.900          4           4.289         64          64.002          49.370         -29.940     -309174.000        7947.000     -197906.000      147902.000     -201225.000      236919.000     -116381.000      231836.000 
-12435  
-1  22  11           -4.040         12          11.988         64          64.005          42.619         -33.808      186775.000       66133.000      160736.000      -39534.000      173854.000      -85819.000      129929.000     -102288.000 
-12435  
-1  12  12           -4.920          4           4.288         64          64.004          48.914         -29.939     -308371.000       14147.000     -195008.000      151789.000     -195744.000      241478.000     -111391.000      235100.000 
-12435  
-1  22  13           -4.043         12          11.990         64          64.002          42.485         -33.820      191818.000       46281.000      153977.000      -55324.000      164761.000     -103405.000      119025.000     -116172.000 
-12435  
-1  12  14           -4.903          4           4.290         64          64.000          48.770         -29.942     -308260.000       22736.000     -190154.000      156979.000     -189862.000      246806.000     -104710.000      237049.000 
-12435  
-1  22  15           -4.050         12          11.989         64          64.000          42.570         -33.821      194636.000       34174.000      150805.000      -66333.000      155806.000     -113551.000      111243.000     -124264.000 
-12435  
-1  12  16           -4.893          4           4.289         64          64.001          48.393         -29.945     -308745.000       18895.000     -192057.000      154539.000     -192687.000      244067.000     -108359.000      235318.000 
-12435  
-1  22  17           -4.027         12          11.989         64          64.000          42.587         -33.813      185966.000       66969.000      159867.000      -38785.000      174792.000      -84852.000      131815.000     -100808.000 
-12435  
-1  12  18           -4.893          4           4.290         64          64.000          48.705         -29.932     -309232.000        2815.000     -200771.000      144402.000     -206117.000      233369.000     -120441.000      230204.000 
-12435  
-1  22  19           -4.047         12          11.990         64          64.002          42.650         -33.794      190606.000       54928.000      157783.000      -49585.000      168637.000      -96175.000      123640.000     -111035.000 
-12435  
-1  12  20           -4.913          4           4.289         64          64.002          48.635         -29.946     -309110.000        8885.000     -196792.000      148249.000     -199653.000      237788.000     -115766.000      232407.000 
-12435  
-1  22  21           -4.060         12          11.988         64          64.002          42.736         -33.806      185613.000       67260.000      160146.000      -38429.000      174637.000      -86131.000      130829.000     -102557.000 
-12435  
-1  12  22           -4.910          4           4.289         64          64.003          49.085         -29.932     -309380.000        9513.000     -197524.000      148350.000     -200563.000      238294.000     -114963.000      232799.000 
-12435  
-1  22  23           -4.057         12          11.991         64          64.004          42.716         -33.786      196563.000       26754.000      148891.000      -70818.000      152819.000     -121073.000      106672.000     -127802.000 
-12435  
-1  12  24           -4.903          4           4.290         64          64.002          48.799         -29.937     -309112.000       14296.000     -194780.000      151468.000     -196801.000      241324.000     -111625.000      234097.000 
-12435  
-1  22  25           -4.030         12          11.991         64          64.002          42.730         -33.834      193064.000       42301.000      153119.000      -59291.000      161913.000     -105927.000      116593.000     -117281.000 
-12435  
-1  12  26           -4.910          4           4.289         64          64.002          49.030         -29.937     -309415.000        7614.000     -197693.000      147685.000     -201564.000      237254.000     -116149.000      231871.000 
-12435  
-1  22  27           -4.050         12          11.989         64          64.002          42.782         -33.796      186331.000       65934.000      160225.000      -39280.000      174183.000      -86702.000      130660.000     -103562.000 
-12435  
-1  12  28           -4.910          4           4.289         64          64.000          48.861         -29.938     -308704.000       18201.000     -192934.000      154005.000     -193310.000      244007.000     -108398.000      235761.000 
-12435  
-1  22  29           -4.037         12          11.989         64          64.002          42.477         -33.799      186401.000       66771.000      160276.000      -39126.000      175265.000      -84227.000      130670.000     -102622.000 
-12435  
-1  12  30           -4.903          4           4.289         64          64.001          48.670         -29.945     -308557.000       17049.000     -193320.000      152817.000     -194294.000      242390.000     -109853.000      235464.000 
-12435  
-1  22  31           -4.033         12          11.989         64          64.001          42.582         -33.814      183059.000       73909.000      161504.000      -32373.000      177543.000      -77827.000      135423.000      -96827.000 
-12435  
-1  12  32           -4.913          4           4.289         64          64.002          48.597         -29.950     -308205.000       19224.000     -192205.000      154745.000     -192118.000      244288.000     -107069.000      235791.000 
-12435  
-1  22  33           -4.050         12          11.985         64          64.001          42.521         -33.834      186714.000       63939.000      159018.000      -42070.000      172379.000      -88338.000      128153.000     -104145.000 
-12435  
-1  12  34           -4.900          4           4.290         64          64.003          49.204         -29.933     -308839.000       16402.000     -194063.000      153056.000     -195068.000      242767.000     -110168.000      235176.000 
-12435  
-1  22  35           -4.067         12          11.991         64          64.002          42.663         -33.796      191660.000       48889.000      156175.000      -54184.000      164923.000     -102501.000      120005.000     -115768.000 
-12435  
-1  12  36           -4.903          4           4.289         64          64.001          48.798         -29.944     -307904.000       23554.000     -190017.000      157659.000     -188835.000      247257.000     -104214.000      237387.000 
-12435  
-1  22  37           -4.043         12          11.989         64          64.000          42.504         -33.807      194001.000       33329.000      151394.000      -65304.000      156756.000     -114776.000      112006.000     -124003.000 
-12435  
-1  12  38           -4.907          4           4.289         64          64.001          48.488         -29.936     -309238.000        6430.000     -198320.000      146875.000     -202594.000      236722.000     -117179.000      231335.000 
-12435  
-1  22  39           -4.037         12          11.990         64          63.999          42.705         -33.812      190951.000       50461.000      156324.000      -52224.000      165900.000      -99847.000      122220.000     -113413.000 
-12435  
-1  12  40           -4.897          4           4.289         64          64.001          48.860         -29.940     -308345.000       16005.000     -193723.000      152762.000     -195373.000      242972.000     -110379.000      234680.000 
-12435  
-1  22  41           -4.037         12          11.990         64          64.002          42.619         -33.786      187679.000       65390.000      159852.000      -40253.000      174049.000      -86879.000      130387.000     -103619.000 
-12435  
-1  12  42           -4.910          4           4.289         64          64.002          48.921         -29.940     -308794.000       20063.000     -191578.000      155252.000     -191535.000      244828.000     -107105.000      236557.000 
-12435  
-1  22  43           -4.040         12          11.990         64          64.001          42.796         -33.817      192791.000       43802.000      153786.000      -58388.000      162510.000     -105635.000      117488.000     -117491.000 
-12435  
-1  12  44           -4.903          4           4.289         64          64.003          48.733         -29.941     -308952.000        9250.000     -197024.000      148373.000     -200124.000      238105.000     -115672.000      232442.000 
-12435  
-1  22  45           -4.063         12          11.991         64          64.002          42.866         -33.800      186688.000       65853.000      159580.000      -40975.000      174119.000      -87178.000      129105.000     -104392.000 
-12435  
-1  12  46           -4.897          4           4.289         64          64.001          49.120         -29.940     -308359.000       17322.000     -193388.000      153948.000     -194629.000      242822.000     -108821.000      235548.000 
-12435  
-1  22  47           -4.047         12          11.990         64          64.002          42.666         -33.805      185624.000       66504.000      160208.000      -39582.000      174437.000      -85444.000      130883.000     -103449.000 
-12435  
-1  12  48           -4.910          4           4.289         64          64.001          48.666         -29.944     -308769.000       15829.000     -193663.000      152895.000     -194878.000      242320.000     -109806.000      234725.000 
-12435  
-1  22  49           -4.043         12          11.988         64          64.003          42.635         -33.797      191496.000       51986.000      156785.000      -51478.000      167115.000      -98726.000      122121.000     -112766.000 
-12435  
-1  12  50           -4.910          4           4.289         64          64.001          48.832         -29.940     -308745.000       13755.000     -194740.000      151135.000     -196855.000      241387.000     -111654.000      234211.000 
-12435  
-1  22  51           -4.063         12          11.989         64          64.002          42.542         -33.797      191296.000       51635.000      156167.000      -52110.000      167084.000     -100009.000      121275.000     -113700.000 
-12435  
-1  12  52           -4.907          4           4.289         64          64.001          48.615         -29.941     -308693.000       15964.000     -193727.000      153341.000     -194472.000      242477.000     -110180.000      235038.000 
-12435  
-1  22  53           -4.037         12          11.987         64          64.001          42.559         -33.803      187842.000       64916.000      159799.000      -41783.000      173083.000      -86894.000      129243.000     -103689.000 
-12435  
-1  12  54           -4.900          4           4.289         64          64.002          48.796         -29.943     -307768.000       24910.000     -189221.000      158594.000     -187950.000      248109.000     -103312.000      237862.000 
-12435  
-1  22  55           -4.063         12          11.989         64          64.001          42.827         -33.812      186103.000       65947.000      159991.000      -40269.000      174100.000      -87142.000      129109.000     -103317.000 
-12435  
-1  12  56           -4.910          4           4.288         64          64.001          49.001         -29.940     -307523.000       27659.000     -188538.000      159972.000     -185386.000      249476.000     -101436.000      239229.000 
-12435  
-1  22  57           -4.053         12          11.988         64          64.000          42.696         -33.801      190745.000       53192.000      156895.000      -49568.000      168137.000      -97689.000      122801.000     -112287.000 
-12435  
-1  12  58           -4.897          4           4.288         64          64.003          49.005         -29.951     -309171.000        3703.000     -199383.000      145116.000     -204122.000      234409.000     -119409.000      229212.000 
-12435  
-1  22  59           -4.040         12          11.991         64          63.998          42.634         -33.823      186466.000       64357.000      159384.000      -40284.000      173737.000      -87423.000      129442.000     -103043.000 
-12435  
-1  12  60           -4.917          4           4.289         64          64.002          48.686         -29.943     -309616.000        7858.000     -197298.000      147608.000     -200778.000      237239.000     -115863.000      231875.000 
-12435  
-1  22  61           -4.053         12          11.988         64          64.001          42.546         -33.819      187883.000       60230.000      158768.000      -43784.000      171071.000      -91335.000      126762.000     -107351.000 
-12435  
-1  12  62           -4.913          4           4.288         64          64.002          48.763         -29.937     -309664.000       -2250.000     -202969.000      139749.000     -209449.000      229794.000     -124437.000      228256.000 
-12435  
-1  22  63           -4.050         12          11.990         64          64.000          42.565         -33.799      192391.000       48262.000      155283.000      -53936.000      165700.000     -101998.000      119782.000     -115262.000 
-12435  
-1  12  64           -4.907          4           4.289         64          64.000          48.799         -29.944     -308659.000       13808.000     -194747.000      151595.000     -196341.000      240642.000     -111819.000      234564.000 
-12435  
-1  22  65           -4.053         12          11.991         64          64.004          42.756         -33.815      195153.000       31051.000      150219.000      -67992.000      155006.000     -116587.000      108951.000     -125051.000 
-12435  
-1  12  66           -4.900          4           4.289         64          64.001          48.909         -29.940     -308217.000       21745.000     -190670.000      156941.000     -190208.000      246307.000     -105834.000      236830.000 
-12435  
-1  22  67           -4.043         12          11.987         64          64.003          42.820         -33.817      190215.000       53689.000      156227.000      -50596.000      168561.000      -96719.000      122564.000     -111694.000 
-12435  
-1  12  68           -4.897          4           4.289         64          64.003          48.753         -29.945     -307921.000       24762.000     -188878.000      158227.000     -188215.000      247762.000     -103588.000      237895.000 
-12435  
-1  22  69           -4.067         12          11.989         64          64.001          42.703         -33.818      193569.000       40297.000      152489.000      -60384.000      160624.000     -109625.000      114181.000     -120118.000 
-12435  
-1  12  70           -4.897          4           4.289         64          64.002          49.495         -29.951     -307889.000       24927.000     -189227.000      158288.000     -187673.000      247535.000     -103430.000      237310.000 
-12435  
-1  22  71           -4.057         12          11.992         64          64.001          42.792         -33.807      191000.000       52595.000      156651.000      -50821.000      166850.000      -99045.000      122283.000     -112413.000 
-12435  
-1  12  72           -4.917          4           4.289         64          64.001          48.788         -29.952     -308840.000       13901.000     -194684.000      151715.000     -195664.000      240573.000     -110950.000      234076.000 
-12435  
-1  22  73           -4.043         12          11.986         64          64.002          42.651         -33.814      187254.000       63074.000      159311.000      -42141.000      172079.000      -88977.000      128997.000     -105061.000 
-12435  
-1  12  74           -4.900          4           4.289         64          64.002          48.764         -29.947     -308386.000       17649.000     -192935.000      153997.000     -193246.000      243246.000     -109253.000      235227.000 
-12435  
-1  22  75           -4.040         12          11.990         64          64.002          42.845         -33.816      195430.000       28059.000      149276.000      -69636.000      154197.000     -118756.000      107626.000     -125604.000 
-12435  
-1  12  76           -4.903          4           4.289         64          64.001          48.775         -29.943     -308917.000        6095.000     -199433.000      146418.000     -202489.000      235579.000     -117788.000      231005.000 
-12435  
-1  22  77           -4.047         12          11.990         64          64.003          42.539         -33.797      190389.000       53024.000      157189.000      -49809.000      167762.000      -98208.000      123509.000     -112294.000 
-12435  
-1  12  78           -4.900          4           4.289         64          64.002          49.335         -29.944     -308938.000        9720.000     -196655.000      149166.000     -199499.000      238388.000     -115005.000      232369.000 
-12435  
-1  22  79           -4.060         12          11.990         64          64.002          42.980         -33.814      189521.000       55549.000      156951.000      -49280.000      168599.000      -97094.000      123611.000     -110438.000 
-12435  
-1  12  80           -4.903          4           4.289         64          64.003          48.529         -29.939     -309271.000        6193.000     -198604.000      146838.000     -202536.000      235853.000     -117471.000      231437.000 
-12435  
-1  22  81           -4.040         12          11.992         64          64.000          42.995         -33.785      195668.000       32462.000      150663.000      -66875.000      157177.000     -115585.000      110598.000     -124352.000 
-12435  
-1  12  82           -4.897          4           4.289         64          64.003          49.033         -29.948     -307894.000       20355.000     -191450.000      155753.000     -191233.000      245100.000     -106996.000      236240.000 
-12435  
-1  22  83           -4.037         12          11.992         64          64.000          42.606         -33.793      192148.000       49276.000      156479.000      -53652.000      165720.000     -100538.000      121073.000     -114474.000 
-12435  
-1  12  84           -4.903          4           4.289         64          64.001          49.088         -29.938     -309226.000       10873.000     -196363.000      149710.000     -198824.000      239334.000     -114148.000      232817.000 
-12435  
-1  22  85           -4.040         12          11.991         64          64.001          42.646         -33.823      188109.000       62038.000      158886.000      -43186.000      170995.000      -89737.000      127916.000     -105506.000 
-12435  
-1  12  86           -4.910          4           4.289         64          64.001          48.974         -29.943     -308739.000       12719.000     -195439.000      150332.000     -197635.000      240174.000     -112675.000      233807.000 
-12435  
-1  22  87           -4.030         12          11.989         64          64.003          42.576         -33.799      187290.000       64113.000      159866.000      -40337.000      173589.000      -87044.000      130335.000     -103924.000 
-12435  
-1  12  88           -4.907          4           4.289         64          64.000          49.039         -29.941     -308533.000       17615.000     -193062.000      153823.000     -193794.000      243310.000     -108762.000      235591.000 
-12435  
-1  22  89           -4.050         12          11.991         64          64.001          42.888         -33.817      190870.000       51404.000      156102.000      -52609.000      165504.000     -100011.000      121936.000     -113352.000 
-12435  
-1  12  90           -4.897          4           4.289         64          64.001          48.455         -29.937     -308571.000       11606.000     -196098.000      150278.000     -198622.000      239954.000     -113869.000      233403.000 
-12435  
-1  22  91           -4.050         12          11.989         64          64.001          42.623         -33.816      184741.000       69645.000      160812.000      -36183.000      175850.000      -82246.000      131752.000     -100793.000 
-12435  
-1  12  92           -4.903          4           4.289         64          64.002          48.942         -29.949     -308382.000       23172.000     -189829.000      157320.000     -189337.000      246302.000     -104311.000      236983.000 
-12435  
-1  22  93           -4.040         12          11.990         64          64.001          42.512         -33.804      182085.000       75121.000      162441.000      -31584.000      178252.000      -76636.000      136010.000      -96814.000 
-12435  
-1  12  94           -4.910          4           4.289         64          64.004          48.800         -29.943     -308679.000       20555.000     -191476.000      155535.000     -191267.000      244936.000     -106468.000      236572.000 
-12435  
-1  22  95           -4.057         12          11.989         64          64.001          42.453         -33.805      191543.000       51899.000      156033.000      -51779.000      166764.000      -99905.000      121495.000     -112777.000 
-12435  
-1  12  96           -4.913          4           4.289         64          64.002          48.679         -29.947     -308909.000       10520.000     -196591.000      149309.000     -198669.000      238619.000     -114091.000      232771.000 
-12435  
-1  22  97           -4.070         12          11.990         64          63.999          42.731         -33.805      192862.000       42917.000      153353.000      -59646.000      162185.000     -107331.000      115692.000     -119777.000 
-12435  
-1  12  98           -4.913          4           4.288         64          64.002          48.732         -29.940     -309206.000        3019.000     -200120.000      144081.000     -204936.000      234435.000     -119822.000      230032.000 
-12435  
-1  22  99           -4.047         12          11.989         64          64.002          42.868         -33.834      191246.000       49251.000      155076.000      -53775.000      165854.000     -100769.000      119420.000     -113698.000 
-12435  
