-1  22  1           -3.173         12          11.984         64          64.000          42.462         -34.155       69489.000     -172518.000      -22182.000     -160236.000      -62556.000     -175510.000      -74043.000     -143287.000 
-12435  
-1  12  2           -3.937          4           4.292         64          63.999          49.854         -27.709     -193996.000      346348.000        9166.000      324601.000       92029.000      386869.000      132936.000      311659.000 
-12435  
-1  22  3           -3.187         12          11.985         64          64.003          42.559         -34.125       70440.000     -172592.000      -21796.000     -161069.000      -62677.000     -176888.000      -73298.000     -143400.000 
-12435  
-1  12  4           -3.930          4           4.292         64          64.005          49.793         -27.707     -175548.000      355517.000       26250.000      323985.000      112213.000      382264.000      148488.000      304218.000 
-12435  
-1  22  5           -3.173         12          11.985         64          64.005          42.465         -34.148       71352.000     -171470.000      -21267.000     -160702.000      -61159.000     -176689.000      -72509.000     -143804.000 
-12435  
-1  12  6           -3.937          4           4.292         64          64.003          49.526         -27.708     -151584.000      366891.000       48168.000      321331.000      137796.000      373357.000      169153.000      293042.000 
-12435  
-1  22  7           -3.173         12          11.988         64          64.003          42.266         -34.144       57152.000     -178070.000      -34758.000     -157466.000      -75449.000     -170738.000      -84491.000     -137221.000 
-12435  
-1  12  8           -3.933          4           4.292         64          63.999          50.080         -27.713     -147939.000      367726.000       50263.000      319843.000      141057.000      372455.000      171106.000      292468.000 
-12435  
-1  22  9           -3.213         12          11.987         64          64.002          42.328         -34.142       78538.000     -169131.000      -13009.000     -161251.000      -53051.000     -179391.000      -66884.000     -146391.000 
-12435  
-1  12  10           -3.937          4           4.293         64          64.000          49.735         -27.710     -170539.000      358207.000       31224.000      322885.000      118028.000      380329.000      153591.000      301741.000 
-12435  
-1  22  11           -3.203         12          11.986         64          64.000          42.434         -34.150       72024.000     -171400.000      -19261.000     -161039.000      -60007.000     -177261.000      -71755.000     -143435.000 
-12435  
-1  12  12           -3.937          4           4.293         64          64.004          49.472         -27.709     -185513.000      351067.000       17332.000      324049.000      101528.000      384538.000      140506.000      308205.000 
-12435  
-1  22  13           -3.180         12          11.986         64          64.002          42.217         -34.137       60602.000     -176113.000      -31018.000     -159302.000      -71692.000     -172435.000      -81843.000     -139225.000 
-12435  
-1  12  14           -3.927          4           4.293         64          64.005          49.729         -27.711     -152686.000      366092.000       46606.000      321038.000      135712.000      374419.000      167383.000      294125.000 
-12435  
-1  22  15           -3.213         12          11.988         64          64.001          42.066         -34.121       60154.000     -177098.000      -30654.000     -159128.000      -72813.000     -173010.000      -82069.000     -138668.000 
-12435  
-1  12  16           -3.930          4           4.292         64          64.001          49.695         -27.716     -155742.000      364683.000       43694.000      321375.000      132470.000      375116.000      164835.000      295231.000 
-12435  
-1  22  17           -3.150         12          11.989         64          63.997          42.239         -34.120       54280.000     -178603.000      -36852.000     -157564.000      -78119.000     -170468.000      -86618.000     -136989.000 
-12435  
-1  12  18           -3.937          4           4.292         64          64.000          49.655         -27.712     -169091.000      358528.000       31751.000      322574.000      119074.000      380042.000      154364.000      301556.000 
-12435  
-1  22  19           -3.147         12          11.986         64          63.999          42.257         -34.107       66306.000     -174201.000      -26306.000     -160446.000      -66894.000     -176446.000      -76447.000     -142086.000 
-12435  
-1  12  20           -3.927          4           4.293         64          64.001          49.884         -27.708     -171515.000      358211.000       30375.000      323121.000      116206.000      380594.000      152119.000      302481.000 
-12435  
-1  22  21           -3.170         12          11.986         64          64.002          42.264         -34.132       59989.000     -176980.000      -31121.000     -158447.000      -72800.000     -173255.000      -81461.000     -138521.000 
-12435  
-1  12  22           -3.933          4           4.293         64          64.003          49.899         -27.716     -165319.000      360476.000       35722.000      322139.000      122720.000      378326.000      157669.000      299572.000 
-12435  
-1  22  23           -3.200         12          11.984         64          64.003          42.630         -34.136       59341.000     -176555.000      -31866.000     -158440.000      -73002.000     -172803.000      -83013.000     -138272.000 
-12435  
-1  12  24           -3.933          4           4.292         64          64.000          49.565         -27.706     -168548.000      359346.000       32131.000      322448.000      119133.000      380323.000      154970.000      301419.000 
-12435  
-1  22  25           -3.247         12          11.985         64          64.001          42.214         -34.135       74890.000     -171360.000      -17945.000     -160869.000      -58352.000     -177900.000      -70468.000     -144397.000 
-12435  
-1  12  26           -3.933          4           4.292         64          63.999          49.463         -27.713     -158499.000      363265.000       41169.000      321631.000      129859.000      376312.000      163022.000      296802.000 
-12435  
-1  22  27           -3.200         12          11.986         64          63.999          42.318         -34.120       45838.000     -181159.000      -44357.000     -155289.000      -87199.000     -167470.000      -92697.000     -131187.000 
-12435  
-1  12  28           -3.930          4           4.293         64          64.001          49.739         -27.715     -171606.000      357704.000       29965.000      322894.000      115832.000      380570.000      152090.000      302052.000 
-12435  
-1  22  29           -3.237         12          11.986         64          64.003          42.432         -34.133       45193.000     -181615.000      -44470.000     -154813.000      -87335.000     -165814.000      -93922.000     -131120.000 
-12435  
-1  12  30           -3.933          4           4.292         64          64.001          50.146         -27.712     -161748.000      362036.000       38495.000      322025.000      126606.000      377235.000      160355.000      298416.000 
-12435  
-1  22  31           -3.167         12          11.986         64          64.003          42.494         -34.143       77773.000     -169174.000      -15554.000     -159869.000      -54904.000     -180202.000      -66965.000     -146228.000 
-12435  
-1  12  32           -3.937          4           4.293         64          64.002          49.789         -27.708     -164356.000      360343.000       36037.000      322597.000      123572.000      378900.000      158916.000      299543.000 
-12435  
-1  22  33           -3.153         12          11.986         64          64.001          42.317         -34.147       65090.000     -174028.000      -27568.000     -158798.000      -67501.000     -174937.000      -77787.000     -141433.000 
-12435  
-1  12  34           -3.930          4           4.292         64          64.002          50.305         -27.715     -159138.000      362931.000       40578.000      321986.000      128786.000      376294.000      162361.000      297198.000 
-12435  
-1  22  35           -3.270         12          11.987         64          64.002          42.493         -34.120       46631.000     -181025.000      -43477.000     -156474.000      -86233.000     -166442.000      -93196.000     -131632.000 
-12435  
-1  12  36           -3.930          4           4.292         64          64.004          50.263         -27.706     -173927.000      357199.000       27976.000      323709.000      113765.000      381287.000      150248.000      303349.000 
-12435  
-1  22  37           -3.147         12          11.986         64          64.000          42.632         -34.133       63152.000     -175513.000      -27988.000     -159182.000      -68622.000     -174378.000      -79143.000     -140667.000 
-12435  
-1  12  38           -3.930          4           4.292         64          64.002          49.815         -27.708     -170590.000      358195.000       31161.000      323538.000      117703.000      380480.000      153030.000      301652.000 
-12435  
-1  22  39           -3.243         12          11.985         64          64.001          42.340         -34.150       68041.000     -173307.000      -24800.000     -159225.000      -65750.000     -175044.000      -76297.000     -142168.000 
-12435  
-1  12  40           -3.933          4           4.292         64          64.002          49.727         -27.710     -176123.000      355497.000       25112.000      323647.000      110929.000      381971.000      148083.000      304701.000 
-12435  
-1  22  41           -3.143         12          11.984         64          64.002          42.267         -34.153       76202.000     -169702.000      -15853.000     -160643.000      -55213.000     -179042.000      -67593.000     -145606.000 
-12435  
-1  12  42           -3.933          4           4.293         64          64.001          50.052         -27.713     -162821.000      361812.000       37540.000      321967.000      125253.000      377640.000      159651.000      298520.000 
-12435  
-1  22  43           -3.193         12          11.985         64          63.998          42.277         -34.120       65726.000     -174978.000      -26858.000     -159292.000      -67678.000     -175199.000      -78060.000     -141608.000 
-12435  
-1  12  44           -3.927          4           4.293         64          64.002          49.641         -27.713     -163882.000      361060.000       36896.000      322391.000      124080.000      378244.000      158099.000      299097.000 
-12435  
-1  22  45           -3.170         12          11.989         64          64.000          42.499         -34.126       65509.000     -174507.000      -26396.000     -160029.000      -66715.000     -175144.000      -77869.000     -141566.000 
-12435  
-1  12  46           -3.930          4           4.293         64          64.003          49.884         -27.717     -161116.000      361715.000       39350.000      322026.000      127134.000      377044.000      160806.000      297826.000 
-12435  
-1  22  47           -3.177         12          11.985         64          64.002          42.469         -34.113       79336.000     -169339.000      -14223.000     -160671.000      -54368.000     -180624.000      -65967.000     -147466.000 
-12435  
-1  12  48           -3.933          4           4.292         64          64.003          49.739         -27.711     -162773.000      361665.000       37901.000      322383.000      125637.000      377649.000      159624.000      298544.000 
-12435  
-1  22  49           -3.250         12          11.987         64          63.999          42.091         -34.145       70941.000     -172448.000      -21904.000     -159649.000      -62299.000     -176413.000      -74214.000     -143182.000 
-12435  
-1  12  50           -3.937          4           4.292         64          64.003          49.865         -27.708     -176822.000      355210.000       24862.000      323451.000      110575.000      382744.000      148032.000      304507.000 
-12435  
-1  22  51           -3.183         12          11.983         64          64.000          42.431         -34.136       69660.000     -172753.000      -23055.000     -159610.000      -63960.000     -176814.000      -73964.000     -143153.000 
-12435  
-1  12  52           -3.933          4           4.293         64          64.003          49.720         -27.706     -165835.000      360301.000       34854.000      322738.000      123176.000      379091.000      156805.000      300314.000 
-12435  
-1  22  53           -3.133         12          11.988         64          64.001          42.163         -34.136       41259.000     -181593.000      -47049.000     -154586.000      -89555.000     -165112.000      -95071.000     -130059.000 
-12435  
-1  12  54           -3.930          4           4.292         64          64.001          50.011         -27.708     -176450.000      355127.000       25536.000      323590.000      111091.000      382415.000      147913.000      304996.000 
-12435  
-1  22  55           -3.260         12          11.987         64          64.003          42.526         -34.117       42647.000     -181461.000      -46402.000     -154620.000      -90177.000     -165921.000      -95994.000     -129830.000 
-12435  
-1  12  56           -3.930          4           4.292         64          64.001          49.665         -27.707     -174823.000      356310.000       27320.000      323909.000      112366.000      381485.000      149816.000      303859.000 
-12435  
-1  22  57           -3.187         12          11.987         64          64.004          42.260         -34.131       74372.000     -171765.000      -18582.000     -160096.000      -58998.000     -177552.000      -70508.000     -145457.000 
-12435  
-1  12  58           -3.933          4           4.292         64          64.000          49.803         -27.716     -166360.000      360171.000       34860.000      322139.000      121834.000      378543.000      156650.000      299962.000 
-12435  
-1  22  59           -3.207         12          11.986         64          64.002          42.205         -34.137       61101.000     -176146.000      -29791.000     -158635.000      -71507.000     -173446.000      -81370.000     -139146.000 
-12435  
-1  12  60           -3.927          4           4.292         64          63.999          49.903         -27.718     -155341.000      364063.000       43903.000      321892.000      132609.000      374956.000      164903.000      295311.000 
-12435  
-1  22  61           -3.173         12          11.986         64          64.003          42.678         -34.146       79087.000     -167982.000      -13596.000     -160506.000      -53336.000     -180461.000      -65593.000     -146979.000 
-12435  
-1  12  62           -3.940          4           4.292         64          64.000          49.920         -27.710     -155725.000      364845.000       44086.000      321474.000      133194.000      374824.000      165894.000      295538.000 
-12435  
-1  22  63           -3.270         12          11.987         64          64.002          42.593         -34.138       79505.000     -168328.000      -13383.000     -161548.000      -53993.000     -179487.000      -66351.000     -146587.000 
-12435  
-1  12  64           -3.937          4           4.293         64          64.001          49.678         -27.712     -172338.000      357191.000       28831.000      323324.000      115544.000      380862.000      151672.000      302457.000 
-12435  
-1  22  65           -3.167         12          11.987         64          64.001          42.145         -34.130       66997.000     -174466.000      -25595.000     -159702.000      -65338.000     -175485.000      -76822.000     -141894.000 
-12435  
-1  12  66           -3.930          4           4.293         64          64.002          49.493         -27.718     -160702.000      362459.000       39385.000      321946.000      127316.000      376746.000      160861.000      297378.000 
-12435  
-1  22  67           -3.150         12          11.985         64          64.004          42.341         -34.146       77930.000     -169380.000      -14995.000     -160471.000      -53230.000     -179796.000      -66993.000     -146058.000 
-12435  
-1  12  68           -3.930          4           4.292         64          64.002          49.884         -27.707     -171752.000      357869.000       29570.000      323228.000      115466.000      380940.000      152338.000      302567.000 
-12435  
-1  22  69           -3.203         12          11.987         64          64.002          42.194         -34.112       69663.000     -172989.000      -22424.000     -160782.000      -63226.000     -177420.000      -74712.000     -143208.000 
-12435  
-1  12  70           -3.937          4           4.292         64          64.001          49.750         -27.710     -160409.000      362566.000       40359.000      322137.000      128536.000      376675.000      161885.000      297569.000 
-12435  
-1  22  71           -3.157         12          11.986         64          64.000          42.242         -34.126       70373.000     -171652.000      -21842.000     -160563.000      -62332.000     -177740.000      -73058.000     -144197.000 
-12435  
-1  12  72           -3.933          4           4.293         64          64.002          49.650         -27.705     -177134.000      355440.000       24773.000      323457.000      110799.000      382887.000      147382.000      304765.000 
-12435  
-1  22  73           -3.143         12          11.987         64          64.004          42.150         -34.126       46158.000     -180563.000      -44262.000     -156227.000      -85548.000     -167076.000      -92104.000     -132230.000 
-12435  
-1  12  74           -3.943          4           4.292         64          64.002          49.810         -27.711     -175401.000      355598.000       26300.000      323369.000      113002.000      381843.000      149440.000      303805.000 
-12435  
-1  22  75           -3.187         12          11.987         64          64.002          42.247         -34.143       63850.000     -175079.000      -28522.000     -158485.000      -69646.000     -174846.000      -78577.000     -139824.000 
-12435  
-1  12  76           -3.937          4           4.292         64          64.003          49.622         -27.709     -174725.000      356053.000       26920.000      323241.000      112774.000      381947.000      150019.000      303852.000 
-12435  
-1  22  77           -3.140         12          11.987         64          64.000          42.204         -34.137       43357.000     -181003.000      -45217.000     -155750.000      -87974.000     -165751.000      -93099.000     -130977.000 
-12435  
-1  12  78           -3.943          4           4.292         64          64.002          50.409         -27.706     -175846.000      356412.000       26439.000      323369.000      112793.000      381899.000      149508.000      303584.000 
-12435  
-1  22  79           -3.183         12          11.985         64          64.001          42.352         -34.130       82580.000     -166622.000       -9755.000     -161260.000      -49002.000     -181090.000      -63427.000     -149224.000 
-12435  
-1  12  80           -3.927          4           4.293         64          64.001          50.443         -27.713     -159863.000      362719.000       40328.000      322119.000      127982.000      376841.000      161489.000      297355.000 
-12435  
-1  22  81           -3.200         12          11.985         64          64.002          42.560         -34.126       84474.000     -166846.000       -8312.000     -161262.000      -48112.000     -182183.000      -61200.000     -148269.000 
-12435  
-1  12  82           -3.933          4           4.292         64          64.002          50.287         -27.709     -165702.000      360305.000       35132.000      322735.000      122543.000      379209.000      157372.000      299471.000 
-12435  
-1  22  83           -3.193         12          11.985         64          64.003          42.505         -34.129       65397.000     -174564.000      -27467.000     -159611.000      -68452.000     -174725.000      -77897.000     -141273.000 
-12435  
-1  12  84           -3.937          4           4.292         64          64.003          49.794         -27.705     -173541.000      356548.000       27770.000      323573.000      114642.000      381453.000      150860.000      303707.000 
-12435  
-1  22  85           -3.210         12          11.985         64          63.999          42.408         -34.137       75903.000     -169753.000      -16172.000     -160208.000      -57063.000     -178915.000      -69122.000     -146421.000 
-12435  
-1  12  86           -3.937          4           4.292         64          64.003          50.102         -27.713     -170679.000      357916.000       31081.000      323222.000      117463.000      380126.000      153556.000      301398.000 
-12435  
-1  22  87           -3.197         12          11.984         64          63.999          42.375         -34.129       80864.000     -168790.000      -12126.000     -160808.000      -51799.000     -180266.000      -65001.000     -147522.000 
-12435  
-1  12  88           -3.943          4           4.293         64          64.002          49.786         -27.712     -181386.000      353237.000       21560.000      323333.000      106599.000      383293.000      144964.000      305896.000 
-12435  
-1  22  89           -3.200         12          11.985         64          64.001          42.433         -34.151       75456.000     -169519.000      -16194.000     -160401.000      -56819.000     -178585.000      -69161.000     -145864.000 
-12435  
-1  12  90           -3.937          4           4.292         64          64.000          49.742         -27.704     -177700.000      354717.000       25050.000      323822.000      110335.000      382722.000      147699.000      305170.000 
-12435  
-1  22  91           -3.167         12          11.991         64          64.005          42.322         -34.133       59762.000     -176393.000      -32214.000     -158282.000      -73426.000     -173126.000      -81856.000     -138724.000 
-12435  
-1  12  92           -3.933          4           4.293         64          64.001          50.120         -27.704     -175409.000      355727.000       26049.000      323970.000      112265.000      382397.000      149088.000      304146.000 
-12435  
-1  22  93           -3.163         12          11.988         64          64.003          42.321         -34.124       62734.000     -175926.000      -28873.000     -159549.000      -69721.000     -174405.000      -79519.000     -139911.000 
-12435  
-1  12  94           -3.940          4           4.293         64          64.001          50.051         -27.709     -164269.000      361682.000       36373.000      322120.000      124309.000      378042.000      158969.000      299000.000 
-12435  
-1  22  95           -3.170         12          11.986         64          64.003          42.228         -34.128       76116.000     -170787.000      -16086.000     -160702.000      -56403.000     -178987.000      -68424.000     -145889.000 
-12435  
-1  12  96           -3.937          4           4.292         64          64.000          49.573         -27.709     -173358.000      356940.000       28050.000      323270.000      114598.000      380982.000      150860.000      303515.000 
-12435  
-1  22  97           -3.277         12          11.985         64          64.002          42.182         -34.115       73089.000     -171763.000      -19955.000     -160287.000      -61489.000     -178413.000      -72357.000     -144323.000 
-12435  
-1  12  98           -3.940          4           4.292         64          64.002          49.816         -27.710     -174235.000      356411.000       27523.000      322960.000      114017.000      381736.000      150477.000      303252.000 
-12435  
-1  22  99           -3.247         12          11.985         64          64.003          42.251         -34.129       66516.000     -174556.000      -25937.000     -158724.000      -67401.000     -176115.000      -77547.000     -141018.000 
-12435  
