-1  12  1           19.940          4           4.353         64          64.000          34.332         -47.851        4309.000       27710.000      -35989.000        4669.000      -26908.000      -15094.000       -1793.000      -46138.000 
-12435  
-1  22  2           20.047         12          11.943         64          64.004          43.180         -33.423      -79958.000     -160347.000      159479.000     -121831.000      148592.000      -10144.000       84278.000      205210.000 
-12435  
-1  12  3           19.940          4           4.349         64          64.002          34.238         -47.783        2875.000       28204.000      -36415.000        3542.000      -25757.000      -16887.000         -21.000      -46666.000 
-12435  
-1  22  4           20.057         12          11.942         64          64.003          43.186         -33.428      -87600.000     -156617.000      153356.000     -128826.000      147869.000      -16229.000       93512.000      201045.000 
-12435  
-1  12  5           19.953          4           4.353         64          64.004          34.426         -47.764        4216.000       28375.000      -36172.000        4469.000      -27242.000      -15631.000       -1581.000      -46389.000 
-12435  
-1  22  6           20.040         12          11.942         64          63.999          43.035         -33.424      -90977.000     -154822.000      150423.000     -132229.000      148195.000      -20474.000       98958.000      198043.000 
-12435  
-1  12  7           19.940          4           4.354         64          63.998          34.113         -47.757        3540.000       28342.000      -36847.000        3755.000      -26610.000      -15973.000        -523.000      -46356.000 
-12435  
-1  22  8           20.043         12          11.942         64          64.002          43.297         -33.434      -77955.000     -161761.000      161305.000     -118820.000      148343.000       -7641.000       81976.000      205573.000 
-12435  
-1  12  9           19.973          4           4.351         64          63.991          34.427         -47.831        4330.000       27956.000      -36263.000        5551.000      -26976.000      -15026.000       -1634.000      -45922.000 
-12435  
-1  22  10           20.053         12          11.941         64          64.001          43.236         -33.424      -82504.000     -159903.000      157096.000     -124006.000      148162.000      -12172.000       87538.000      203862.000 
-12435  
-1  12  11           19.960          4           4.344         64          63.997          34.080         -47.768        4343.000       28192.000      -36768.000        5243.000      -26920.000      -15273.000       -1728.000      -46178.000 
-12435  
-1  22  12           20.043         12          11.943         64          64.001          43.049         -33.443      -73668.000     -163991.000      164562.000     -114569.000      148037.000       -5121.000       76083.000      207017.000 
-12435  
-1  12  13           19.967          4           4.349         64          64.000          34.181         -47.771        2783.000       28817.000      -36188.000        3663.000      -26389.000      -16539.000         312.000      -46384.000 
-12435  
-1  22  14           20.053         12          11.941         64          64.001          43.214         -33.419      -99061.000     -150813.000      144305.000     -138827.000      146735.000      -27395.000      107776.000      193302.000 
-12435  
-1  12  15           19.953          4           4.351         64          64.010          34.008         -47.826        3050.000       28253.000      -36033.000        3204.000      -26179.000      -16542.000         176.000      -46281.000 
-12435  
-1  22  16           20.057         12          11.941         64          64.002          42.950         -33.440      -78042.000     -161457.000      161230.000     -118709.000      148440.000       -7754.000       80805.000      205795.000 
-12435  
-1  12  17           19.990          4           4.353         64          63.993          34.092         -47.802        4226.000       28250.000      -36377.000        4967.000      -26719.000      -15861.000        -699.000      -45997.000 
-12435  
-1  22  18           20.053         12          11.942         64          64.003          43.003         -33.431     -103993.000     -146937.000      139143.000     -143181.000      145421.000      -32486.000      114456.000      189595.000 
-12435  
-1  12  19           19.960          4           4.354         64          64.008          34.560         -47.753        4740.000       28303.000      -36195.000        6024.000      -27167.000      -15124.000       -2841.000      -46477.000 
-12435  
-1  22  20           20.033         12          11.942         64          64.003          43.036         -33.431      -85942.000     -157291.000      155165.000     -127233.000      148878.000      -15870.000       92205.000      200480.000 
-12435  
-1  12  21           19.957          4           4.351         64          64.004          34.506         -47.753        3710.000       28060.000      -36695.000        4323.000      -26813.000      -15410.000        -466.000      -46718.000 
-12435  
-1  22  22           20.053         12          11.943         64          63.997          42.837         -33.424      -73634.000     -163786.000      164098.000     -115049.000      148704.000       -4085.000       75651.000      208492.000 
-12435  
-1  12  23           19.960          4           4.357         64          64.003          34.010         -47.800        2772.000       28154.000      -36410.000        3571.000      -26159.000      -16895.000         472.000      -46249.000 
-12435  
-1  22  24           20.060         12          11.943         64          64.003          43.427         -33.425      -86293.000     -157978.000      155536.000     -126010.000      148366.000      -13868.000       91128.000      201807.000 
-12435  
-1  12  25           19.923          4           4.359         64          64.004          34.163         -47.785        3280.000       28076.000      -36611.000        3780.000      -26584.000      -15741.000        -427.000      -46451.000 
-12435  
-1  22  26           20.040         12          11.942         64          64.001          42.962         -33.420      -88179.000     -156672.000      153979.000     -130021.000      147652.000      -17947.000       94795.000      199561.000 
-12435  
-1  12  27           19.920          4           4.353         64          63.998          34.116         -47.712        3265.000       28161.000      -36458.000        3440.000      -26594.000      -16200.000        -379.000      -47340.000 
-12435  
-1  22  28           20.040         12          11.942         64          64.000          43.219         -33.432      -82124.000     -159550.000      157574.000     -123489.000      148652.000      -12085.000       87481.000      203206.000 
-12435  
-1  12  29           19.943          4           4.351         64          63.998          34.154         -47.780        3411.000       28439.000      -36681.000        3572.000      -26483.000      -16127.000        -367.000      -46180.000 
-12435  
-1  22  30           20.060         12          11.941         64          64.004          43.133         -33.436      -94326.000     -152625.000      147874.000     -134750.000      147261.000      -23187.000      101202.000      196619.000 
-12435  
-1  12  31           19.970          4           4.352         64          63.999          34.211         -47.786        3882.000       27955.000      -36638.000        4309.000      -26198.000      -16424.000        -714.000      -46376.000 
-12435  
-1  22  32           20.053         12          11.943         64          64.003          43.354         -33.419      -75942.000     -162719.000      162188.000     -117522.000      149138.000       -6384.000       78797.000      207489.000 
-12435  
-1  12  33           19.953          4           4.351         64          64.008          34.103         -47.808        3418.000       27818.000      -36204.000        3228.000      -26585.000      -16205.000         208.000      -46505.000 
-12435  
-1  22  34           20.047         12          11.941         64          64.001          42.852         -33.417      -72848.000     -165209.000      164887.000     -114602.000      148336.000       -3441.000       75447.000      208186.000 
-12435  
-1  12  35           19.967          4           4.358         64          64.000          34.348         -47.762        3264.000       27969.000      -36752.000        3519.000      -26382.000      -16305.000         627.000      -46649.000 
-12435  
-1  22  36           20.043         12          11.942         64          64.002          43.007         -33.405      -89086.000     -156413.000      152649.000     -130533.000      148242.000      -18257.000       96135.000      200171.000 
-12435  
-1  12  37           19.983          4           4.349         64          64.012          34.414         -47.742        3405.000       28664.000      -36464.000        4720.000      -26296.000      -16437.000        -133.000      -46609.000 
-12435  
-1  22  38           20.047         12          11.941         64          64.001          43.119         -33.430      -86716.000     -157325.000      154986.000     -127692.000      147894.000      -16143.000       92269.000      200750.000 
-12435  
-1  12  39           19.963          4           4.359         64          64.004          34.279         -47.771        5097.000       27628.000      -36526.000        5766.000      -27299.000      -14963.000       -2561.000      -46371.000 
-12435  
-1  22  40           20.050         12          11.940         64          64.001          42.834         -33.426      -95559.000     -152338.000      147602.000     -135347.000      147289.000      -22843.000      103721.000      195611.000 
-12435  
-1  12  41           19.967          4           4.355         64          63.998          34.154         -47.752        3556.000       28388.000      -36741.000        3938.000      -26507.000      -16391.000        -319.000      -46380.000 
-12435  
-1  22  42           20.053         12          11.942         64          64.001          42.881         -33.437      -83349.000     -158951.000      156286.000     -125111.000      148080.000      -12762.000       88233.000      202838.000 
-12435  
-1  12  43           19.953          4           4.356         64          63.998          34.353         -47.804        3498.000       28027.000      -36286.000        4511.000      -26694.000      -15906.000        -823.000      -46287.000 
-12435  
-1  22  44           20.050         12          11.941         64          64.003          43.287         -33.415      -73751.000     -164457.000      164462.000     -115380.000      149468.000       -3679.000       75587.000      207655.000 
-12435  
-1  12  45           19.973          4           4.347         64          64.005          34.353         -47.728        3718.000       28134.000      -36704.000        4445.000      -26593.000      -16144.000        -418.000      -46863.000 
-12435  
-1  22  46           20.047         12          11.942         64          64.003          43.122         -33.424      -83882.000     -158963.000      156067.000     -125141.000      148800.000      -13667.000       89418.000      202756.000 
-12435  
-1  12  47           19.973          4           4.351         64          64.006          34.141         -47.797        3775.000       27887.000      -36129.000        5114.000      -26654.000      -15611.000        -820.000      -46622.000 
-12435  
-1  22  48           20.057         12          11.943         64          64.001          42.988         -33.426      -92280.000     -154818.000      150654.000     -132554.000      147656.000      -19459.000       98552.000      197616.000 
-12435  
-1  12  49           19.937          4           4.353         64          64.005          34.174         -47.791        3169.000       28452.000      -36467.000        3830.000      -26242.000      -15795.000        -478.000      -46443.000 
-12435  
-1  22  50           20.057         12          11.943         64          64.001          43.007         -33.429     -100018.000     -149174.000      142319.000     -140705.000      146119.000      -29188.000      109104.000      192791.000 
-12435  
-1  12  51           19.930          4           4.351         64          64.002          34.312         -47.736        4587.000       27990.000      -36419.000        5666.000      -27485.000      -15549.000       -2855.000      -46453.000 
-12435  
-1  22  52           20.057         12          11.941         64          64.001          43.253         -33.411      -75692.000     -163172.000      163348.000     -116667.000      149500.000       -5001.000       77549.000      207687.000 
-12435  
-1  12  53           19.933          4           4.358         64          64.004          34.274         -47.746        4628.000       28171.000      -36472.000        5555.000      -27555.000      -15306.000       -2759.000      -46226.000 
-12435  
-1  22  54           20.050         12          11.943         64          64.000          42.804         -33.445      -85136.000     -157981.000      155761.000     -125818.000      147717.000      -14095.000       90244.000      201496.000 
-12435  
-1  12  55           19.930          4           4.344         64          64.005          34.315         -47.766        2492.000       28191.000      -36539.000        3659.000      -26442.000      -16557.000         323.000      -46548.000 
-12435  
-1  22  56           20.053         12          11.942         64          64.000          43.185         -33.444      -72757.000     -163472.000      165563.000     -112691.000      149215.000       -2261.000       73587.000      208016.000 
-12435  
-1  12  57           19.950          4           4.354         64          63.994          34.235         -47.748        2380.000       28432.000      -36765.000        2363.000      -26061.000      -17180.000        1393.000      -46510.000 
-12435  
-1  22  58           20.053         12          11.942         64          64.001          42.949         -33.425      -81351.000     -160599.000      158932.000     -121921.000      148452.000      -10298.000       85398.000      204333.000 
-12435  
-1  12  59           19.973          4           4.355         64          64.011          34.150         -47.753        4416.000       28238.000      -36329.000        4935.000      -27258.000      -15814.000       -1467.000      -46362.000 
-12435  
-1  22  60           20.057         12          11.940         64          64.001          43.536         -33.427      -76457.000     -163127.000      162422.000     -117045.000      149216.000       -5556.000       78464.000      206542.000 
-12435  
-1  12  61           19.963          4           4.352         64          63.997          34.233         -47.788        3821.000       28181.000      -36326.000        4399.000      -27078.000      -15260.000        -612.000      -46353.000 
-12435  
-1  22  62           20.057         12          11.939         64          64.000          43.096         -33.416      -94957.000     -152704.000      147566.000     -135071.000      147829.000      -22780.000      102823.000      196713.000 
-12435  
-1  12  63           19.927          4           4.353         64          64.001          33.958         -47.781        3941.000       27773.000      -36280.000        4121.000      -26563.000      -15674.000       -1306.000      -46884.000 
-12435  
-1  22  64           20.057         12          11.941         64          63.998          42.868         -33.436      -87751.000     -156450.000      153970.000     -128240.000      148055.000      -16091.000       92798.000      200543.000 
-12435  
-1  12  65           19.983          4           4.355         64          63.995          34.085         -47.791        3845.000       28414.000      -36547.000        4168.000      -26635.000      -16238.000        -127.000      -45945.000 
-12435  
-1  22  66           20.063         12          11.940         64          64.000          43.180         -33.428      -78582.000     -161798.000      160761.000     -119617.000      148124.000       -7411.000       81302.000      206124.000 
-12435  
-1  12  67           19.917          4           4.352         64          63.998          33.999         -47.750        4051.000       28034.000      -36237.000        4771.000      -26642.000      -14738.000       -1873.000      -47329.000 
-12435  
-1  22  68           20.050         12          11.941         64          64.002          43.590         -33.406      -90487.000     -156040.000      151466.000     -131142.000      148700.000      -19589.000       97107.000      199382.000 
-12435  
-1  12  69           19.947          4           4.350         64          63.998          34.177         -47.760        4160.000       28377.000      -36793.000        5158.000      -26898.000      -15044.000       -1809.000      -46262.000 
-12435  
-1  22  70           20.047         12          11.942         64          64.003          42.890         -33.444      -75016.000     -163350.000      163961.000     -115400.000      148573.000       -5433.000       76924.000      206273.000 
-12435  
-1  12  71           19.977          4           4.352         64          63.997          34.202         -47.755        4555.000       27738.000      -36477.000        5226.000      -26900.000      -16091.000       -1557.000      -46585.000 
-12435  
-1  22  72           20.050         12          11.942         64          64.001          42.782         -33.433      -76566.000     -162661.000      162060.000     -117425.000      149038.000       -5681.000       79299.000      206235.000 
-12435  
-1  12  73           19.907          4           4.349         64          64.004          34.168         -47.788        3545.000       27940.000      -36434.000        3661.000      -26810.000      -16098.000        -857.000      -46368.000 
-12435  
-1  22  74           20.053         12          11.939         64          64.003          43.183         -33.447      -77136.000     -162301.000      161500.000     -118628.000      148212.000       -6326.000       79760.000      205401.000 
-12435  
-1  12  75           19.950          4           4.347         64          63.999          34.161         -47.801        2648.000       28366.000      -36443.000        3626.000      -26303.000      -16362.000         359.000      -46198.000 
-12435  
-1  22  76           20.063         12          11.942         64          64.000          42.915         -33.422      -86747.000     -157808.000      154224.000     -127365.000      147805.000      -16127.000       91773.000      202146.000 
-12435  
-1  12  77           19.933          4           4.354         64          64.003          34.040         -47.821        3925.000       27944.000      -36567.000        4108.000      -26089.000      -15603.000       -1232.000      -46340.000 
-12435  
-1  22  78           20.047         12          11.943         64          63.999          42.792         -33.401      -72619.000     -165182.000      165667.000     -114035.000      149641.000       -2293.000       74574.000      208708.000 
-12435  
-1  12  79           19.937          4           4.351         64          64.000          33.971         -47.771        2455.000       27741.000      -36416.000        3814.000      -26510.000      -16947.000         477.000      -46659.000 
-12435  
-1  22  80           20.043         12          11.942         64          64.003          43.125         -33.419      -83529.000     -159930.000      156766.000     -125051.000      148662.000      -13717.000       88657.000      202502.000 
-12435  
-1  12  81           19.960          4           4.355         64          64.004          34.317         -47.794        3611.000       28045.000      -36743.000        3252.000      -26370.000      -16534.000          85.000      -46116.000 
-12435  
-1  22  82           20.047         12          11.943         64          64.001          42.918         -33.442      -93200.000     -152664.000      148042.000     -134893.000      146966.000      -22384.000      101437.000      196638.000 
-12435  
-1  12  83           19.957          4           4.357         64          63.997          33.989         -47.775        3702.000       28500.000      -36466.000        4536.000      -26660.000      -15591.000       -1022.000      -46343.000 
-12435  
-1  22  84           20.040         12          11.942         64          64.003          43.172         -33.411      -88693.000     -156346.000      152603.000     -130466.000      148548.000      -18722.000       95706.000      199977.000 
-12435  
-1  12  85           19.903          4           4.348         64          64.008          34.244         -47.822        3006.000       28212.000      -36360.000        4611.000      -26002.000      -16497.000       -1210.000      -46084.000 
-12435  
-1  22  86           20.057         12          11.941         64          64.002          42.869         -33.436      -68998.000     -165528.000      167162.000     -110743.000      147646.000           7.000       69992.000      210441.000 
-12435  
-1  12  87           19.990          4           4.352         64          64.002          34.088         -47.712        4234.000       28301.000      -37053.000        4560.000      -26526.000      -16391.000        -291.000      -46591.000 
-12435  
-1  22  88           20.057         12          11.941         64          64.002          43.031         -33.436      -74035.000     -163741.000      164598.000     -114848.000      148379.000       -2721.000       75575.000      207478.000 
-12435  
-1  12  89           19.927          4           4.353         64          64.001          34.245         -47.758        3675.000       28131.000      -36779.000        3603.000      -26450.000      -15720.000        -657.000      -46702.000 
-12435  
-1  22  90           20.053         12          11.942         64          64.001          43.360         -33.433      -80687.000     -160092.000      159471.000     -120942.000      148700.000       -9763.000       84449.000      204756.000 
-12435  
-1  12  91           19.957          4           4.353         64          64.008          34.061         -47.749        3277.000       28419.000      -36679.000        4265.000      -26214.000      -16199.000        -439.000      -46671.000 
-12435  
-1  22  92           20.043         12          11.942         64          64.000          42.894         -33.400      -74889.000     -163914.000      163494.000     -116650.000      149327.000       -5626.000       78374.000      207977.000 
-12435  
-1  12  93           19.967          4           4.355         64          64.010          34.163         -47.745        4487.000       28524.000      -36033.000        4831.000      -26873.000      -15625.000       -1828.000      -46797.000 
-12435  
-1  22  94           20.040         12          11.939         64          64.003          42.866         -33.416      -78410.000     -162489.000      161062.000     -119135.000      148597.000       -8905.000       82954.000      205628.000 
-12435  
-1  12  95           19.980          4           4.355         64          64.002          34.281         -47.714        4298.000       28305.000      -36914.000        4209.000      -26929.000      -15804.000        -302.000      -46672.000 
-12435  
-1  22  96           20.050         12          11.942         64          64.001          42.951         -33.426      -77626.000     -161945.000      161815.000     -118478.000      148984.000       -7693.000       80570.000      206078.000 
-12435  
-1  12  97           19.957          4           4.354         64          64.005          34.178         -47.791        3730.000       28087.000      -36283.000        4919.000      -27111.000      -16137.000       -1300.000      -46032.000 
-12435  
-1  22  98           20.047         12          11.943         64          64.004          43.140         -33.420      -86164.000     -157521.000      155004.000     -127028.000      147546.000      -15345.000       92761.000      202197.000 
-12435  
-1  12  99           19.893          4           4.350         64          64.001          34.325         -47.791        2710.000       28455.000      -36368.000        3836.000      -26160.000      -15905.000        -543.000      -46552.000 
-12435  
