-1  12  1          -28.123          4           4.336         64          64.013          34.670         -47.217       23177.000      -17564.000      -29395.000      -17321.000      -19814.000       45729.000       34131.000       18522.000 
-12435  
-1  22  2          -29.830         12          12.049         64          64.007          37.963         -38.616       -1948.000      -98220.000      -93182.000       28741.000       60104.000      104097.000       82644.000      -55243.000 
-12435  
-1  12  3          -28.207          4           4.330         64          63.997          34.877         -47.175       23391.000      -18413.000      -29775.000      -16460.000      -19133.000       46505.000       34475.000       17297.000 
-12435  
-1  22  4          -29.870         12          12.049         64          63.995          38.127         -38.668       -6160.000      -97299.000      -90174.000       32647.000       64684.000      101162.000       79884.000      -58883.000 
-12435  
-1  12  5          -28.153          4           4.338         64          63.996          35.012         -47.218       24443.000      -16027.000      -28186.000      -19366.000      -23162.000       44649.000       32369.000       19992.000 
-12435  
-1  22  6          -29.853         12          12.049         64          63.995          38.084         -38.648       17746.000      -96506.000      -95237.000        9523.000       38642.000      114552.000       91500.000      -37295.000 
-12435  
-1  12  7          -28.240          4           4.336         64          64.005          34.750         -47.142       25403.000      -15168.000      -27968.000      -20192.000      -24534.000       44299.000       32158.000       21045.000 
-12435  
-1  22  8          -29.840         12          12.042         64          63.999          38.228         -38.644       12471.000      -96969.000      -95097.000       14019.000       45157.000      112384.000       89264.000      -42193.000 
-12435  
-1  12  9          -28.223          4           4.335         64          64.007          34.670         -47.231       25170.000      -14633.000      -27408.000      -19892.000      -24745.000       43662.000       31772.000       21454.000 
-12435  
-1  22  10          -29.927         12          12.044         64          64.007          37.847         -38.671       19593.000      -95777.000      -95366.000        7614.000       36802.000      114116.000       92394.000      -36290.000 
-12435  
-1  12  11          -28.160          4           4.333         64          64.009          34.506         -47.242       23240.000      -17499.000      -29513.000      -17313.000      -19571.000       46167.000       33502.000       17710.000 
-12435  
-1  22  12          -29.897         12          12.046         64          63.996          37.864         -38.676        9004.000      -96982.000      -93637.000       17721.000       48628.000      110199.000       87788.000      -45920.000 
-12435  
-1  12  13          -28.093          4           4.334         64          64.003          34.631         -47.199       22297.000      -18167.000      -30120.000      -16295.000      -18957.000       46594.000       34665.000       17178.000 
-12435  
-1  22  14          -29.847         12          12.050         64          63.995          38.043         -38.624        6159.000      -98183.000      -93837.000       21962.000       51936.000      109665.000       85905.000      -48417.000 
-12435  
-1  12  15          -28.107          4           4.342         64          63.996          34.676         -47.196       24215.000      -16151.000      -28730.000      -19283.000      -22346.000       44926.000       32535.000       20244.000 
-12435  
-1  22  16          -29.877         12          12.052         64          63.997          38.020         -38.661       11821.000      -96271.000      -94533.000       15716.000       46485.000      111283.000       89684.000      -43163.000 
-12435  
-1  12  17          -28.140          4           4.338         64          63.999          34.740         -47.259       24272.000      -16079.000      -27741.000      -19096.000      -23116.000       44146.000       32644.000       20347.000 
-12435  
-1  22  18          -29.860         12          12.048         64          64.001          37.941         -38.675       12898.000      -96230.000      -95158.000       14569.000       44975.000      111625.000       89266.000      -41897.000 
-12435  
-1  12  19          -28.220          4           4.333         64          64.006          34.623         -47.216       25042.000      -15808.000      -28095.000      -19385.000      -23363.000       44283.000       32234.000       20393.000 
-12435  
-1  22  20          -29.887         12          12.049         64          64.009          37.939         -38.637        8417.000      -97646.000      -94596.000       18261.000       48785.000      109890.000       88121.000      -46572.000 
-12435  
-1  12  21          -28.093          4           4.339         64          64.004          34.615         -47.192       23557.000      -17258.000      -29526.000      -18066.000      -20966.000       45457.000       33450.000       19012.000 
-12435  
-1  22  22          -29.830         12          12.050         64          64.005          37.872         -38.674        9797.000      -96939.000      -94475.000       16426.000       46521.000      110242.000       89016.000      -44590.000 
-12435  
-1  12  23          -28.150          4           4.340         64          63.999          34.929         -47.175       23069.000      -18331.000      -30861.000      -15786.000      -18358.000       46640.000       34400.000       17177.000 
-12435  
-1  22  24          -29.910         12          12.046         64          64.002          38.029         -38.658        8787.000      -97775.000      -93440.000       18476.000       49211.000      110711.000       86869.000      -46286.000 
-12435  
-1  12  25          -28.173          4           4.334         64          64.003          34.546         -47.223       23869.000      -16925.000      -28778.000      -18013.000      -21174.000       45389.000       33404.000       18987.000 
-12435  
-1  22  26          -29.900         12          12.047         64          64.000          37.991         -38.634       15564.000      -96999.000      -95098.000       12233.000       42672.000      113545.000       90390.000      -39769.000 
-12435  
-1  12  27          -28.127          4           4.337         64          64.006          34.604         -47.216       24398.000      -15590.000      -28040.000      -19330.000      -23469.000       44463.000       32356.000       20745.000 
-12435  
-1  22  28          -29.867         12          12.048         64          64.002          37.963         -38.662        6810.000      -97881.000      -93654.000       20169.000       50957.000      108801.000       86930.000      -47329.000 
-12435  
-1  12  29          -28.270          4           4.333         64          64.004          34.569         -47.181       24400.000      -16652.000      -28506.000      -18341.000      -22020.000       45274.000       33559.000       19241.000 
-12435  
-1  22  30          -29.840         12          12.051         64          64.007          38.313         -38.617        7951.000      -98556.000      -94023.000       18427.000       50869.000      109894.000       88070.000      -45817.000 
-12435  
-1  12  31          -28.137          4           4.339         64          63.998          34.807         -47.184       24167.000      -16432.000      -28716.000      -18700.000      -22472.000       45084.000       33024.000       19784.000 
-12435  
-1  22  32          -29.897         12          12.050         64          64.002          38.393         -38.621       -3384.000      -98887.000      -92598.000       29159.000       61917.000      102517.000       81834.000      -56429.000 
-12435  
-1  12  33          -28.197          4           4.331         64          63.999          34.772         -47.160       24107.000      -17304.000      -29211.000      -17649.000      -20893.000       46329.000       33366.000       18444.000 
-12435  
-1  22  34          -29.903         12          12.049         64          64.002          37.884         -38.638        8888.000      -96799.000      -93797.000       18752.000       49874.000      109999.000       89062.000      -46459.000 
-12435  
-1  12  35          -28.137          4           4.341         64          63.997          34.811         -47.208       23460.000      -17192.000      -29360.000      -17850.000      -21009.000       45188.000       33941.000       18784.000 
-12435  
-1  22  36          -29.847         12          12.047         64          63.999          38.095         -38.637        3828.000      -97770.000      -93384.000       22787.000       54801.000      107706.000       85781.000      -50085.000 
-12435  
-1  12  37          -28.137          4           4.334         64          64.004          34.818         -47.243       23629.000      -16600.000      -28830.000      -18195.000      -21224.000       45382.000       33101.000       19101.000 
-12435  
-1  22  38          -29.763         12          12.052         64          63.998          37.905         -38.644       11339.000      -97927.000      -94455.000       15014.000       46199.000      111561.000       89375.000      -42180.000 
-12435  
-1  12  39          -28.097          4           4.334         64          64.007          34.741         -47.240       23755.000      -16835.000      -29077.000      -17750.000      -21557.000       45287.000       32808.000       19247.000 
-12435  
-1  22  40          -29.923         12          12.049         64          64.002          37.850         -38.666       17277.000      -96698.000      -94709.000        9058.000       39764.000      113676.000       91268.000      -38226.000 
-12435  
-1  12  41          -28.290          4           4.328         64          64.006          34.558         -47.236       24022.000      -16980.000      -28925.000      -18190.000      -20983.000       45367.000       33398.000       18153.000 
-12435  
-1  22  42          -29.840         12          12.052         64          64.000          38.137         -38.634        4920.000      -97646.000      -93894.000       22214.000       54169.000      108030.000       86251.000      -49026.000 
-12435  
-1  12  43          -28.103          4           4.332         64          64.001          35.126         -47.182       23904.000      -16275.000      -29054.000      -18530.000      -22433.000       44926.000       33190.000       20084.000 
-12435  
-1  22  44          -29.897         12          12.050         64          64.003          38.224         -38.640       15437.000      -96215.000      -95125.000       12374.000       42714.000      113425.000       90883.000      -40080.000 
-12435  
-1  12  45          -28.090          4           4.340         64          64.002          34.504         -47.224       23920.000      -16900.000      -28539.000      -18529.000      -21693.000       45042.000       32923.000       19826.000 
-12435  
-1  22  46          -29.823         12          12.048         64          64.000          37.901         -38.655        1870.000      -97840.000      -93044.000       25099.000       56963.000      105952.000       84453.000      -51324.000 
-12435  
-1  12  47          -28.183          4           4.331         64          63.995          34.711         -47.241       23525.000      -17208.000      -29312.000      -17531.000      -20763.000       44956.000       34015.000       18535.000 
-12435  
-1  22  48          -29.790         12          12.049         64          64.003          37.862         -38.621       16797.000      -96899.000      -96223.000       10174.000       40391.000      113753.000       91771.000      -37623.000 
-12435  
-1  12  49          -28.173          4           4.338         64          64.000          34.629         -47.224       23813.000      -16688.000      -29034.000      -18203.000      -21067.000       45438.000       33241.000       18947.000 
-12435  
-1  22  50          -29.713         12          12.050         64          64.005          37.919         -38.650       -1688.000      -97716.000      -91853.000       28245.000       60245.000      104712.000       82758.000      -54069.000 
-12435  
-1  12  51          -28.193          4           4.340         64          64.003          34.740         -47.184       23507.000      -17167.000      -29484.000      -17258.000      -20905.000       46003.000       33953.000       18076.000 
-12435  
-1  22  52          -29.670         12          12.048         64          64.004          37.789         -38.647        8487.000      -97255.000      -94686.000       18414.000       48987.000      110277.000       88039.000      -45059.000 
-12435  
-1  12  53          -28.213          4           4.335         64          64.000          34.433         -47.218       24086.000      -16638.000      -28848.000      -18164.000      -21627.000       45119.000       33376.000       19082.000 
-12435  
-1  22  54          -29.810         12          12.051         64          64.001          38.217         -38.657       13729.000      -96861.000      -95149.000       13360.000       43755.000      112851.000       89306.000      -40687.000 
-12435  
-1  12  55          -28.147          4           4.338         64          63.997          34.970         -47.198       24589.000      -16196.000      -28212.000      -18900.000      -22614.000       45398.000       32191.000       20001.000 
-12435  
-1  22  56          -29.930         12          12.047         64          64.000          37.758         -38.633       18433.000      -96600.000      -95438.000       10075.000       38591.000      114465.000       91675.000      -37943.000 
-12435  
-1  12  57          -28.140          4           4.340         64          64.006          34.514         -47.203       24071.000      -15956.000      -28710.000      -18532.000      -22712.000       44931.000       32937.000       20017.000 
-12435  
-1  22  58          -29.790         12          12.048         64          64.000          38.189         -38.626       10034.000      -97443.000      -95157.000       16715.000       47562.000      111189.000       88737.000      -44237.000 
-12435  
-1  12  59          -28.153          4           4.333         64          64.001          34.849         -47.205       24175.000      -17047.000      -29438.000      -17934.000      -21084.000       45476.000       32903.000       18986.000 
-12435  
-1  22  60          -29.823         12          12.052         64          64.001          38.311         -38.645       12012.000      -97523.000      -94445.000       14173.000       45810.000      111636.000       90003.000      -41987.000 
-12435  
-1  12  61          -28.143          4           4.340         64          64.005          34.481         -47.201       24323.000      -15831.000      -28176.000      -19045.000      -22747.000       45140.000       32519.000       20313.000 
-12435  
-1  22  62          -29.877         12          12.051         64          64.001          37.894         -38.656       -2439.000      -97151.000      -91984.000       28987.000       61861.000      103607.000       81623.000      -55900.000 
-12435  
-1  12  63          -28.143          4           4.340         64          64.000          34.659         -47.167       23950.000      -16946.000      -29453.000      -18151.000      -21165.000       45688.000       33363.000       19112.000 
-12435  
-1  22  64          -29.857         12          12.053         64          64.003          38.117         -38.661       11632.000      -97007.000      -94261.000       16043.000       45788.000      111011.000       89955.000      -42973.000 
-12435  
-1  12  65          -28.273          4           4.335         64          64.003          34.898         -47.110       24627.000      -17291.000      -29395.000      -17842.000      -20927.000       46218.000       33697.000       18836.000 
-12435  
-1  22  66          -29.783         12          12.050         64          64.004          37.935         -38.661       18074.000      -96107.000      -95655.000        9414.000       38370.000      114374.000       91443.000      -36414.000 
-12435  
-1  12  67          -28.187          4           4.334         64          64.006          34.891         -47.190       23079.000      -17586.000      -29373.000      -17021.000      -20358.000       46071.000       34572.000       17693.000 
-12435  
-1  22  68          -29.837         12          12.046         64          64.001          37.967         -38.629         687.000      -97746.000      -92723.000       26723.000       58571.000      105997.000       83842.000      -52952.000 
-12435  
-1  12  69          -28.153          4           4.334         64          64.000          34.654         -47.235       24300.000      -16331.000      -28229.000      -18921.000      -22745.000       44890.000       32403.000       19552.000 
-12435  
-1  22  70          -29.900         12          12.051         64          64.003          37.947         -38.638       17713.000      -96927.000      -95656.000        9906.000       38816.000      113775.000       91824.000      -37799.000 
-12435  
-1  12  71          -28.140          4           4.342         64          64.004          34.596         -47.185       23541.000      -16795.000      -29515.000      -18139.000      -20999.000       45828.000       33452.000       18716.000 
-12435  
-1  22  72          -29.913         12          12.046         64          64.001          37.905         -38.634       10989.000      -98121.000      -94564.000       16754.000       47191.000      110641.000       89011.000      -44096.000 
-12435  
-1  12  73          -28.240          4           4.334         64          64.003          34.781         -47.203       24348.000      -15264.000      -28362.000      -19269.000      -23058.000       44720.000       32901.000       20131.000 
-12435  
-1  22  74          -29.773         12          12.050         64          64.001          38.134         -38.667       17275.000      -96268.000      -95424.000        9824.000       38283.000      113855.000       91690.000      -37157.000 
-12435  
-1  12  75          -28.243          4           4.338         64          63.998          34.694         -47.253       24478.000      -15616.000      -28124.000      -18960.000      -23443.000       44163.000       32648.000       19823.000 
-12435  
-1  22  76          -29.843         12          12.047         64          64.004          37.965         -38.666        9115.000      -97698.000      -93523.000       16099.000       47719.000      110766.000       88278.000      -44935.000 
-12435  
-1  12  77          -28.227          4           4.333         64          63.999          34.685         -47.137       24271.000      -17332.000      -29319.000      -17957.000      -21396.000       45771.000       33799.000       18627.000 
-12435  
-1  22  78          -29.617         12          12.048         64          64.000          38.046         -38.649       11118.000      -97203.000      -94226.000       15785.000       45459.000      112007.000       89739.000      -42429.000 
-12435  
-1  12  79          -28.280          4           4.338         64          64.003          34.573         -47.242       22921.000      -17469.000      -29893.000      -16990.000      -19324.000       45540.000       34843.000       17137.000 
-12435  
-1  22  80          -29.857         12          12.050         64          63.998          38.115         -38.677       14096.000      -96890.000      -95043.000       12481.000       42219.000      112210.000       89953.000      -40562.000 
-12435  
-1  12  81          -28.103          4           4.338         64          64.001          34.678         -47.226       23436.000      -17091.000      -29343.000      -17980.000      -20607.000       46016.000       32868.000       18491.000 
-12435  
-1  22  82          -29.727         12          12.048         64          63.996          38.078         -38.685       11409.000      -96256.000      -94689.000       15577.000       45412.000      111327.000       89076.000      -42568.000 
-12435  
-1  12  83          -28.153          4           4.342         64          63.999          34.869         -47.198       23877.000      -16186.000      -28199.000      -18740.000      -22321.000       45675.000       32953.000       19473.000 
-12435  
-1  22  84          -29.730         12          12.047         64          64.001          38.081         -38.636       14621.000      -96666.000      -95277.000       12019.000       42311.000      113270.000       91266.000      -39474.000 
-12435  
-1  12  85          -28.133          4           4.335         64          64.006          34.559         -47.251       23751.000      -16379.000      -29140.000      -17906.000      -21052.000       45659.000       32594.000       19057.000 
-12435  
-1  22  86          -29.850         12          12.046         64          64.003          37.845         -38.634       -1824.000      -98407.000      -91646.000       28039.000       60595.000      104580.000       82686.000      -54749.000 
-12435  
-1  12  87          -28.220          4           4.337         64          63.998          34.676         -47.179       24111.000      -16830.000      -29171.000      -18658.000      -21786.000       45333.000       33384.000       18608.000 
-12435  
-1  22  88          -29.940         12          12.048         64          64.002          38.106         -38.649       10213.000      -98493.000      -94213.000       17134.000       48175.000      110134.000       87813.000      -45023.000 
-12435  
-1  12  89          -28.123          4           4.335         64          64.004          34.947         -47.168       23695.000      -16886.000      -29670.000      -17770.000      -21533.000       45351.000       33744.000       19199.000 
-12435  
-1  22  90          -29.333         12          12.051         64          64.004          38.182         -38.642        1369.000      -96428.000      -93380.000       24609.000       56667.000      106943.000       85584.000      -51279.000 
-12435  
-1  12  91          -28.220          4           4.337         64          64.000          34.558         -47.208       24364.000      -16829.000      -29068.000      -18595.000      -21124.000       45162.000       33104.000       19112.000 
-12435  
-1  22  92          -29.410         12          12.048         64          64.001          38.001         -38.644        5402.000      -97724.000      -94003.000       20141.000       52270.000      109092.000       86935.000      -46923.000 
-12435  
-1  12  93          -28.273          4           4.330         64          63.998          34.962         -47.217       23767.000      -16162.000      -28858.000      -18058.000      -22051.000       45038.000       33890.000       18798.000 
-12435  
-1  22  94          -29.457         12          12.047         64          64.003          38.015         -38.649       16953.000      -96517.000      -95405.000        9807.000       38454.000      114432.000       91933.000      -36536.000 
-12435  
-1  12  95          -28.127          4           4.339         64          63.995          34.675         -47.165       23248.000      -17126.000      -29430.000      -17530.000      -20156.000       46804.000       33667.000       18336.000 
-12435  
-1  22  96          -29.887         12          12.048         64          64.003          38.063         -38.648       18466.000      -96421.000      -95610.000        9893.000       39371.000      114025.000       91653.000      -36636.000 
-12435  
-1  12  97          -28.080          4           4.335         64          64.003          34.954         -47.151       23729.000      -18312.000      -29621.000      -17655.000      -20943.000       45651.000       33693.000       18658.000 
-12435  
-1  22  98          -29.800         12          12.048         64          64.000          38.210         -38.625       10461.000      -97606.000      -94396.000       16490.000       47803.000      111398.000       89351.000      -43586.000 
-12435  
-1  12  99          -28.290          4           4.332         64          64.002          34.786         -47.130       24283.000      -16430.000      -29117.000      -18028.000      -21407.000       46376.000       33592.000       18823.000 
-12435  
