-1  22  1          -15.030         12          12.034         64          63.996          42.648         -34.009     -188772.000        6238.000      -62117.000      118286.000       33858.000      194681.000      176098.000       45149.000 
-12435  
-1  12  2          -19.657          4           4.453         64          63.985          24.441         -57.678       -5932.000       -8082.000       -3615.000        3618.000       -1938.000       11393.000       13007.000       10505.000 
-12435  
-1  22  3          -15.023         12          12.033         64          64.001          42.135         -34.022     -187472.000       13295.000      -58201.000      120156.000       41163.000      193309.000      177486.000       39154.000 
-12435  
-1  12  4          -19.420          4           4.472         64          64.014          24.281         -57.794       -5945.000       -7790.000       -4075.000        4053.000       -1219.000       11847.000       12541.000        9870.000 
-12435  
-1  22  5          -15.027         12          12.033         64          64.006          42.487         -34.012     -188447.000      -12473.000      -73099.000      111395.000       14548.000      196805.000      170971.000       62930.000 
-12435  
-1  12  6          -19.450          4           4.457         64          63.999          24.389         -57.710       -6552.000       -6915.000       -3342.000        4447.000         179.000       11777.000       13995.000        8920.000 
-12435  
-1  22  7          -15.030         12          12.035         64          64.005          42.429         -34.017     -185675.000       33203.000      -44727.000      125450.000       61247.000      187516.000      181025.000       19691.000 
-12435  
-1  12  8          -19.737          4           4.449         64          63.991          24.485         -57.658       -7161.000       -7498.000       -4369.000        3704.000         588.000       11609.000       13757.000        8810.000 
-12435  
-1  22  9          -15.013         12          12.034         64          63.995          42.454         -34.009     -186419.000       29452.000      -47616.000      124187.000       56674.000      189845.000      180102.000       24915.000 
-12435  
-1  12  10          -19.900          4           4.454         64          64.001          24.395         -57.680       -6040.000       -7784.000       -3715.000        4003.000        -542.000       11785.000       13577.000        9440.000 
-12435  
-1  22  11          -15.037         12          12.033         64          63.997          42.330         -34.010     -188556.000       10729.000      -59849.000      119009.000       38635.000      194094.000      177106.000       40730.000 
-12435  
-1  12  12          -19.570          4           4.458         64          63.997          23.920         -57.895       -6395.000       -8157.000       -3916.000        3964.000       -1063.000       11040.000       12608.000        9641.000 
-12435  
-1  22  13          -15.027         12          12.035         64          64.001          42.442         -34.018     -187607.000      -18980.000      -77405.000      109245.000        7353.000      197379.000      168139.000       67852.000 
-12435  
-1  12  14          -19.207          4           4.452         64          63.998          24.414         -57.561       -6674.000       -7398.000       -4322.000        4034.000        -622.000       11849.000       13382.000       10020.000 
-12435  
-1  22  15          -15.027         12          12.034         64          64.005          42.603         -34.012     -189024.000        7259.000      -61818.000      117380.000       34365.000      194644.000      176252.000       44905.000 
-12435  
-1  12  16          -19.557          4           4.457         64          63.986          24.530         -57.647       -6315.000       -7651.000       -3623.000        4069.000       -1150.000       11719.000       13512.000        9710.000 
-12435  
-1  22  17          -15.037         12          12.031         64          64.006          42.445         -34.006     -188051.000       12125.000      -58050.000      120549.000       41394.000      193803.000      177513.000       38876.000 
-12435  
-1  12  18          -19.430          4           4.464         64          64.002          24.230         -57.598       -6931.000       -7371.000       -3678.000        4614.000         215.000       11748.000       13922.000        8984.000 
-12435  
-1  22  19          -15.020         12          12.034         64          63.999          42.394         -34.009     -188627.000        1545.000      -65458.000      115949.000       28332.000      196319.000      174474.000       50473.000 
-12435  
-1  12  20          -19.587          4           4.438         64          64.001          24.460         -57.657       -6267.000       -7284.000       -3675.000        4212.000        -106.000       11654.000       13782.000        9648.000 
-12435  
-1  22  21          -15.013         12          12.032         64          63.998          42.599         -33.992     -189094.000       -4125.000      -68871.000      115152.000       22662.000      196759.000      173068.000       56219.000 
-12435  
-1  12  22          -19.553          4           4.466         64          63.983          24.188         -58.032       -6370.000       -7901.000       -3866.000        3961.000        -913.000       10969.000       12510.000        9283.000 
-12435  
-1  22  23          -15.027         12          12.032         64          63.999          42.643         -33.990     -188867.000       11918.000      -59069.000      120202.000       39614.000      193719.000      178025.000       40593.000 
-12435  
-1  12  24          -19.370          4           4.454         64          63.999          24.572         -57.567       -6092.000       -7665.000       -3952.000        4190.000        -939.000       12004.000       13179.000       10298.000 
-12435  
-1  22  25          -15.027         12          12.034         64          64.006          42.351         -34.001     -189190.000       -4069.000      -68826.000      114563.000       22087.000      195787.000      174110.000       55422.000 
-12435  
-1  12  26          -19.350          4           4.463         64          63.997          24.281         -57.675       -6411.000       -7762.000       -3630.000        4614.000        -942.000       11630.000       13269.000        9594.000 
-12435  
-1  22  27          -15.027         12          12.033         64          64.003          42.530         -34.001     -188177.000       13592.000      -56608.000      120981.000       42346.000      193099.000      178468.000       38862.000 
-12435  
-1  12  28          -19.150          4           4.448         64          64.006          24.579         -57.676       -6652.000       -7106.000       -3751.000        4532.000        -402.000       11666.000       13577.000        9488.000 
-12435  
-1  22  29          -15.020         12          12.035         64          64.000          42.501         -34.004     -188850.000       -2023.000      -67189.000      115958.000       24368.000      195997.000      174098.000       53118.000 
-12435  
-1  12  30          -19.480          4           4.468         64          64.004          24.516         -57.659       -6674.000       -7337.000       -3422.000        4200.000        -515.000       12482.000       13496.000        8732.000 
-12435  
-1  22  31          -15.020         12          12.033         64          63.999          42.695         -33.984     -189226.000       -5522.000      -69553.000      114021.000       21297.000      196931.000      173607.000       57500.000 
-12435  
-1  12  32          -19.600          4           4.453         64          63.999          24.439         -57.662       -6066.000       -7857.000       -3856.000        4171.000        -787.000       11723.000       13137.000       10017.000 
-12435  
-1  22  33          -15.027         12          12.034         64          64.000          42.491         -34.021     -188862.000        7089.000      -62051.000      118543.000       34881.000      194102.000      175494.000       44367.000 
-12435  
-1  12  34          -19.300          4           4.456         64          63.999          24.236         -57.768       -5950.000       -7911.000       -4344.000        4152.000       -1218.000       11399.000       12465.000       10382.000 
-12435  
-1  22  35          -15.020         12          12.033         64          64.004          42.428         -34.001     -188879.000       11449.000      -58798.000      120008.000       38525.000      194378.000      176884.000       40507.000 
-12435  
-1  12  36          -19.420          4           4.468         64          64.014          24.433         -57.809       -6409.000       -7665.000       -3853.000        3772.000       -1225.000       11580.000       12900.000        9637.000 
-12435  
-1  22  37          -15.023         12          12.033         64          64.002          42.442         -34.023     -188283.000        1756.000      -65433.000      115984.000       28914.000      195213.000      174745.000       50570.000 
-12435  
-1  12  38          -19.250          4           4.452         64          64.011          24.506         -57.738       -6414.000       -7803.000       -3488.000        4561.000        -286.000       11178.000       12910.000       10280.000 
-12435  
-1  22  39          -15.020         12          12.033         64          64.001          42.405         -34.007     -188071.000       12174.000      -58028.000      120210.000       40085.000      193619.000      177748.000       40691.000 
-12435  
-1  12  40          -19.637          4           4.479         64          64.000          24.123         -57.856       -6393.000       -7439.000       -3402.000        4109.000        -206.000       11818.000       13170.000        8961.000 
-12435  
-1  22  41          -15.030         12          12.032         64          64.000          42.453         -33.999     -188709.000       12934.000      -57951.000      120207.000       41763.000      193642.000      177590.000       39390.000 
-12435  
-1  12  42          -19.983          4           4.449         64          64.003          24.304         -57.692       -6666.000       -8151.000       -3459.000        4054.000        -119.000       11616.000       13618.000        8854.000 
-12435  
-1  22  43          -15.020         12          12.035         64          64.000          42.380         -34.000     -186698.000       29050.000      -47420.000      123997.000       57003.000      190037.000      180476.000       25077.000 
-12435  
-1  12  44          -19.797          4           4.470         64          63.992          23.987         -58.023       -5876.000       -7799.000       -3601.000        3875.000        -931.000       11094.000       12739.000        9434.000 
-12435  
-1  22  45          -15.023         12          12.035         64          64.003          42.366         -34.018     -186147.000       28791.000      -47373.000      125567.000       57117.000      188733.000      180049.000       24053.000 
-12435  
-1  12  46          -19.697          4           4.471         64          64.014          24.095         -57.775       -6600.000       -8086.000       -3669.000        3768.000        -621.000       11614.000       12919.000        9438.000 
-12435  
-1  22  47          -15.037         12          12.032         64          64.003          42.573         -34.021     -187420.000       -8309.000      -71713.000      112732.000       18453.000      197004.000      172436.000       57976.000 
-12435  
-1  12  48          -19.350          4           4.458         64          63.995          24.415         -57.683       -6663.000       -7966.000       -3819.000        4101.000        -704.000       11389.000       12978.000       10062.000 
-12435  
-1  22  49          -15.023         12          12.034         64          64.001          42.343         -34.015     -188089.000       12641.000      -57972.000      119798.000       40572.000      193339.000      177685.000       40301.000 
-12435  
-1  12  50          -19.470          4           4.454         64          64.005          24.093         -57.790       -6603.000       -7367.000       -3489.000        3858.000        -877.000       12216.000       13148.000        8845.000 
-12435  
-1  22  51          -15.033         12          12.033         64          64.000          42.639         -33.992     -189090.000       10830.000      -59723.000      119296.000       38261.000      194025.000      177890.000       41081.000 
-12435  
-1  12  52          -19.647          4           4.467         64          64.001          24.384         -57.649       -6583.000       -8031.000       -3985.000        4008.000       -1340.000       11366.000       13494.000        9513.000 
-12435  
-1  22  53          -15.027         12          12.032         64          64.002          42.980         -33.990     -188781.000       -5446.000      -70071.000      114476.000       21522.000      196334.000      173900.000       56995.000 
-12435  
-1  12  54          -19.093          4           4.444         64          64.016          24.260         -57.627       -6738.000       -6963.000       -4317.000        4604.000        -488.000       11790.000       13692.000        9257.000 
-12435  
-1  22  55          -15.027         12          12.034         64          64.002          42.144         -34.012     -188419.000       -5722.000      -69570.000      114250.000       21537.000      196866.000      172594.000       55841.000 
-12435  
-1  12  56          -19.537          4           4.450         64          63.999          24.600         -57.591       -6705.000       -7318.000       -3854.000        3986.000        -612.000       11691.000       14027.000        9360.000 
-12435  
-1  22  57          -15.023         12          12.033         64          64.000          42.690         -34.012     -188636.000       11109.000      -59642.000      119298.000       38964.000      193773.000      176745.000       41621.000 
-12435  
-1  12  58          -19.377          4           4.456         64          63.995          24.582         -57.689       -6397.000       -7562.000       -3554.000        3728.000       -1351.000       11797.000       13167.000        9971.000 
-12435  
-1  22  59          -15.017         12          12.034         64          63.999          42.869         -34.018     -187302.000       20531.000      -54126.000      122596.000       47864.000      191582.000      178394.000       32997.000 
-12435  
-1  12  60          -19.737          4           4.470         64          64.005          24.326         -57.719       -6395.000       -7853.000       -3775.000        4446.000        -408.000       11678.000       13404.000        9048.000 
-12435  
-1  22  61          -15.017         12          12.033         64          64.003          42.519         -34.005     -187105.000       25560.000      -50597.000      124492.000       53743.000      190162.000      179367.000       28403.000 
-12435  
-1  12  62          -19.377          4           4.461         64          64.002          24.514         -57.639       -6846.000       -7233.000       -3801.000        3600.000        -398.000       12181.000       13443.000        9423.000 
-12435  
-1  22  63          -15.040         12          12.034         64          64.002          42.333         -34.018     -186604.000       31655.000      -46126.000      125111.000       60070.000      188180.000      179882.000       20065.000 
-12435  
-1  12  64          -19.600          4           4.461         64          63.997          24.757         -57.667       -6487.000       -7811.000       -3482.000        4169.000        -504.000       11660.000       13386.000        9653.000 
-12435  
-1  22  65          -15.023         12          12.035         64          64.001          42.396         -33.991     -188482.000      -13073.000      -74072.000      111563.000       13312.000      197796.000      170958.000       63335.000 
-12435  
-1  12  66          -19.560          4           4.430         64          64.002          24.435         -57.564       -6816.000       -7192.000       -3174.000        4225.000         291.000       12178.000       14075.000        9029.000 
-12435  
-1  22  67          -15.030         12          12.032         64          64.001          42.498         -34.013     -188817.000       -4886.000      -69096.000      114307.000       22548.000      196059.000      173153.000       55523.000 
-12435  
-1  12  68          -19.413          4           4.442         64          63.998          24.303         -57.768       -6154.000       -7394.000       -3921.000        4624.000        -417.000       11882.000       13182.000        9177.000 
-12435  
-1  22  69          -15.023         12          12.035         64          64.000          42.612         -33.977     -187823.000       26474.000      -50087.000      125122.000       54742.000      190623.000      179949.000       26527.000 
-12435  
-1  12  70          -19.773          4           4.455         64          64.005          24.761         -57.510       -6003.000       -8259.000       -3760.000        4044.000       -1276.000       11815.000       13370.000       10314.000 
-12435  
-1  22  71          -15.033         12          12.033         64          64.001          42.556         -34.022     -188780.000       -7789.000      -70424.000      112189.000       18953.000      196115.000      172572.000       58458.000 
-12435  
-1  12  72          -19.350          4           4.472         64          63.997          24.209         -57.791       -6612.000       -7802.000       -4161.000        3730.000        -616.000       11308.000       12714.000       10011.000 
-12435  
-1  22  73          -15.020         12          12.032         64          64.004          42.626         -33.994     -188410.000       13713.000      -59066.000      120201.000       40065.000      193982.000      177938.000       39465.000 
-12435  
-1  12  74          -19.577          4           4.452         64          63.994          24.212         -57.760       -6606.000       -7462.000       -4049.000        4193.000        -211.000       11414.000       13521.000        9121.000 
-12435  
-1  22  75          -15.023         12          12.034         64          64.003          42.746         -34.025     -188124.000       -3239.000      -68141.000      115004.000       24074.000      195537.000      173399.000       54859.000 
-12435  
-1  12  76          -19.333          4           4.464         64          63.981          24.340         -57.904       -6961.000       -7081.000       -3497.000        4023.000           3.000       11370.000       13334.000        8849.000 
-12435  
-1  22  77          -15.037         12          12.033         64          64.002          42.466         -34.004     -188274.000       12747.000      -57437.000      120459.000       40959.000      194067.000      177674.000       37903.000 
-12435  
-1  12  78          -19.253          4           4.455         64          64.016          24.476         -57.649       -6832.000       -6894.000       -3880.000        4173.000         -11.000       11777.000       13862.000        9266.000 
-12435  
-1  22  79          -15.033         12          12.033         64          63.999          42.411         -34.004     -187846.000        7855.000      -60609.000      119543.000       36301.000      194765.000      177080.000       43016.000 
-12435  
-1  12  80          -19.357          4           4.449         64          64.006          24.158         -57.744       -6391.000       -7573.000       -3931.000        3923.000        -481.000       11635.000       12920.000       10005.000 
-12435  
-1  22  81          -15.027         12          12.033         64          63.998          42.556         -34.039     -187853.000       10876.000      -59809.000      118934.000       37864.000      192535.000      177112.000       41903.000 
-12435  
-1  12  82          -19.887          4           4.472         64          63.991          24.381         -57.749       -6383.000       -8014.000       -3219.000        4103.000        -835.000       11205.000       13655.000        9281.000 
-12435  
-1  22  83          -15.027         12          12.033         64          64.000          42.419         -34.023     -186693.000       27793.000      -48737.000      124087.000       55661.000      189278.000      179680.000       25099.000 
-12435  
-1  12  84          -19.520          4           4.457         64          63.996          24.186         -57.725       -6553.000       -8202.000       -4107.000        3779.000       -1035.000       11423.000       12750.000        9922.000 
-12435  
-1  22  85          -15.030         12          12.033         64          64.002          42.408         -34.019     -188595.000        -429.000      -67454.000      116189.000       27254.000      195346.000      173864.000       50974.000 
-12435  
-1  12  86          -19.263          4           4.448         64          63.985          24.117         -57.849       -6690.000       -7200.000       -3619.000        3961.000         -75.000       11559.000       13028.000        9495.000 
-12435  
-1  22  87          -15.033         12          12.034         64          64.003          42.504         -34.010     -187801.000       -4304.000      -69273.000      114479.000       24021.000      196754.000      173528.000       54993.000 
-12435  
-1  12  88          -19.810          4           4.457         64          64.005          24.349         -57.755       -6284.000       -7799.000       -3548.000        3721.000        -323.000       11483.000       13314.000        9710.000 
-12435  
-1  22  89          -15.027         12          12.034         64          64.001          42.328         -34.020     -188394.000       -7109.000      -69632.000      113623.000       19841.000      196399.000      172492.000       57301.000 
-12435  
-1  12  90          -19.063          4           4.452         64          64.003          24.230         -57.722       -6975.000       -7321.000       -3862.000        4392.000        -313.000       11488.000       13155.000        9629.000 
-12435  
-1  22  91          -15.023         12          12.035         64          63.999          42.547         -34.018     -187840.000      -11912.000      -74653.000      111703.000       14360.000      196708.000      170597.000       62421.000 
-12435  
-1  12  92          -19.483          4           4.466         64          64.009          24.233         -57.777       -6657.000       -7438.000       -3542.000        4090.000        -823.000       11632.000       13458.000        9031.000 
-12435  
-1  22  93          -15.030         12          12.031         64          64.001          42.816         -34.014     -188468.000        4115.000      -63383.000      117240.000       31878.000      194699.000      175960.000       47861.000 
-12435  
-1  12  94          -19.277          4           4.465         64          63.999          24.466         -57.624       -6839.000       -7768.000       -4112.000        3731.000        -798.000       12258.000       12811.000        9672.000 
-12435  
-1  22  95          -15.017         12          12.035         64          64.000          42.372         -34.023     -188561.000       -1976.000      -68062.000      114873.000       23555.000      195926.000      173192.000       53805.000 
-12435  
-1  12  96          -19.317          4           4.458         64          63.992          24.113         -57.684       -6429.000       -7594.000       -3714.000        4501.000        -751.000       11679.000       13281.000        9622.000 
-12435  
-1  22  97          -15.020         12          12.035         64          64.003          42.571         -34.003     -188488.000       -8416.000      -71405.000      113098.000       17821.000      197363.000      171863.000       59348.000 
-12435  
-1  12  98          -19.740          4           4.466         64          64.016          24.776         -57.742       -6017.000       -7982.000       -3744.000        4336.000        -833.000       11255.000       13270.000        9778.000 
-12435  
-1  22  99          -15.017         12          12.032         64          64.003          42.560         -34.013     -188059.000       12676.000      -58908.000      119935.000       39998.000      193865.000      176928.000       40584.000 
-12435  
