-1  22  1           23.433         11          11.495         64          63.951          11.843         -65.186       -1401.000        -717.000       -2250.000        2453.000       -3581.000       -5522.000        5925.000       -1955.000 
-12435  
-1  12  2           48.240          4           4.017         64          63.969          23.636         -58.469        6943.000       -7544.000        2899.000       10262.000       -5120.000       -9303.000       10425.000        3106.000 
-12435  
-1  22  3           31.580         12          11.514         64          63.996          12.147         -64.730        -966.000        1014.000        2437.000       -4125.000        4010.000        5681.000       -5742.000         429.000 
-12435  
-1  12  4           49.183          4           4.023         64          64.011          23.475         -58.500        6549.000       -7564.000        2854.000       10285.000       -4822.000       -9608.000       10174.000        3683.000 
-12435  
-1  22  5           23.203         11          11.233         64          64.060          12.399         -64.796       -1243.000       -1218.000       -3949.000        2178.000       -3267.000       -5353.000        6416.000        -970.000 
-12435  
-1  12  6           48.277          4           4.043         64          64.015          23.320         -58.664        6633.000       -7144.000        2865.000       10034.000       -4995.000       -9113.000       10410.000        3138.000 
-12435  
-1  22  7           23.113         11          11.444         64          63.992          11.417         -65.579        -987.000        -257.000       -3712.000        2316.000       -3907.000       -4793.000        5059.000       -1871.000 
-12435  
-1  12  8           48.917          4           4.047         64          64.001          23.742         -58.544        6406.000       -7650.000        3477.000        9805.000       -5035.000       -9367.000       10616.000        2936.000 
-12435  
-1  22  9           24.417         11          11.440         64          63.991          12.520         -64.673       -1586.000        -526.000       -3065.000        2858.000       -4412.000       -4498.000        6660.000       -1850.000 
-12435  
-1  12  10           48.990          4           3.984         64          64.029          23.750         -58.436        6677.000       -8006.000        2824.000        9937.000       -5229.000       -9707.000       10283.000        3251.000 
-12435  
-1  22  11           31.990         12          11.527         64          64.041          11.381         -65.452        -344.000        1525.000        1820.000       -4734.000        3844.000        4361.000       -5234.000         874.000 
-12435  
-1  12  12           49.057          4           4.007         64          64.010          23.507         -58.529        6135.000       -7957.000        3407.000        9687.000       -5620.000       -9137.000       10688.000        2825.000 
-12435  
-1  22  13           25.737         11          11.433         64          64.035          12.372         -64.787       -1228.000        -294.000       -2400.000        3347.000       -3919.000       -4567.000        6689.000       -2348.000 
-12435  
-1  12  14           49.070          4           4.044         64          64.004          23.443         -58.459        6068.000       -7488.000        3483.000        9668.000       -5342.000       -9690.000       10979.000        3082.000 
-12435  
-1  22  15           29.250         12          11.518         64          64.017          11.817         -65.043        -392.000        1060.000        2146.000       -4634.000        4814.000        5697.000       -4004.000         -12.000 
-12435  
-1  12  16           49.563          4           4.061         64          64.002          23.708         -58.365        6064.000       -7913.000        3339.000        9996.000       -5147.000       -9435.000       11144.000        3256.000 
-12435  
-1  22  17           23.543         11          11.406         64          63.928          12.512         -64.662       -1538.000       -1253.000       -3207.000        3066.000       -3630.000       -5213.000        6433.000       -1651.000 
-12435  
-1  12  18           50.220          4           4.050         64          64.008          23.853         -58.466        5874.000       -7983.000        3469.000        9426.000       -5436.000       -9271.000       11122.000        3444.000 
-12435  
-1  22  19           24.177         11          11.468         64          64.007          12.474         -64.548       -1126.000        -484.000       -2869.000        2584.000       -4839.000       -5131.000        6295.000       -2278.000 
-12435  
-1  12  20           48.630          4           4.006         64          64.009          23.611         -58.571        6140.000       -7569.000        3200.000        9428.000       -5430.000       -9654.000       10745.000        2680.000 
-12435  
-1  22  21           22.847         11          11.362         64          63.952          12.045         -65.153        -553.000       -1938.000       -2943.000        2475.000       -4149.000       -4851.000        5622.000       -2309.000 
-12435  
-1  12  22           48.843          4           4.037         64          64.019          23.655         -58.432        6710.000       -7563.000        2605.000        9510.000       -5403.000       -9854.000       10795.000        3386.000 
-12435  
-1  22  23           32.907         12          11.519         64          64.076          11.512         -65.359       -1286.000        1059.000        1525.000       -5086.000        4184.000        4579.000       -4682.000         833.000 
-12435  
-1  12  24           49.597          4           4.058         64          64.011          23.494         -58.653        6760.000       -7470.000        3360.000        9569.000       -4381.000       -9551.000       10182.000        3579.000 
-12435  
-1  22  25           33.277         12          11.529         64          64.007          11.982         -64.916        -328.000        1684.000        1361.000       -4814.000        4106.000        4915.000       -5705.000         650.000 
-12435  
-1  12  26           48.773          4           4.056         64          63.987          23.397         -58.591        6523.000       -7967.000        2179.000       10052.000       -4615.000       -9143.000       10591.000        2923.000 
-12435  
-1  22  27           31.413         12          11.520         64          64.016          12.188         -64.654        -443.000        1632.000        2149.000       -4759.000        3936.000        5764.000       -5419.000         295.000 
-12435  
-1  12  28           48.763          4           4.031         64          63.991          23.596         -58.681        6474.000       -7090.000        3083.000        9752.000       -4788.000       -9064.000       10782.000        3215.000 
-12435  
-1  22  29           23.210         11          11.399         64          64.079          11.866         -65.340       -1009.000       -1046.000       -2917.000        2417.000       -3537.000       -4913.000        5871.000       -2213.000 
-12435  
-1  12  30           48.890          4           4.007         64          63.992          23.458         -58.560        5911.000       -7858.000        3539.000        9656.000       -5379.000       -8774.000       11253.000        2366.000 
-12435  
-1  22  31           24.710         11          11.464         64          64.061          12.203         -65.008       -1005.000         169.000       -3342.000        2721.000       -4065.000       -5455.000        5633.000       -1478.000 
-12435  
-1  12  32           49.007          4           4.022         64          64.010          23.264         -58.696        5632.000       -7728.000        3512.000       10051.000       -4807.000       -8950.000       10613.000        2516.000 
-12435  
-1  22  33           24.250         11          11.493         64          63.950          11.940         -64.941        -528.000        -522.000       -3788.000        2243.000       -4584.000       -4811.000        5816.000       -1861.000 
-12435  
-1  12  34           48.990          4           4.066         64          64.000          23.619         -58.393        6341.000       -7631.000        3146.000        9820.000       -4946.000       -9077.000       11739.000        2906.000 
-12435  
-1  22  35           26.083         11          11.413         64          63.999          12.227         -64.848        -458.000        -559.000       -3244.000        2777.000       -4805.000       -4767.000        6083.000       -1412.000 
-12435  
-1  12  36           49.093          4           4.058         64          63.986          23.565         -58.673        6143.000       -7737.000        2750.000        9697.000       -5054.000       -9048.000       10660.000        3003.000 
-12435  
-1  22  37           24.717         11          11.417         64          64.015          13.057         -64.486       -1013.000       -1048.000       -2774.000        2560.000       -3917.000       -5114.000        7122.000       -1994.000 
-12435  
-1  12  38           49.187          4           4.032         64          63.982          23.231         -58.705        6246.000       -7123.000        2429.000       10043.000       -4360.000       -9256.000       10547.000        3690.000 
-12435  
-1  22  39           29.797         12          11.537         64          63.947          11.764         -64.924        -179.000        1588.000        2886.000       -4164.000        4048.000        5158.000       -5521.000         272.000 
-12435  
-1  12  40           48.927          4           4.015         64          63.988          23.687         -58.416        6619.000       -7614.000        2823.000       10107.000       -4758.000       -9713.000       10741.000        3341.000 
-12435  
-1  22  41           33.753         12          11.524         64          64.022          12.161         -64.550       -1001.000        1922.000        1944.000       -5373.000        4538.000        4785.000       -5445.000         655.000 
-12435  
-1  12  42           49.240          4           4.047         64          64.008          23.705         -58.393        6512.000       -7729.000        2754.000       10442.000       -4704.000       -9178.000       10959.000        3544.000 
-12435  
-1  22  43           24.190         11          11.312         64          63.986          12.575         -64.442       -1061.000        -972.000       -2802.000        2594.000       -4557.000       -5451.000        6527.000       -1993.000 
-12435  
-1  12  44           48.797          4           4.088         64          64.004          23.449         -58.385        5896.000       -8469.000        4018.000        9962.000       -5575.000       -8761.000       11191.000        1916.000 
-12435  
-1  22  45           25.423         11          11.443         64          64.003          12.420         -64.800        -400.000         474.000       -3801.000        1879.000       -4210.000       -5202.000        6261.000       -1536.000 
-12435  
-1  12  46           48.810          4           4.032         64          64.009          23.730         -58.440        6006.000       -7918.000        3705.000       10024.000       -5498.000       -9009.000       11050.000        2538.000 
-12435  
-1  22  47           25.063         11          11.444         64          63.919          11.602         -65.779       -1201.000         155.000       -2854.000        2023.000       -3324.000       -4967.000        5786.000        -821.000 
-12435  
-1  12  48           48.850          4           4.060         64          64.014          23.591         -58.445        6761.000       -7593.000        2931.000       10010.000       -5252.000       -9522.000       10490.000        3451.000 
-12435  
-1  22  49           31.063         12          11.511         64          64.098          11.945         -64.965       -1390.000         791.000        2403.000       -4135.000        4535.000        5446.000       -4944.000         846.000 
-12435  
-1  12  50           49.200          4           4.063         64          64.011          23.586         -58.504        6450.000       -7435.000        3262.000        9840.000       -5255.000       -9439.000       10616.000        3536.000 
-12435  
-1  22  51           23.337         11          11.377         64          64.025          12.215         -64.748        -695.000        -316.000       -3814.000        1568.000       -4855.000       -5309.000        5813.000       -1683.000 
-12435  
-1  12  52           48.490          4           4.029         64          64.024          23.757         -58.668        6117.000       -7807.000        3085.000        9897.000       -5053.000       -9113.000       10453.000        2452.000 
-12435  
-1  22  53           26.677         11          11.291         64          63.980          12.904         -64.493          99.000        -527.000       -3483.000        3041.000       -4888.000       -4535.000        6353.000       -2430.000 
-12435  
-1  12  54           49.397          4           4.020         64          64.011          24.081         -58.361        6156.000       -8019.000        3911.000       10228.000       -4935.000       -9444.000       10802.000        2981.000 
-12435  
-1  22  55           22.973         11          11.394         64          63.973          11.852         -65.338       -1885.000        -767.000       -2972.000        2464.000       -3903.000       -4953.000        5701.000       -1097.000 
-12435  
-1  12  56           48.743          4           4.044         64          64.006          23.481         -58.594        6379.000       -7398.000        2791.000        9941.000       -5463.000       -8778.000       10839.000        3276.000 
-12435  
-1  22  57           30.413         12          11.503         64          63.977          12.137         -64.830        -480.000         878.000        2507.000       -4502.000        4270.000        5492.000       -5289.000         268.000 
-12435  
-1  12  58           48.483          4           4.042         64          64.003          23.407         -58.579        6331.000       -7181.000        3342.000        9849.000       -5732.000       -9160.000       10580.000        3185.000 
-12435  
-1  22  59           23.397         11          11.405         64          63.993          11.790         -65.337       -1184.000        -594.000       -2550.000        2289.000       -4156.000       -4687.000        5805.000       -2471.000 
-12435  
-1  12  60           49.650          4           4.034         64          63.995          23.798         -58.358        5441.000       -8212.000        4100.000        9654.000       -6093.000       -9224.000       11182.000        2681.000 
-12435  
-1  22  61           23.080         11          11.482         64          63.938          11.834         -65.245       -1903.000        -458.000       -3049.000        2240.000       -3870.000       -4857.000        5991.000       -1380.000 
-12435  
-1  12  62           49.007          4           4.044         64          64.012          23.814         -58.451        6130.000       -7962.000        3236.000        9997.000       -5486.000       -9250.000       10780.000        2919.000 
-12435  
-1  22  63           24.377         11          11.402         64          63.993          12.402         -64.781       -1040.000        -690.000       -3223.000        2315.000       -4345.000       -5332.000        6246.000       -1244.000 
-12435  
-1  12  64           49.600          4           4.035         64          63.998          23.557         -58.451        6026.000       -8579.000        3157.000        9727.000       -5610.000       -8848.000       10942.000        2788.000 
-12435  
-1  22  65           31.717         12          11.503         64          64.043          12.468         -64.324        -267.000        1062.000        2075.000       -4995.000        3881.000        5350.000       -6507.000         609.000 
-12435  
-1  12  66           49.033          4           4.050         64          64.009          23.518         -58.468        6066.000       -7420.000        2655.000       10284.000       -4611.000       -9384.000       11171.000        3345.000 
-12435  
-1  22  67           24.207         11          11.391         64          63.938          12.935         -64.250       -1289.000        -509.000       -3361.000        2249.000       -4476.000       -4964.000        7195.000       -2032.000 
-12435  
-1  12  68           48.750          4           4.010         64          64.012          23.537         -58.413        6243.000       -7812.000        3231.000        9919.000       -5521.000       -9843.000       10524.000        2957.000 
-12435  
-1  22  69           34.883         12          11.517         64          63.981          11.926         -64.882       -1109.000        1646.000        1935.000       -4111.000        3638.000        5202.000       -6155.000          27.000 
-12435  
-1  12  70           49.157          4           4.048         64          64.005          23.564         -58.438        6427.000       -8048.000        2858.000       10128.000       -4968.000       -8946.000       11055.000        3056.000 
-12435  
-1  22  71           25.043         11          11.362         64          63.960          12.388         -64.849        -348.000         116.000       -3493.000        2462.000       -4440.000       -5130.000        5841.000       -2232.000 
-12435  
-1  12  72           49.130          4           4.033         64          64.007          23.623         -58.402        6463.000       -7819.000        3391.000        9944.000       -5325.000       -9244.000       10943.000        3167.000 
-12435  
-1  22  73           22.820         11          11.321         64          63.978          12.377         -64.715       -1707.000        -311.000       -3072.000        1964.000       -5021.000       -4794.000        6173.000       -2044.000 
-12435  
-1  12  74           49.080          4           4.039         64          64.016          23.500         -58.562        6203.000       -7832.000        3101.000        9980.000       -5091.000       -8706.000       11004.000        2914.000 
-12435  
-1  22  75           24.263         11          11.443         64          63.948          12.119         -64.909       -1078.000         -61.000       -3307.000        2335.000       -5002.000       -5016.000        5698.000       -1388.000 
-12435  
-1  12  76           50.150          4           4.031         64          63.988          23.635         -58.542        6139.000       -8183.000        2623.000        9492.000       -4953.000       -9540.000       10617.000        3528.000 
-12435  
-1  22  77           30.160         12          11.534         64          64.023          12.517         -64.325        -818.000        1292.000        2215.000       -4800.000        5433.000        5012.000       -5361.000        1777.000 
-12435  
-1  12  78           49.343          4           4.023         64          64.007          23.783         -58.622        6796.000       -7595.000        2863.000        9378.000       -4801.000       -9405.000       10529.000        3454.000 
-12435  
-1  22  79           24.470         11          11.452         64          64.074          12.407         -65.043        -653.000       -1275.000       -2804.000        2143.000       -4544.000       -4509.000        6291.000       -1990.000 
-12435  
-1  12  80           48.987          4           4.050         64          64.003          23.585         -58.311        6667.000       -8021.000        3607.000       10355.000       -4809.000       -9108.000       11094.000        2897.000 
-12435  
-1  22  81           26.113         11          11.392         64          64.046          11.083         -65.903        -710.000         844.000       -2866.000        2232.000       -3263.000       -4390.000        5860.000       -1598.000 
-12435  
-1  12  82           48.717          4           4.032         64          64.018          23.450         -58.766        6380.000       -6959.000        2761.000       10054.000       -4394.000       -8809.000       10699.000        3302.000 
-12435  
-1  22  83           23.183         11          11.306         64          63.944          12.495         -64.788        -950.000        -972.000       -3670.000        2734.000       -3652.000       -5194.000        6003.000       -2422.000 
-12435  
-1  12  84           49.243          4           4.021         64          64.029          23.480         -58.433        6150.000       -7537.000        3004.000       10329.000       -5168.000       -9458.000       10681.000        3615.000 
-12435  
-1  22  85           23.110         11          11.343         64          64.043          12.686         -64.549       -1401.000          60.000       -3991.000        2540.000       -4498.000       -5469.000        5697.000       -2002.000 
-12435  
-1  12  86           48.963          4           4.039         64          63.997          23.417         -58.597        5771.000       -7556.000        3119.000        9980.000       -5375.000       -8687.000       11153.000        2888.000 
-12435  
-1  22  87           31.257         12          11.504         64          64.030          12.293         -64.341         244.000        1364.000        1720.000       -4873.000        4877.000        4956.000       -6240.000         685.000 
-12435  
-1  12  88           48.353          4           4.004         64          64.007          23.318         -58.640        6410.000       -7440.000        3293.000        9505.000       -5343.000       -9346.000       10585.000        2637.000 
-12435  
-1  22  89           23.807         11          11.409         64          63.984          12.059         -64.883       -1318.000        -800.000       -2623.000        2685.000       -4246.000       -4905.000        6228.000       -2320.000 
-12435  
-1  12  90           49.263          4           4.059         64          64.002          23.634         -58.384        6451.000       -8447.000        3546.000       10047.000       -5671.000       -8877.000       10611.000        2953.000 
-12435  
-1  22  91           21.727         11          11.471         64          64.034          11.689         -65.426       -1752.000       -1115.000       -3136.000        2670.000       -3864.000       -4821.000        5244.000       -1926.000 
-12435  
-1  12  92           48.627          4           4.018         64          64.002          23.369         -58.568        6381.000       -7465.000        3179.000       10214.000       -4649.000       -9127.000       10748.000        2900.000 
-12435  
-1  22  93           24.493         11          11.447         64          63.965          12.253         -64.906        -764.000        -389.000       -2948.000        2224.000       -3567.000       -4590.000        6774.000       -2854.000 
-12435  
-1  12  94           48.887          4           4.061         64          64.005          23.684         -58.449        6102.000       -7610.000        3100.000       10453.000       -5285.000       -8919.000       10967.000        3193.000 
-12435  
-1  22  95           30.103         12          11.559         64          64.011          11.414         -65.449        -396.000        1718.000        2067.000       -4962.000        3987.000        4686.000       -4376.000        1087.000 
-12435  
-1  12  96           49.717          4           4.067         64          64.013          23.566         -58.692        6039.000       -7487.000        2672.000        9844.000       -4741.000       -9428.000       10275.000        3722.000 
-12435  
-1  22  97           23.847         11          11.451         64          63.970          11.811         -65.318        -670.000       -1147.000       -3024.000        2280.000       -3616.000       -5443.000        5675.000       -1388.000 
-12435  
-1  12  98           50.293          4           4.080         64          64.006          23.314         -58.680        6550.000       -7944.000        3158.000        9825.000       -4273.000       -8699.000       10412.000        3698.000 
-12435  
-1  22  99           24.273         11          11.427         64          64.051          12.495         -64.663       -1239.000        -918.000       -3348.000        2771.000       -3741.000       -5309.000        6529.000       -1411.000 
-12435  
