-1  12  1           -1.630          3           2.988         64          64.009          22.958         -60.386        1951.000        9813.000        -668.000        8050.000        6238.000        4318.000        1583.000        7995.000 
-12435  
-1  22  2           34.790         12          11.606         64          63.952          14.968         -61.985        2584.000         254.000       -7378.000        -887.000        6567.000       -5978.000         820.000        7663.000 
-12435  
-1  12  3           -1.887          3           3.001         64          63.977          22.536         -60.574        1464.000        9189.000       -1023.000        8249.000        6262.000        5028.000        1328.000        7427.000 
-12435  
-1  22  4           35.837         12          11.606         64          63.985          15.228         -61.557        2804.000         970.000       -6973.000       -2015.000        7075.000       -6598.000        -367.000        8107.000 
-12435  
-1  12  5           -1.973          3           2.935         64          64.022          22.224         -60.577        1331.000        9166.000        -949.000        8552.000        5563.000        4619.000        1951.000        7809.000 
-12435  
-1  22  6           35.660         12          11.626         64          63.995          15.271         -61.685        3465.000         292.000       -7163.000       -1094.000        6639.000       -6718.000         860.000        7746.000 
-12435  
-1  12  7           -2.227          3           2.983         64          64.001          22.439         -60.471        1977.000        9662.000        -947.000        8524.000        5997.000        4716.000        2253.000        7044.000 
-12435  
-1  22  8           37.877         12          11.605         64          64.036          15.733         -61.279        2775.000         -21.000       -7542.000        1016.000        5545.000       -8332.000         810.000        8315.000 
-12435  
-1  12  9           -2.143          3           2.955         64          64.004          22.893         -60.461        1703.000        9392.000         -82.000        8317.000        6643.000        4293.000        2140.000        7546.000 
-12435  
-1  22  10           35.750         12          11.613         64          64.024          15.142         -61.693        2547.000        -132.000       -7846.000         525.000        4923.000       -7182.000        2130.000        8090.000 
-12435  
-1  12  11           -2.127          3           2.886         64          64.000          22.497         -60.554        1887.000        9714.000        -605.000        8412.000        6177.000        4335.000        1853.000        6993.000 
-12435  
-1  22  12           36.883         12          11.601         64          63.945          14.792         -62.074        3186.000         186.000       -7597.000         180.000        5224.000       -7264.000         908.000        6882.000 
-12435  
-1  12  13           -2.337          3           2.966         64          64.027          22.416         -60.524        1088.000        9853.000        -855.000        8046.000        5946.000        4419.000        1930.000        7613.000 
-12435  
-1  22  14           35.263         12          11.613         64          64.014          14.952         -61.848        2613.000         130.000       -7057.000        -988.000        6320.000       -6744.000         458.000        7961.000 
-12435  
-1  12  15           -2.453          3           2.958         64          63.994          22.646         -60.512        1275.000        9370.000       -1110.000        8092.000        6443.000        4614.000        1914.000        7647.000 
-12435  
-1  22  16           37.950         12          11.612         64          64.033          14.790         -62.004        2659.000         825.000       -6313.000         -59.000        4933.000       -7488.000        1159.000        8367.000 
-12435  
-1  12  17           -2.003          3           2.971         64          63.994          22.666         -60.437        1262.000        9551.000        -994.000        8451.000        5993.000        4639.000        1581.000        7796.000 
-12435  
-1  22  18           37.560         12          11.612         64          63.982          14.938         -61.710        3132.000         362.000       -7303.000       -1075.000        5992.000       -7029.000        -285.000        7969.000 
-12435  
-1  12  19           -2.147          3           2.985         64          63.993          22.462         -60.557        1798.000        9107.000        -556.000        8597.000        6247.000        4056.000        2137.000        7599.000 
-12435  
-1  22  20           38.037         12          11.666         64          63.956          15.396         -61.455        3148.000        1099.000       -7836.000        -156.000        5681.000       -7742.000         327.000        7833.000 
-12435  
-1  12  21           -2.143          3           2.936         64          64.029          22.384         -60.428        1948.000        9592.000        -394.000        8577.000        6148.000        4193.000        2374.000        7483.000 
-12435  
-1  22  22           35.870         12          11.645         64          63.996          15.487         -61.581        3102.000         926.000       -6828.000        -115.000        6774.000       -7836.000        1357.000        7313.000 
-12435  
-1  12  23           -1.827          3           3.019         64          64.006          22.390         -60.578        1661.000        9484.000        -502.000        7677.000        6294.000        4302.000        1778.000        7979.000 
-12435  
-1  22  24           36.967         12          11.565         64          63.972          14.896         -61.958        3160.000        -395.000       -7166.000         741.000        5295.000       -7131.000        1782.000        7573.000 
-12435  
-1  12  25           -1.960          3           2.979         64          63.996          22.878         -60.287        1395.000        9898.000        -821.000        8563.000        6015.000        4434.000        1693.000        7962.000 
-12435  
-1  22  26           39.260         12          11.650         64          64.028          15.135         -61.722        3769.000         477.000       -7552.000         327.000        5298.000       -7131.000        1050.000        7818.000 
-12435  
-1  12  27           -2.443          3           3.015         64          63.976          22.660         -60.294         865.000        9822.000       -1409.000        8257.000        6201.000        4883.000        1724.000        7928.000 
-12435  
-1  22  28           36.667         12          11.645         64          63.996          14.927         -61.939        2833.000         810.000       -7421.000        -724.000        6766.000       -6011.000         197.000        7490.000 
-12435  
-1  12  29           -2.150          3           2.943         64          64.002          22.802         -60.270        1645.000        9999.000        -723.000        8280.000        6470.000        4533.000        1929.000        7698.000 
-12435  
-1  22  30           36.947         12          11.623         64          64.031          15.061         -61.658        2588.000         358.000       -6927.000        1059.000        6014.000       -7557.000        1669.000        7992.000 
-12435  
-1  12  31           -2.253          3           2.958         64          64.005          22.775         -60.488        1706.000        9287.000        -599.000        8381.000        6631.000        4317.000        1994.000        7501.000 
-12435  
-1  22  32           38.557         12          11.646         64          63.990          15.201         -61.613        3658.000        1336.000       -7429.000        -155.000        6589.000       -7164.000         348.000        7273.000 
-12435  
-1  12  33           -2.273          3           2.927         64          63.998          22.738         -60.409        1862.000        9740.000        -546.000        8553.000        6338.000        3967.000        2136.000        7454.000 
-12435  
-1  22  34           37.257         12          11.627         64          64.034          15.082         -61.964        3196.000         -43.000       -7559.000        -907.000        5256.000       -7117.000         -86.000        7399.000 
-12435  
-1  12  35           -2.357          3           2.969         64          64.004          22.867         -60.360        1659.000        9546.000        -770.000        8379.000        6473.000        4246.000        2280.000        7828.000 
-12435  
-1  22  36           38.750         12          11.629         64          64.033          14.458         -62.256        3319.000         673.000       -7232.000        1101.000        5286.000       -6965.000        1053.000        6751.000 
-12435  
-1  12  37           -2.247          3           2.983         64          64.027          22.249         -60.684        1274.000        9290.000       -1409.000        8135.000        5922.000        4658.000        1621.000        7395.000 
-12435  
-1  22  38           37.047         12          11.655         64          64.004          15.442         -61.499        3142.000        -165.000       -6885.000         641.000        6030.000       -7982.000        1385.000        8014.000 
-12435  
-1  12  39           -2.547          3           2.965         64          63.980          22.234         -60.613        1273.000        9341.000        -938.000        8189.000        6480.000        4467.000        1794.000        7253.000 
-12435  
-1  22  40           35.017         12          11.625         64          64.017          15.175         -61.737        2221.000        -637.000       -7856.000         530.000        6140.000       -6912.000         812.000        7649.000 
-12435  
-1  12  41           -2.197          3           3.023         64          63.972          22.544         -60.396        1382.000        9606.000        -716.000        8166.000        6464.000        4507.000        1908.000        7845.000 
-12435  
-1  22  42           38.737         12          11.626         64          64.002          15.133         -61.816        3284.000        1959.000       -6894.000        -406.000        5887.000       -7401.000         373.000        7502.000 
-12435  
-1  12  43           -1.823          3           3.014         64          63.988          22.748         -60.482        1952.000        9237.000        -707.000        8187.000        6344.000        4196.000        1883.000        8058.000 
-12435  
-1  22  44           38.363         12          11.607         64          64.039          14.710         -62.036        3486.000         649.000       -7412.000         -29.000        5287.000       -6619.000        1132.000        7570.000 
-12435  
-1  12  45           -1.997          3           2.976         64          64.011          22.808         -60.327        1448.000        9604.000        -845.000        8298.000        6355.000        4471.000        1723.000        8127.000 
-12435  
-1  22  46           37.130         12          11.625         64          63.999          15.087         -61.715        2564.000        1150.000       -7592.000        -181.000        5778.000       -7383.000         405.000        7708.000 
-12435  
-1  12  47           -2.330          3           2.920         64          64.031          22.381         -60.541        1536.000        9509.000        -725.000        8062.000        6319.000        4310.000        2156.000        7599.000 
-12435  
-1  22  48           37.693         12          11.602         64          64.002          14.731         -62.009        2960.000          16.000       -6743.000         490.000        5566.000       -7138.000        1138.000        7836.000 
-12435  
-1  12  49           -2.167          3           2.981         64          64.000          22.674         -60.580        1896.000        9127.000        -833.000        8265.000        6707.000        4343.000        1748.000        7343.000 
-12435  
-1  22  50           37.840         12          11.638         64          63.989          15.644         -61.431        2760.000         450.000       -7544.000        -410.000        5363.000       -7469.000         386.000        8825.000 
-12435  
-1  12  51           -1.913          3           3.008         64          63.989          22.982         -59.975        2140.000       10053.000        -715.000        8618.000        6542.000        4211.000        2229.000        8492.000 
-12435  
-1  22  52           37.457         12          11.631         64          64.010          15.048         -61.536        3324.000         -39.000       -7804.000        -260.000        5552.000       -7732.000         295.000        7701.000 
-12435  
-1  12  53           -1.633          3           3.017         64          63.987          22.752         -60.249        1954.000        9681.000        -614.000        8421.000        6206.000        4410.000        1845.000        8270.000 
-12435  
-1  22  54           38.167         12          11.634         64          64.048          15.404         -61.404        3790.000         891.000       -7324.000        -558.000        6251.000       -7693.000         524.000        7824.000 
-12435  
-1  12  55           -2.483          3           2.936         64          64.005          22.172         -60.620        1217.000        9179.000       -1083.000        8346.000        6028.000        4480.000        2081.000        7539.000 
-12435  
-1  22  56           38.927         12          11.633         64          64.002          14.588         -62.085        3002.000        1112.000       -6901.000        -362.000        6084.000       -6267.000          21.000        7834.000 
-12435  
-1  12  57           -2.220          3           2.993         64          64.021          22.460         -60.406        1624.000        9787.000        -943.000        8288.000        6258.000        4436.000        1941.000        7574.000 
-12435  
-1  22  58           38.213         12          11.619         64          64.007          15.016         -61.662        3426.000         620.000       -7276.000        -209.000        6676.000       -5865.000         828.000        8420.000 
-12435  
-1  12  59           -2.240          3           2.882         64          64.004          22.411         -60.447        1765.000        9561.000        -257.000        8447.000        6528.000        4178.000        2144.000        7397.000 
-12435  
-1  22  60           37.303         12          11.591         64          64.046          14.863         -61.899        2817.000         460.000       -6981.000         669.000        5365.000       -7669.000        1318.000        7586.000 
-12435  
-1  12  61           -1.963          3           2.972         64          63.997          22.551         -60.508        1944.000        9317.000        -706.000        8119.000        6364.000        4476.000        2030.000        7726.000 
-12435  
-1  22  62           37.070         12          11.673         64          64.012          14.939         -61.816        3084.000         356.000       -7577.000        -215.000        5482.000       -7355.000         660.000        7517.000 
-12435  
-1  12  63           -2.347          3           3.002         64          63.991          22.602         -60.417        1186.000       10265.000        -972.000        7898.000        6544.000        4408.000        1298.000        7298.000 
-12435  
-1  22  64           38.570         12          11.613         64          63.985          15.028         -61.778        3393.000         161.000       -6782.000        -499.000        5717.000       -6676.000         588.000        8638.000 
-12435  
-1  12  65           -2.050          3           3.008         64          63.983          22.703         -60.586        1588.000        9365.000        -887.000        8008.000        6136.000        4323.000        1889.000        7826.000 
-12435  
-1  22  66           39.493         12          11.647         64          64.009          14.846         -61.873        3416.000         682.000       -7170.000         -41.000        5643.000       -6493.000         546.000        8223.000 
-12435  
-1  12  67           -2.087          3           2.922         64          63.991          22.515         -60.337        1580.000        9694.000       -1226.000        8341.000        6295.000        4848.000        1695.000        7685.000 
-12435  
-1  22  68           36.457         12          11.604         64          64.016          15.098         -61.855        3088.000         469.000       -6849.000       -1217.000        5484.000       -7270.000         737.000        8042.000 
-12435  
-1  12  69           -1.647          3           2.972         64          63.988          22.628         -60.428        1904.000        9558.000        -530.000        8339.000        6132.000        4487.000        1702.000        7819.000 
-12435  
-1  22  70           38.187         12          11.588         64          64.001          14.829         -61.982        2611.000        1649.000       -6818.000        -554.000        6081.000       -6716.000          70.000        7871.000 
-12435  
-1  12  71           -2.487          3           2.952         64          63.985          22.774         -60.266        1687.000        9868.000       -1086.000        8309.000        6907.000        4532.000        1825.000        7444.000 
-12435  
-1  22  72           35.597         12          11.631         64          63.957          15.224         -61.591        3155.000         567.000       -7940.000       -1249.000        6908.000       -5904.000         600.000        7837.000 
-12435  
-1  12  73           -2.220          3           3.067         64          63.999          22.999         -60.355        1585.000        9536.000        -999.000        8563.000        6236.000        4230.000        2024.000        7920.000 
-12435  
-1  22  74           36.853         12          11.638         64          63.994          14.702         -61.970        2941.000         634.000       -7063.000        -617.000        6533.000       -6338.000         384.000        7656.000 
-12435  
-1  12  75           -1.703          3           2.953         64          64.009          22.131         -60.658        1555.000        9287.000        -550.000        8310.000        6346.000        4360.000         982.000        7316.000 
-12435  
-1  22  76           36.470         12          11.659         64          63.966          14.700         -62.074        2789.000        -268.000       -7104.000        -682.000        4804.000       -7003.000         804.000        8037.000 
-12435  
-1  12  77           -1.973          3           2.940         64          64.024          22.504         -60.414        1721.000        9518.000        -501.000        8013.000        6765.000        4479.000        1713.000        7791.000 
-12435  
-1  22  78           38.310         12          11.627         64          64.050          14.893         -62.022        3214.000         575.000       -7455.000        -541.000        5398.000       -6698.000         187.000        7613.000 
-12435  
-1  12  79           -2.187          3           2.959         64          64.010          22.268         -60.581        1144.000        9524.000        -798.000        8002.000        6358.000        4383.000        1494.000        7621.000 
-12435  
-1  22  80           37.080         12          11.668         64          63.992          14.812         -61.809        2763.000         464.000       -7960.000         907.000        5421.000       -7134.000        1214.000        7395.000 
-12435  
-1  12  81           -1.883          3           2.989         64          63.980          22.805         -60.510        1617.000        9683.000        -427.000        8461.000        5979.000        3936.000        1661.000        7682.000 
-12435  
-1  22  82           36.647         12          11.647         64          64.001          14.655         -62.159        2551.000         237.000       -6745.000        1254.000        4039.000       -8288.000        2000.000        7052.000 
-12435  
-1  12  83           -1.803          3           2.993         64          64.009          22.841         -60.274        1720.000        9305.000        -634.000        8990.000        6486.000        4310.000        1473.000        7959.000 
-12435  
-1  22  84           37.620         12          11.604         64          63.982          14.938         -61.769        3216.000         422.000       -7066.000        -463.000        5520.000       -7352.000         741.000        8043.000 
-12435  
-1  12  85           -2.287          3           2.954         64          64.000          22.618         -60.580        1285.000        9164.000        -941.000        8500.000        6150.000        4137.000        1816.000        7726.000 
-12435  
-1  22  86           35.340         12          11.604         64          64.007          15.162         -61.629        2602.000         571.000       -7196.000        -501.000        6809.000       -6735.000        1158.000        8069.000 
-12435  
-1  12  87           -1.867          3           2.982         64          64.004          22.867         -60.504        1450.000        9344.000        -684.000        8602.000        6230.000        4573.000        1335.000        7498.000 
-12435  
-1  22  88           37.670         12          11.646         64          64.000          15.069         -61.629        3822.000        1226.000       -7174.000        -226.000        6625.000       -7188.000        1172.000        7262.000 
-12435  
-1  12  89           -2.590          3           2.958         64          64.010          22.708         -60.187        1725.000        9844.000        -922.000        8454.000        6787.000        4702.000        2358.000        7546.000 
-12435  
-1  22  90           35.467         12          11.592         64          63.960          15.090         -61.818        3253.000         577.000       -6953.000         211.000        6146.000       -7376.000        2396.000        7130.000 
-12435  
-1  12  91           -2.190          3           2.956         64          63.990          22.559         -60.397        1481.000        9847.000        -801.000        8451.000        5985.000        4212.000        2018.000        7728.000 
-12435  
-1  22  92           36.577         12          11.598         64          64.047          15.510         -61.438        3556.000        -387.000       -7511.000         -84.000        5172.000       -8450.000        1178.000        7639.000 
-12435  
-1  12  93           -2.457          3           2.950         64          63.990          22.598         -60.433        1138.000        9325.000        -540.000        8460.000        6611.000        4223.000        1954.000        7795.000 
-12435  
-1  22  94           38.917         12          11.652         64          64.008          15.105         -61.772        3533.000         274.000       -6962.000          82.000        5685.000       -7516.000         494.000        7758.000 
-12435  
-1  12  95           -2.383          3           3.082         64          63.998          22.658         -60.333        1166.000        9984.000       -1084.000        8393.000        6356.000        4503.000        1606.000        7547.000 
-12435  
-1  22  96           38.657         12          11.628         64          64.028          14.858         -61.981        2750.000         578.000       -6841.000         134.000        5386.000       -7694.000        -165.000        7580.000 
-12435  
-1  12  97           -1.940          3           2.919         64          63.967          22.520         -60.470        1702.000        9589.000        -802.000        8396.000        5911.000        4544.000        1926.000        7650.000 
-12435  
-1  22  98           37.893         12          11.635         64          64.061          15.205         -61.497        3220.000         180.000       -7504.000         810.000        5819.000       -7459.000        1379.000        8079.000 
-12435  
-1  12  99           -1.820          3           2.932         64          63.996          22.396         -60.753        1388.000        9068.000        -263.000        8177.000        5971.000        4028.000        1636.000        7762.000 
-12435  
