-1  22  1          -30.927         12          12.051         64          64.006          38.008         -38.544       87399.000      -51896.000      -75885.000      -64902.000      -43121.000      111369.000       94212.000       27890.000 
-12435  
-1  12  2          -28.993          4           4.328         64          64.006          35.082         -46.845       32420.000      -14027.000      -25998.000      -29555.000      -29777.000       39548.000       29270.000       20852.000 
-12435  
-1  22  3          -30.950         12          12.050         64          64.005          38.016         -38.511       81745.000      -61004.000      -83014.000      -55966.000      -31223.000      115727.000       97263.000       17366.000 
-12435  
-1  12  4          -29.000          4           4.324         64          64.005          35.116         -46.903       31186.000      -16667.000      -28033.000      -27538.000      -26286.000       41027.000       30746.000       18366.000 
-12435  
-1  22  5          -30.930         12          12.051         64          63.999          38.216         -38.481       72239.000      -73025.000      -90820.000      -43534.000      -14912.000      118633.000       99292.000        3531.000 
-12435  
-1  12  6          -28.983          4           4.323         64          64.002          34.990         -46.923       30993.000      -15609.000      -27472.000      -27950.000      -27714.000       40439.000       30423.000       18791.000 
-12435  
-1  22  7          -30.940         12          12.052         64          63.997          38.274         -38.529       71984.000      -71936.000      -90551.000      -44076.000      -15766.000      117762.000       98707.000        3458.000 
-12435  
-1  12  8          -28.960          4           4.327         64          63.997          35.002         -46.894       32617.000      -13100.000      -25178.000      -30164.000      -30991.000       37984.000       28387.000       21854.000 
-12435  
-1  22  9          -30.913         12          12.054         64          64.000          38.539         -38.530       84331.000      -57162.000      -80026.000      -60780.000      -37694.000      112532.000       96315.000       22816.000 
-12435  
-1  12  10          -28.973          4           4.323         64          63.999          34.915         -46.903       33108.000      -12352.000      -24190.000      -30774.000      -31550.000       37415.000       27641.000       22617.000 
-12435  
-1  22  11          -30.893         12          12.049         64          64.008          38.065         -38.533       85432.000      -55275.000      -78801.000      -62459.000      -40089.000      111830.000       95464.000       25189.000 
-12435  
-1  12  12          -28.947          4           4.326         64          64.000          35.031         -46.909       31835.000      -14346.000      -26217.000      -29111.000      -30010.000       38765.000       29393.000       20528.000 
-12435  
-1  22  13          -30.950         12          12.053         64          64.005          38.234         -38.505       81645.000      -62784.000      -83533.000      -55192.000      -30526.000      114780.000       98028.000       16272.000 
-12435  
-1  12  14          -28.970          4           4.324         64          64.001          35.189         -46.861       31282.000      -16328.000      -27838.000      -27557.000      -27486.000       41329.000       30441.000       18579.000 
-12435  
-1  22  15          -30.947         12          12.054         64          63.999          38.232         -38.537       76097.000      -67499.000      -87770.000      -49537.000      -22550.000      116451.000       98156.000        9054.000 
-12435  
-1  12  16          -28.963          4           4.327         64          64.002          34.873         -46.859       31721.000      -14657.000      -26917.000      -28617.000      -28617.000       40276.000       29743.000       20691.000 
-12435  
-1  22  17          -30.930         12          12.051         64          63.999          37.935         -38.502       78161.000      -65740.000      -86725.000      -51449.000      -25240.000      116308.000       98641.000       12531.000 
-12435  
-1  12  18          -28.960          4           4.327         64          63.999          35.283         -46.865       32347.000      -13973.000      -25656.000      -29397.000      -30304.000       38818.000       29163.000       21656.000 
-12435  
-1  22  19          -30.930         12          12.053         64          63.997          38.047         -38.514       81465.000      -61203.000      -83276.000      -55517.000      -32337.000      114903.000       97744.000       17906.000 
-12435  
-1  12  20          -29.080          4           4.326         64          64.003          34.928         -46.851       33076.000      -12215.000      -24577.000      -30071.000      -31467.000       38161.000       29209.000       21884.000 
-12435  
-1  22  21          -30.900         12          12.051         64          64.002          38.053         -38.488       78237.000      -65743.000      -85273.000      -53136.000      -27032.000      116314.000       99086.000       13093.000 
-12435  
-1  12  22          -28.933          4           4.325         64          64.007          35.210         -46.800       31393.000      -14454.000      -26871.000      -29187.000      -29341.000       40327.000       30132.000       21054.000 
-12435  
-1  22  23          -30.877         12          12.053         64          64.000          38.195         -38.542       81100.000      -60832.000      -82717.000      -56475.000      -31878.000      114835.000       96821.000       18764.000 
-12435  
-1  12  24          -29.000          4           4.322         64          64.004          34.958         -46.837       32174.000      -15240.000      -26504.000      -29072.000      -28505.000       40266.000       29974.000       20099.000 
-12435  
-1  22  25          -30.973         12          12.051         64          64.000          38.257         -38.513       83541.000      -58480.000      -82448.000      -58175.000      -35496.000      113805.000       96872.000       18972.000 
-12435  
-1  12  26          -28.993          4           4.326         64          63.999          35.168         -46.813       32418.000      -14354.000      -26068.000      -29363.000      -29639.000       39840.000       29672.000       21039.000 
-12435  
-1  22  27          -30.920         12          12.054         64          64.001          37.987         -38.530       79439.000      -63839.000      -85362.000      -52889.000      -28031.000      115825.000       97349.000       14744.000 
-12435  
-1  12  28          -28.983          4           4.321         64          64.000          35.047         -46.894       32433.000      -13952.000      -25524.000      -29391.000      -29538.000       39277.000       28873.000       21335.000 
-12435  
-1  22  29          -30.943         12          12.055         64          64.003          38.171         -38.484       81290.000      -61380.000      -84377.000      -55509.000      -30549.000      115855.000       98006.000       17225.000 
-12435  
-1  12  30          -28.990          4           4.319         64          63.993          35.165         -46.867       31931.000      -13576.000      -25812.000      -29639.000      -29678.000       39622.000       29337.000       21132.000 
-12435  
-1  22  31          -30.940         12          12.052         64          64.004          37.986         -38.537       79517.000      -64169.000      -85431.000      -52930.000      -27441.000      115097.000       97686.000       14297.000 
-12435  
-1  12  32          -28.987          4           4.316         64          64.003          35.003         -46.822       32923.000      -13324.000      -25151.000      -30211.000      -30871.000       38485.000       28951.000       22241.000 
-12435  
-1  22  33          -30.880         12          12.055         64          64.001          38.104         -38.502       69410.000      -74735.000      -92095.000      -42070.000      -12293.000      118177.000       99391.000        1121.000 
-12435  
-1  12  34          -28.960          4           4.324         64          64.005          35.140         -46.855       32259.000      -14151.000      -25923.000      -29757.000      -29716.000       39397.000       29053.000       21109.000 
-12435  
-1  22  35          -30.933         12          12.050         64          64.002          38.014         -38.524       77149.000      -66182.000      -86570.000      -51180.000      -23754.000      116791.000       98208.000       11068.000 
-12435  
-1  12  36          -28.977          4           4.321         64          64.005          35.322         -46.902       31736.000      -14683.000      -26100.000      -28936.000      -29173.000       39651.000       29654.000       20246.000 
-12435  
-1  22  37          -30.937         12          12.053         64          64.002          37.954         -38.506       83798.000      -58537.000      -80502.000      -59290.000      -36391.000      114012.000       96971.000       20870.000 
-12435  
-1  12  38          -28.997          4           4.324         64          63.999          34.926         -46.853       32295.000      -14120.000      -25483.000      -29530.000      -30295.000       39452.000       29432.000       20556.000 
-12435  
-1  22  39          -30.867         12          12.051         64          64.003          37.961         -38.506       82983.000      -59907.000      -82772.000      -57505.000      -34054.000      114430.000       96347.000       20862.000 
-12435  
-1  12  40          -28.963          4           4.326         64          64.004          35.075         -46.860       32019.000      -14223.000      -26088.000      -28965.000      -30116.000       39302.000       29590.000       21031.000 
-12435  
-1  22  41          -30.953         12          12.054         64          64.003          38.163         -38.520       77629.000      -65224.000      -86122.000      -51747.000      -25342.000      116725.000       98452.000       11291.000 
-12435  
-1  12  42          -29.010          4           4.326         64          64.004          34.965         -46.876       31992.000      -14623.000      -26530.000      -28821.000      -29330.000       39524.000       30025.000       19933.000 
-12435  
-1  22  43          -30.960         12          12.053         64          64.001          38.169         -38.528       75812.000      -67290.000      -87631.000      -48153.000      -21579.000      117613.000       98655.000        8578.000 
-12435  
-1  12  44          -29.003          4           4.322         64          64.002          35.092         -46.936       31858.000      -13887.000      -26127.000      -28823.000      -29123.000       39246.000       29415.000       20698.000 
-12435  
-1  22  45          -30.957         12          12.053         64          64.002          38.168         -38.529       77784.000      -65154.000      -86143.000      -52307.000      -25309.000      116318.000       98083.000       11243.000 
-12435  
-1  12  46          -28.990          4           4.319         64          63.999          35.113         -46.852       32495.000      -13822.000      -25552.000      -29599.000      -30522.000       38947.000       29283.000       21116.000 
-12435  
-1  22  47          -30.937         12          12.052         64          64.003          38.046         -38.510       78464.000      -65187.000      -86267.000      -52483.000      -25706.000      116125.000       98284.000       12725.000 
-12435  
-1  12  48          -28.963          4           4.323         64          64.000          35.120         -46.854       32705.000      -13149.000      -24925.000      -30466.000      -31398.000       38010.000       28623.000       21983.000 
-12435  
-1  22  49          -30.927         12          12.049         64          64.000          38.040         -38.541       78117.000      -65226.000      -86141.000      -51442.000      -24981.000      116118.000       97757.000       12834.000 
-12435  
-1  12  50          -28.940          4           4.320         64          64.006          34.865         -46.875       32152.000      -14999.000      -26550.000      -29496.000      -29175.000       39088.000       29294.000       20575.000 
-12435  
-1  22  51          -30.850         12          12.053         64          64.000          38.305         -38.538       82415.000      -59289.000      -81644.000      -58290.000      -35052.000      114065.000       96094.000       20781.000 
-12435  
-1  12  52          -28.930          4           4.328         64          64.002          34.980         -46.851       30948.000      -16082.000      -26972.000      -28346.000      -28139.000       40428.000       30809.000       20188.000 
-12435  
-1  22  53          -30.893         12          12.055         64          64.004          38.151         -38.549       80891.000      -60765.000      -82275.000      -57038.000      -31973.000      114885.000       96734.000       18107.000 
-12435  
-1  12  54          -28.970          4           4.325         64          64.001          35.094         -46.879       31967.000      -13814.000      -25586.000      -29615.000      -30033.000       38706.000       29540.000       21700.000 
-12435  
-1  22  55          -30.937         12          12.050         64          64.002          38.022         -38.497       77351.000      -67288.000      -87094.000      -49550.000      -24071.000      116966.000       98859.000       10760.000 
-12435  
-1  12  56          -29.013          4           4.317         64          64.002          35.001         -46.870       32631.000      -12984.000      -24982.000      -30107.000      -30842.000       38535.000       28922.000       21567.000 
-12435  
-1  22  57          -30.917         12          12.049         64          64.001          38.035         -38.517       81174.000      -60831.000      -83042.000      -56745.000      -31913.000      114736.000       97845.000       18113.000 
-12435  
-1  12  58          -28.980          4           4.323         64          64.004          35.199         -46.895       32625.000      -13653.000      -24998.000      -29330.000      -30896.000       38498.000       28812.000       21492.000 
-12435  
-1  22  59          -30.917         12          12.054         64          63.999          37.972         -38.525       82148.000      -60370.000      -81631.000      -57293.000      -34371.000      113993.000       97632.000       19228.000 
-12435  
-1  12  60          -28.990          4           4.322         64          64.001          34.853         -46.886       32406.000      -14036.000      -25570.000      -29504.000      -29821.000       38852.000       29260.000       21238.000 
-12435  
-1  22  61          -30.963         12          12.052         64          64.003          38.129         -38.497       79213.000      -64968.000      -86123.000      -52247.000      -26732.000      115877.000       98786.000       12479.000 
-12435  
-1  12  62          -28.960          4           4.329         64          64.006          35.265         -46.837       31120.000      -16154.000      -28238.000      -27869.000      -27394.000       41344.000       30622.000       18727.000 
-12435  
-1  22  63          -30.903         12          12.052         64          64.005          38.103         -38.528       78566.000      -65108.000      -85336.000      -52377.000      -27217.000      116302.000       97468.000       13490.000 
-12435  
-1  12  64          -28.997          4           4.326         64          64.002          35.235         -46.878       31881.000      -14548.000      -26204.000      -28912.000      -29247.000       39697.000       29922.000       20319.000 
-12435  
-1  22  65          -30.950         12          12.054         64          64.000          38.018         -38.517       77711.000      -66076.000      -85507.000      -50981.000      -24805.000      116590.000       99234.000       11191.000 
-12435  
-1  12  66          -28.893          4           4.322         64          64.000          35.156         -46.840       32351.000      -13632.000      -25641.000      -30080.000      -31123.000       38365.000       28647.000       22141.000 
-12435  
-1  22  67          -30.930         12          12.051         64          64.002          38.004         -38.511       81755.000      -61012.000      -83139.000      -55986.000      -32597.000      115531.000       96809.000       17838.000 
-12435  
-1  12  68          -28.990          4           4.322         64          64.005          34.917         -46.910       32056.000      -14376.000      -26166.000      -29096.000      -29017.000       39214.000       29466.000       20683.000 
-12435  
-1  22  69          -30.923         12          12.051         64          64.001          38.161         -38.505       82282.000      -61002.000      -83527.000      -56213.000      -32212.000      114949.000       96895.000       18650.000 
-12435  
-1  12  70          -28.983          4           4.323         64          63.999          35.436         -46.893       31901.000      -14466.000      -26088.000      -29436.000      -29400.000       39322.000       29539.000       20255.000 
-12435  
-1  22  71          -30.947         12          12.051         64          64.005          38.047         -38.516       75610.000      -68953.000      -87123.000      -47643.000      -20784.000      117807.000       98973.000        8045.000 
-12435  
-1  12  72          -28.980          4           4.324         64          63.997          35.114         -46.919       32183.000      -14104.000      -25633.000      -29187.000      -29897.000       38537.000       29311.000       21124.000 
-12435  
-1  22  73          -30.950         12          12.051         64          64.000          38.125         -38.510       83006.000      -59010.000      -81838.000      -58990.000      -35276.000      114089.000       96852.000       19315.000 
-12435  
-1  12  74          -28.980          4           4.324         64          64.004          35.179         -46.865       32007.000      -15506.000      -26341.000      -29488.000      -28651.000       39613.000       29918.000       19872.000 
-12435  
-1  22  75          -30.953         12          12.049         64          64.000          38.237         -38.525       83187.000      -58707.000      -82181.000      -57683.000      -35039.000      114359.000       96317.000       19618.000 
-12435  
-1  12  76          -28.947          4           4.328         64          64.000          35.042         -46.857       32104.000      -13800.000      -25824.000      -29796.000      -30092.000       39480.000       28840.000       21175.000 
-12435  
-1  22  77          -30.910         12          12.052         64          64.001          38.080         -38.540       77509.000      -65613.000      -85074.000      -51920.000      -24284.000      116567.000       98407.000       12496.000 
-12435  
-1  12  78          -28.943          4           4.326         64          64.007          35.034         -46.893       31884.000      -13968.000      -25812.000      -29460.000      -29901.000       39128.000       29057.000       21262.000 
-12435  
-1  22  79          -30.917         12          12.054         64          64.001          38.018         -38.472       78308.000      -66907.000      -86941.000      -51176.000      -24724.000      117150.000       98439.000       12176.000 
-12435  
-1  12  80          -28.943          4           4.325         64          64.006          35.291         -46.896       32390.000      -13363.000      -24549.000      -30354.000      -30624.000       38871.000       28077.000       21749.000 
-12435  
-1  22  81          -30.933         12          12.053         64          64.001          38.148         -38.504       68919.000      -75460.000      -92350.000      -41170.000      -10385.000      118681.000       98798.000       -1025.000 
-12435  
-1  12  82          -28.987          4           4.327         64          64.001          34.996         -46.923       32185.000      -14198.000      -25754.000      -29285.000      -29670.000       38693.000       29273.000       20733.000 
-12435  
-1  22  83          -30.900         12          12.055         64          64.004          38.084         -38.499       79696.000      -64404.000      -84927.000      -54425.000      -28570.000      115958.000       97609.000       14776.000 
-12435  
-1  12  84          -28.953          4           4.325         64          64.005          35.028         -46.849       31672.000      -14912.000      -26695.000      -28778.000      -28982.000       40008.000       29959.000       20683.000 
-12435  
-1  22  85          -30.940         12          12.055         64          63.997          38.077         -38.535       69890.000      -73132.000      -92008.000      -41622.000      -12009.000      118516.000       98421.000         975.000 
-12435  
-1  12  86          -29.027          4           4.324         64          64.004          35.141         -46.893       32485.000      -13690.000      -25627.000      -29524.000      -29992.000       38825.000       29315.000       20729.000 
-12435  
-1  22  87          -30.917         12          12.051         64          64.001          38.095         -38.508       78263.000      -64960.000      -85814.000      -52708.000      -26512.000      115839.000       98975.000       13428.000 
-12435  
-1  12  88          -28.970          4           4.323         64          64.000          35.007         -46.851       32279.000      -14284.000      -26026.000      -29652.000      -29762.000       39175.000       29390.000       21046.000 
-12435  
-1  22  89          -30.967         12          12.052         64          64.002          38.346         -38.483       79729.000      -65304.000      -86054.000      -52197.000      -26320.000      116552.000       98322.000       12321.000 
-12435  
-1  12  90          -28.893          4           4.321         64          64.004          35.407         -46.823       31176.000      -14520.000      -26740.000      -29340.000      -29862.000       39956.000       29949.000       20697.000 
-12435  
-1  22  91          -30.953         12          12.051         64          64.004          38.555         -38.518       82271.000      -59380.000      -82583.000      -57570.000      -33749.000      114454.000       97325.000       18645.000 
-12435  
-1  12  92          -28.957          4           4.325         64          64.006          35.072         -46.848       32870.000      -13468.000      -25589.000      -30259.000      -30216.000       38934.000       28215.000       21828.000 
-12435  
-1  22  93          -30.973         12          12.051         64          64.001          38.026         -38.519       69739.000      -72981.000      -91972.000      -41464.000      -11245.000      119203.000       98864.000        -635.000 
-12435  
-1  12  94          -28.960          4           4.327         64          64.000          35.126         -46.873       31929.000      -14367.000      -26318.000      -29308.000      -29405.000       39585.000       29347.000       20668.000 
-12435  
-1  22  95          -30.920         12          12.052         64          64.002          38.330         -38.512       82219.000      -60834.000      -82824.000      -57230.000      -32765.000      114971.000       96505.000       18443.000 
-12435  
-1  12  96          -28.963          4           4.321         64          64.001          34.897         -46.867       31992.000      -13748.000      -25919.000      -29797.000      -30090.000       38882.000       29355.000       21325.000 
-12435  
-1  22  97          -30.930         12          12.053         64          63.998          38.025         -38.554       76882.000      -66222.000      -86181.000      -50410.000      -23654.000      116569.000       97856.000       11106.000 
-12435  
-1  12  98          -28.953          4           4.322         64          64.001          35.297         -46.861       31819.000      -14907.000      -26721.000      -29239.000      -28919.000       39674.000       29691.000       20494.000 
-12435  
-1  22  99          -30.903         12          12.051         64          64.000          38.173         -38.526       77660.000      -66189.000      -86203.000      -51155.000      -25115.000      116220.000       98222.000       12438.000 
-12435  
