-1  12  1          -34.813          4           4.336         64          63.993          31.340         -50.663       23009.000       14487.000        1811.000      -26415.000      -24475.000       12959.000       17075.000       14677.000 
-12435  
-1  22  2          -33.883         12          12.044         64          63.997          37.439         -39.035       28436.000       91909.000       64818.000      -69862.000     -112180.000      -19802.000       -1100.000       90399.000 
-12435  
-1  12  3          -34.857          4           4.326         64          63.996          31.361         -50.684       20315.000       17383.000        4840.000      -26250.000      -26058.000       10608.000       14629.000       16387.000 
-12435  
-1  22  4          -33.957         12          12.043         64          63.997          37.841         -39.050       16362.000       95493.000       72735.000      -61316.000     -108890.000      -32660.000      -10868.000       88746.000 
-12435  
-1  12  5          -34.907          4           4.330         64          63.995          31.330         -50.759       20247.000       17821.000        5885.000      -25774.000      -25501.000        9494.000       14485.000       16684.000 
-12435  
-1  22  6          -33.900         12          12.046         64          64.009          37.449         -39.042       25143.000       93623.000       66965.000      -67429.000     -112064.000      -23160.000       -4063.000       88831.000 
-12435  
-1  12  7          -34.617          4           4.326         64          63.995          31.415         -50.663       22380.000       14782.000        2302.000      -26600.000      -25016.000       12474.000       16648.000       14969.000 
-12435  
-1  22  8          -33.887         12          12.046         64          64.007          37.603         -39.046       40375.000       86894.000       54379.000      -77550.000     -114436.000       -3535.000       11291.000       89465.000 
-12435  
-1  12  9          -34.103          4           4.325         64          64.002          31.482         -50.672       22583.000       14195.000        1695.000      -26934.000      -24889.000       12866.000       16484.000       14573.000 
-12435  
-1  22  10          -33.873         12          12.044         64          64.000          37.659         -39.041       33344.000       90251.000       60657.000      -73153.000     -113924.000      -12712.000        3699.000       89405.000 
-12435  
-1  12  11          -34.043          4           4.335         64          64.003          31.097         -50.712       21655.000       15365.000        2970.000      -26666.000      -25703.000       11664.000       15248.000       15167.000 
-12435  
-1  22  12          -33.947         12          12.042         64          63.994          37.838         -39.086       41034.000       87511.000       54259.000      -78120.000     -112660.000       -1639.000       12417.000       88286.000 
-12435  
-1  12  13          -34.823          4           4.326         64          64.007          31.067         -50.640       21347.000       16734.000        4102.000      -26072.000      -25820.000       10789.000       15574.000       16455.000 
-12435  
-1  22  14          -33.913         12          12.044         64          64.003          37.776         -39.065       28029.000       92076.000       64393.000      -69084.000     -112401.000      -18776.000        -963.000       89703.000 
-12435  
-1  12  15          -34.267          4           4.328         64          63.995          31.094         -50.701       21175.000       16347.000        4255.000      -26072.000      -25952.000       11030.000       14964.000       16082.000 
-12435  
-1  22  16          -33.917         12          12.042         64          64.001          37.419         -39.044       25981.000       92944.000       66622.000      -68530.000     -111652.000      -21660.000       -2695.000       89562.000 
-12435  
-1  12  17          -34.757          4           4.334         64          64.014          31.162         -50.692       21633.000       15617.000        2651.000      -26163.000      -25207.000       11856.000       16165.000       15994.000 
-12435  
-1  22  18          -33.890         12          12.043         64          64.005          37.603         -39.050       31690.000       91756.000       62910.000      -71458.000     -112099.000      -15580.000        1481.000       89743.000 
-12435  
-1  12  19          -34.393          4           4.329         64          64.008          31.318         -50.688       22160.000       15468.000        3143.000      -26346.000      -25253.000       11906.000       15783.000       15369.000 
-12435  
-1  22  20          -33.937         12          12.043         64          64.002          37.512         -39.037       35476.000       89546.000       58717.000      -75324.000     -113892.000       -9069.000        7387.000       89244.000 
-12435  
-1  12  21          -34.813          4           4.332         64          63.996          31.152         -50.698       21099.000       16237.000        3604.000      -26398.000      -25504.000       10538.000       15938.000       16077.000 
-12435  
-1  22  22          -33.900         12          12.044         64          64.000          37.848         -39.035       26077.000       92318.000       65678.000      -68324.000     -113287.000      -21000.000       -2559.000       89608.000 
-12435  
-1  12  23          -34.717          4           4.341         64          64.004          31.302         -50.724       21178.000       17587.000        5030.000      -25627.000      -26026.000        9268.000       14378.000       16330.000 
-12435  
-1  22  24          -33.927         12          12.042         64          64.002          37.590         -39.030       25536.000       93683.000       66114.000      -67596.000     -112070.000      -21623.000       -3786.000       90137.000 
-12435  
-1  12  25          -34.693          4           4.337         64          64.000          31.173         -50.684       21861.000       15834.000        3177.000      -26401.000      -25383.000       11256.000       15895.000       15562.000 
-12435  
-1  22  26          -33.877         12          12.043         64          64.002          37.593         -39.082       34551.000       89741.000       60083.000      -73775.000     -112728.000      -11032.000        4752.000       88951.000 
-12435  
-1  12  27          -34.727          4           4.331         64          64.001          31.134         -50.649       21857.000       15468.000        2743.000      -26692.000      -25472.000       12305.000       16144.000       15021.000 
-12435  
-1  22  28          -33.960         12          12.038         64          64.005          37.658         -39.105       35061.000       89597.000       58348.000      -74052.000     -112569.000       -9244.000        7195.000       88917.000 
-12435  
-1  12  29          -34.227          4           4.328         64          63.999          31.080         -50.721       22503.000       14502.000        2183.000      -26746.000      -24698.000       12297.000       16326.000       14631.000 
-12435  
-1  22  30          -33.897         12          12.041         64          64.004          37.443         -39.034       34679.000       90342.000       59899.000      -73543.000     -113120.000      -11173.000        4647.000       90559.000 
-12435  
-1  12  31          -34.247          4           4.336         64          63.996          31.215         -50.748       22305.000       14709.000        2127.000      -26483.000      -24591.000       12650.000       15957.000       14924.000 
-12435  
-1  22  32          -33.893         12          12.044         64          63.997          37.593         -39.068       25808.000       92631.000       66030.000      -67404.000     -111749.000      -21506.000       -3750.000       89874.000 
-12435  
-1  12  33          -34.847          4           4.329         64          64.001          31.322         -50.630       21536.000       16667.000        3382.000      -25954.000      -25997.000       10709.000       15910.000       16284.000 
-12435  
-1  22  34          -33.870         12          12.041         64          64.002          37.920         -39.040       33982.000       90199.000       60415.000      -73294.000     -112721.000      -12393.000        3597.000       90902.000 
-12435  
-1  12  35          -34.860          4           4.325         64          64.004          31.162         -50.654       21092.000       16600.000        3425.000      -26051.000      -26369.000       11124.000       15682.000       15626.000 
-12435  
-1  22  36          -33.867         12          12.045         64          64.003          37.537         -39.070       45051.000       85579.000       51543.000      -79553.000     -113306.000        1340.000       14678.000       88230.000 
-12435  
-1  12  37          -34.487          4           4.330         64          63.992          31.465         -50.654       22591.000       15331.000        2268.000      -26120.000      -25326.000       12374.000       16011.000       15373.000 
-12435  
-1  22  38          -33.877         12          12.048         64          64.004          37.484         -39.038       29029.000       91422.000       64508.000      -70801.000     -111499.000      -18535.000        -766.000       91171.000 
-12435  
-1  12  39          -34.897          4           4.332         64          64.006          31.390         -50.715       21478.000       16012.000        3479.000      -25743.000      -25423.000       12308.000       15874.000       15492.000 
-12435  
-1  22  40          -33.897         12          12.043         64          64.000          38.028         -39.078       34477.000       89341.000       59231.000      -73667.000     -113000.000      -10769.000        5198.000       89909.000 
-12435  
-1  12  41          -34.760          4           4.338         64          63.999          31.266         -50.756       22084.000       15395.000        2193.000      -26150.000      -24986.000       11571.000       16101.000       15034.000 
-12435  
-1  22  42          -33.877         12          12.047         64          64.004          37.725         -39.015       34134.000       89936.000       60241.000      -73492.000     -113724.000      -12974.000        4479.000       90937.000 
-12435  
-1  12  43          -34.523          4           4.329         64          63.996          31.111         -50.701       21725.000       15606.000        3323.000      -26321.000      -25179.000       11783.000       15772.000       15801.000 
-12435  
-1  22  44          -33.943         12          12.043         64          64.005          37.879         -39.065       32783.000       90676.000       60429.000      -72492.000     -112597.000      -13394.000        4256.000       90230.000 
-12435  
-1  12  45          -34.673          4           4.326         64          63.999          31.104         -50.740       21706.000       15774.000        3695.000      -26036.000      -25617.000       11378.000       15608.000       15043.000 
-12435  
-1  22  46          -33.910         12          12.042         64          63.999          37.725         -39.032       43347.000       85754.000       51607.000      -80301.000     -114316.000          53.000       14862.000       88806.000 
-12435  
-1  12  47          -34.810          4           4.334         64          64.005          31.101         -50.776       21184.000       15901.000        3576.000      -26038.000      -25300.000       11684.000       15493.000       15351.000 
-12435  
-1  22  48          -33.887         12          12.046         64          64.004          37.499         -39.046       28601.000       91958.000       64622.000      -69685.000     -112133.000      -18647.000       -1148.000       90361.000 
-12435  
-1  12  49          -34.140          4           4.335         64          63.992          31.231         -50.724       20999.000       15947.000        3567.000      -26376.000      -25711.000       11064.000       15132.000       16142.000 
-12435  
-1  22  50          -33.937         12          12.041         64          63.998          37.552         -39.050       29085.000       93037.000       63494.000      -69534.000     -112119.000      -18364.000        -401.000       89899.000 
-12435  
-1  12  51          -34.190          4           4.336         64          64.004          31.324         -50.619       21796.000       15448.000        3488.000      -26515.000      -26110.000       10863.000       16201.000       15836.000 
-12435  
-1  22  52          -33.847         12          12.044         64          64.002          37.603         -39.088       35251.000       88720.000       59553.000      -73981.000     -113319.000      -10760.000        5626.000       88816.000 
-12435  
-1  12  53          -34.917          4           4.335         64          64.002          31.175         -50.730       21196.000       16334.000        3349.000      -25792.000      -25219.000       11484.000       15936.000       16079.000 
-12435  
-1  22  54          -33.917         12          12.041         64          64.004          37.708         -39.065       34347.000       90261.000       59009.000      -74225.000     -112932.000      -11178.000        4941.000       89435.000 
-12435  
-1  12  55          -34.347          4           4.340         64          63.998          31.169         -50.677       21926.000       16037.000        3812.000      -25963.000      -25889.000       11259.000       15377.000       15677.000 
-12435  
-1  22  56          -33.907         12          12.045         64          64.002          37.559         -39.080       27087.000       91944.000       64933.000      -69612.000     -112084.000      -19337.000       -1610.000       88873.000 
-12435  
-1  12  57          -34.073          4           4.329         64          64.000          31.434         -50.611       21357.000       16225.000        4113.000      -26473.000      -26274.000       10620.000       15095.000       16714.000 
-12435  
-1  22  58          -33.907         12          12.043         64          64.004          37.626         -39.044       41546.000       87189.000       53398.000      -78399.000     -113704.000       -2176.000       12100.000       89462.000 
-12435  
-1  12  59          -34.240          4           4.329         64          64.006          31.253         -50.642       21761.000       16079.000        3551.000      -26520.000      -25757.000       11339.000       15357.000       15862.000 
-12435  
-1  22  60          -33.900         12          12.044         64          64.002          37.531         -39.052       34184.000       90238.000       60188.000      -73510.000     -112946.000      -11772.000        4642.000       89911.000 
-12435  
-1  12  61          -34.713          4           4.337         64          63.993          31.433         -50.674       21333.000       16136.000        3942.000      -26488.000      -25543.000       10881.000       15766.000       15998.000 
-12435  
-1  22  62          -33.910         12          12.037         64          64.002          37.522         -39.052       34209.000       89582.000       59758.000      -74083.000     -113490.000      -11153.000        5556.000       89688.000 
-12435  
-1  12  63          -34.893          4           4.334         64          63.999          31.534         -50.656       22098.000       15828.000        3264.000      -26529.000      -25034.000       12316.000       16123.000       15081.000 
-12435  
-1  22  64          -33.867         12          12.044         64          64.000          37.590         -39.043       23632.000       93260.000       68154.000      -65602.000     -111880.000      -26245.000       -5719.000       89283.000 
-12435  
-1  12  65          -34.413          4           4.325         64          64.009          31.275         -50.711       21632.000       14956.000        2803.000      -26089.000      -25501.000       11922.000       16419.000       15575.000 
-12435  
-1  22  66          -33.913         12          12.043         64          64.002          37.652         -39.050       33924.000       90586.000       59966.000      -73183.000     -113471.000      -13175.000        4706.000       89304.000 
-12435  
-1  12  67          -34.850          4           4.322         64          63.998          31.457         -50.654       21709.000       15770.000        2419.000      -25852.000      -26066.000       12345.000       16204.000       15216.000 
-12435  
-1  22  68          -33.907         12          12.041         64          64.003          37.504         -39.050       26693.000       92617.000       65981.000      -68123.000     -112118.000      -21213.000       -2294.000       89699.000 
-12435  
-1  12  69          -34.517          4           4.336         64          63.995          31.224         -50.669       21650.000       15567.000        3246.000      -26565.000      -25619.000       11692.000       15982.000       15341.000 
-12435  
-1  22  70          -33.897         12          12.042         64          64.003          37.566         -39.085       31051.000       90404.000       62554.000      -71550.000     -112357.000      -14745.000        2133.000       89589.000 
-12435  
-1  12  71          -34.580          4           4.335         64          64.004          31.101         -50.726       20778.000       16299.000        3943.000      -26400.000      -25562.000       11165.000       15157.000       16056.000 
-12435  
-1  22  72          -33.913         12          12.042         64          63.998          37.554         -39.062       32089.000       90754.000       61334.000      -71954.000     -112981.000      -13422.000        2932.000       89933.000 
-12435  
-1  12  73          -34.243          4           4.329         64          64.000          31.350         -50.695       21156.000       15677.000        2831.000      -26571.000      -25785.000       11559.000       15624.000       15643.000 
-12435  
-1  22  74          -33.927         12          12.041         64          64.001          37.569         -39.050       44714.000       86014.000       50111.000      -80592.000     -113359.000        1688.000       15501.000       88643.000 
-12435  
-1  12  75          -34.787          4           4.335         64          64.004          31.415         -50.709       21231.000       15940.000        2935.000      -26060.000      -25808.000       10921.000       16133.000       15746.000 
-12435  
-1  22  76          -33.873         12          12.042         64          64.001          37.760         -39.064       34745.000       90195.000       60352.000      -73756.000     -112334.000      -11118.000        4286.000       89662.000 
-12435  
-1  12  77          -34.027          4           4.326         64          63.995          31.207         -50.687       21850.000       14997.000        3366.000      -26406.000      -26208.000       10997.000       15679.000       15321.000 
-12435  
-1  22  78          -33.883         12          12.048         64          64.003          37.747         -39.077       31097.000       90967.000       62464.000      -71269.000     -112608.000      -14853.000        1394.000       89380.000 
-12435  
-1  12  79          -34.457          4           4.332         64          64.012          31.452         -50.591       21964.000       15757.000        2893.000      -26360.000      -26363.000       11797.000       16057.000       15300.000 
-12435  
-1  22  80          -33.907         12          12.045         64          64.005          37.822         -39.065       33289.000       89917.000       60458.000      -74082.000     -112923.000      -12483.000        4596.000       89170.000 
-12435  
-1  12  81          -34.770          4           4.339         64          64.010          31.366         -50.644       22017.000       16020.000        2767.000      -26510.000      -25171.000       11853.000       15832.000       15816.000 
-12435  
-1  22  82          -33.933         12          12.044         64          64.002          37.774         -39.018       26255.000       93443.000       65968.000      -68474.000     -111776.000      -22397.000       -2506.000       90480.000 
-12435  
-1  12  83          -34.743          4           4.329         64          64.003          31.289         -50.646       22133.000       15398.000        2600.000      -26273.000      -25360.000       12054.000       16441.000       15577.000 
-12435  
-1  22  84          -33.920         12          12.039         64          63.996          37.455         -39.052       26001.000       91984.000       66171.000      -67444.000     -112021.000      -22839.000       -2016.000       90553.000 
-12435  
-1  12  85          -34.437          4           4.326         64          64.004          31.125         -50.667       21972.000       16039.000        2859.000      -26367.000      -25717.000       11269.000       15503.000       15499.000 
-12435  
-1  22  86          -33.907         12          12.042         64          64.004          37.541         -39.046       34988.000       89916.000       59381.000      -74210.000     -113558.000      -10509.000        5794.000       89511.000 
-12435  
-1  12  87          -34.703          4           4.329         64          64.003          31.341         -50.699       21438.000       16296.000        3655.000      -25894.000      -25947.000       10759.000       15540.000       15898.000 
-12435  
-1  22  88          -33.870         12          12.046         64          63.998          37.620         -39.024       29418.000       91175.000       64026.000      -70900.000     -113519.000      -17201.000         155.000       90020.000 
-12435  
-1  12  89          -34.163          4           4.325         64          64.005          31.291         -50.694       21905.000       15971.000        3945.000      -25968.000      -25749.000       11099.000       15083.000       16024.000 
-12435  
-1  22  90          -33.930         12          12.045         64          64.002          37.440         -39.061       35984.000       89813.000       58516.000      -74931.000     -113246.000       -9533.000        7261.000       88791.000 
-12435  
-1  12  91          -34.877          4           4.328         64          64.008          31.158         -50.693       21758.000       15677.000        2727.000      -26179.000      -25527.000       11865.000       16307.000       15028.000 
-12435  
-1  22  92          -33.880         12          12.043         64          64.001          37.513         -39.061       34026.000       89743.000       60609.000      -73989.000     -113110.000      -12146.000        4787.000       89040.000 
-12435  
-1  12  93          -34.233          4           4.339         64          64.005          31.249         -50.726       21975.000       15438.000        2844.000      -26591.000      -25185.000       12016.000       15464.000       14868.000 
-12435  
-1  22  94          -33.900         12          12.045         64          64.003          37.905         -39.043       32962.000       90751.000       61469.000      -72228.000     -112898.000      -13825.000        3450.000       90276.000 
-12435  
-1  12  95          -34.887          4           4.333         64          63.995          31.138         -50.703       21906.000       16114.000        2552.000      -25977.000      -25191.000       11696.000       15978.000       15559.000 
-12435  
-1  22  96          -33.947         12          12.045         64          64.000          37.689         -39.032       24684.000       94325.000       67306.000      -67097.000     -111570.000      -22588.000       -3975.000       89489.000 
-12435  
-1  12  97          -34.703          4           4.328         64          64.008          31.323         -50.679       21971.000       15199.000        2175.000      -26711.000      -24746.000       12102.000       16431.000       15609.000 
-12435  
-1  22  98          -33.920         12          12.047         64          63.997          37.836         -39.025       34586.000       91188.000       60392.000      -74162.000     -112933.000      -12403.000        5042.000       89388.000 
-12435  
-1  12  99          -34.747          4           4.332         64          64.006          31.485         -50.645       21160.000       16625.000        3954.000      -26435.000      -26023.000       10516.000       15530.000       16068.000 
-12435  
