 -1  22  2           36.530         12          11.702         64          63.971          16.295         -60.345       -2348.000       -1877.000        4572.000        6671.000      -10727.000       -2622.000        8397.000       -5017.000 
-12435  
-12435  
-1  22  4           40.327         12          11.696         64          63.957          16.772         -59.882       -1701.000       -3462.000        3164.000        7122.000      -10722.000       -4457.000       10256.000       -3058.000 
-12435  
-12435  
-1  22  6           39.860         12          11.709         64          63.999          16.896         -59.830       -1987.000       -2854.000        2581.000        8581.000      -10500.000       -4297.000       10321.000       -1120.000 
-12435  
-12435  
-1  22  8           39.250         12          11.701         64          64.041          17.364         -59.702       -1645.000       -2888.000        4110.000        7182.000      -10978.000       -3290.000       10287.000       -4689.000 
-12435  
-12435  
-1  22  10           39.383         12          11.685         64          64.012          16.833         -59.907       -2112.000       -2848.000        3716.000        7342.000      -10491.000       -3621.000       10231.000       -3869.000 
-12435  
-12435  
-1  22  12           39.527         12          11.733         64          63.987          16.993         -59.810       -1648.000       -2877.000        3991.000        7687.000      -11038.000       -3540.000        9952.000       -3308.000 
-12435  
-12435  
-1  22  14           37.153         12          11.677         64          63.983          16.985         -59.936       -2360.000       -3307.000        3559.000        7267.000      -11684.000       -2998.000        8496.000       -4609.000 
-12435  
-12435  
-1  22  16           39.117         12          11.711         64          64.017          16.957         -59.855       -1267.000       -3083.000        3195.000        6980.000      -11599.000       -3453.000        9922.000       -3463.000 
-12435  
-12435  
-1  22  18           40.377         12          11.693         64          64.013          16.873         -59.928       -1771.000       -3459.000        4730.000        7252.000      -10797.000       -2455.000        9246.000       -4834.000 
-12435  
-12435  
-1  22  20           36.477         12          11.651         64          63.992          16.792         -60.035       -1551.000       -2160.000        2872.000        7951.000      -10665.000       -4100.000        9737.000       -3134.000 
-12435  
-12435  
-1  22  22           37.343         12          11.697         64          64.009          17.082         -59.659       -1846.000       -2989.000        3207.000        7792.000      -11654.000       -4357.000        9619.000       -3378.000 
-12435  
-12435  
-1  22  24           40.187         12          11.706         64          64.039          16.528         -60.144        -925.000       -3680.000        4729.000        7121.000      -10804.000       -3571.000        8564.000       -3955.000 
-12435  
-12435  
-1  22  26           38.543         12          11.719         64          64.022          17.073         -59.684       -2218.000       -2919.000        3519.000        7891.000      -10357.000       -4876.000       10469.000       -3370.000 
-12435  
-12435  
-1  22  28           38.347         12          11.671         64          63.974          15.930         -60.825       -2630.000       -2548.000        3601.000        6152.000      -10254.000       -2387.000        8265.000       -4262.000 
-12435  
-12435  
-1  22  30           39.347         12          11.699         64          64.025          17.287         -59.670       -1554.000       -3973.000        3182.000        8317.000      -11176.000       -3921.000        9580.000       -3407.000 
-12435  
-12435  
-1  22  32           38.640         12          11.698         64          63.992          16.945         -59.794       -1590.000       -3137.000        3419.000        7415.000      -10788.000       -3738.000       10127.000       -4432.000 
-12435  
-12435  
-1  22  34           37.573         12          11.659         64          64.019          16.519         -60.248       -2219.000       -2931.000        3167.000        7487.000      -10164.000       -3346.000        9259.000       -4344.000 
-12435  
-12435  
-1  22  36           39.400         12          11.704         64          63.975          17.235         -59.551       -1686.000       -3547.000        4087.000        8313.000      -11068.000       -4835.000        9669.000       -3170.000 
-12435  
-12435  
-1  22  38           39.757         12          11.731         64          63.986          17.142         -59.579       -1741.000       -4008.000        3548.000        7509.000      -11421.000       -4404.000        9756.000       -3913.000 
-12435  
-12435  
-1  22  40           39.167         12          11.701         64          63.989          17.350         -59.666       -2043.000       -2764.000        3914.000        7745.000      -11470.000       -2231.000       10085.000       -4022.000 
-12435  
-12435  
-1  22  42           34.577         12          11.688         64          63.963          17.184         -59.611       -2640.000       -2714.000        2433.000        8423.000      -11578.000       -4614.000        9426.000       -3236.000 
-12435  
-12435  
-1  22  44           37.707         12          11.687         64          64.025          16.768         -59.999       -1133.000       -3144.000        2840.000        8226.000      -11227.000       -4034.000        8984.000       -2527.000 
-12435  
-12435  
-1  22  46           38.113         12          11.679         64          64.032          16.681         -60.128       -2618.000       -2678.000        4219.000        7296.000      -10272.000       -2828.000        9130.000       -5009.000 
-12435  
-12435  
-1  22  48           38.880         12          11.698         64          64.014          17.179         -59.658       -2007.000       -3415.000        4060.000        7731.000      -11659.000       -2306.000        9312.000       -4719.000 
-12435  
-12435  
-1  22  50           43.383         12          11.718         64          63.984          16.455         -60.082       -2176.000       -4110.000        4567.000        6499.000      -10563.000       -1560.000        9374.000       -4870.000 
-12435  
-12435  
-1  22  52           38.847         12          11.716         64          63.996          16.739         -59.942       -1004.000       -3418.000        3559.000        7022.000      -11178.000       -4612.000        9256.000       -3736.000 
-12435  
-12435  
-1  22  54           37.500         12          11.685         64          63.985          16.788         -59.963       -2717.000       -2803.000        3986.000        7574.000      -11658.000       -2545.000        8564.000       -3836.000 
-12435  
-12435  
-1  22  56           39.127         12          11.678         64          63.975          16.747         -60.104       -2304.000       -2598.000        4463.000        6433.000      -11258.000       -1369.000        8932.000       -5192.000 
-12435  
-12435  
-1  22  58           38.460         12          11.719         64          63.992          17.209         -59.623       -1929.000       -3177.000        3300.000        8295.000      -11089.000       -3825.000       10078.000       -3499.000 
-12435  
-12435  
-1  22  60           39.823         12          11.691         64          64.001          16.908         -59.917        -638.000       -3524.000        3307.000        7529.000      -10961.000       -3656.000        9842.000       -3396.000 
-12435  
-12435  
-1  22  62           40.220         12          11.687         64          63.959          17.165         -59.745       -1176.000       -3511.000        3411.000        7698.000      -10845.000       -3973.000       10317.000       -3308.000 
-12435  
-12435  
-1  22  64           39.653         12          11.702         64          63.991          16.904         -60.142       -1755.000       -3062.000        3619.000        6997.000      -10534.000       -3438.000        9687.000       -3867.000 
-12435  
-12435  
-1  22  66           37.333         12          11.716         64          63.993          17.318         -59.477       -2653.000       -3518.000        3576.000        7890.000      -12114.000       -2919.000        9151.000       -4819.000 
-12435  
-12435  
-1  22  68           38.443         12          11.681         64          64.030          16.832         -59.956       -1827.000       -2854.000        4154.000        6999.000      -11822.000       -2844.000        8871.000       -3892.000 
-12435  
-12435  
-1  22  70           41.870         12          11.705         64          63.995          17.004         -60.039       -1665.000       -4112.000        3387.000        7449.000      -10344.000       -4252.000        9672.000       -2856.000 
-12435  
-12435  
-1  22  72           36.213         12          11.652         64          64.052          16.841         -59.938       -1463.000       -2340.000        3235.000        7575.000      -11004.000       -3749.000        9527.000       -4407.000 
-12435  
-12435  
-1  22  74           39.680         12          11.699         64          63.983          17.311         -59.475       -1588.000       -3528.000        4720.000        7514.000      -12021.000       -2360.000        9502.000       -4774.000 
-12435  
-12435  
-1  22  76           39.250         12          11.675         64          64.013          16.754         -60.122       -3083.000       -2543.000        3721.000        6963.000      -10548.000       -2881.000        9740.000       -3842.000 
-12435  
-12435  
-1  22  78           36.837         12          11.651         64          64.011          17.048         -60.012       -1449.000       -2911.000        2815.000        8372.000      -10293.000       -3429.000        9515.000       -4308.000 
-12435  
-12435  
-1  22  80           39.633         12          11.686         64          63.988          17.395         -59.643       -1638.000       -3858.000        2847.000        8483.000      -10603.000       -4679.000       10166.000       -2830.000 
-12435  
-12435  
-1  22  82           38.753         12          11.698         64          64.010          16.611         -60.094       -2993.000       -2650.000        2975.000        7178.000      -10758.000       -3378.000        9872.000       -2911.000 
-12435  
-12435  
-1  22  84           40.893         12          11.706         64          63.997          16.930         -59.949       -1355.000       -3567.000        3505.000        7632.000      -10719.000       -3524.000        9930.000       -2996.000 
-12435  
-12435  
-1  22  86           39.140         12          11.683         64          63.982          16.960         -59.858       -1871.000       -3368.000        3369.000        8283.000      -10940.000       -3223.000        9545.000       -3282.000 
-12435  
-12435  
-1  22  88           41.657         12          11.717         64          63.994          17.218         -59.794       -2156.000       -3902.000        3200.000        7919.000      -10379.000       -4107.000       10329.000       -2742.000 
-12435  
-12435  
-1  22  90           37.900         12          11.695         64          63.997          17.339         -59.713       -1627.000       -2843.000        3259.000        8320.000      -10740.000       -4013.000       10158.000       -3558.000 
-12435  
-12435  
-1  22  92           40.787         12          11.700         64          64.067          16.898         -59.812       -1541.000       -3537.000        4165.000        7801.000      -11122.000       -3014.000        9661.000       -3318.000 
-12435  
-12435  
-1  22  94           39.890         12          11.708         64          63.995          17.014         -60.024       -1612.000       -4026.000        2961.000        7452.000      -10564.000       -4301.000        9435.000       -3501.000 
-12435  
-12435  
-1  22  96           38.870         12          11.703         64          63.959          17.103         -59.662       -1389.000       -2985.000        3298.000        8051.000      -11070.000       -3566.000       10392.000       -3465.000 
-12435  
-12435  
-1  22  98           38.197         12          11.711         64          63.989          16.975         -59.914       -1840.000       -3233.000        2694.000        7191.000      -10694.000       -4465.000       10099.000       -3668.000 
-12435  
-12435  
