-1  12  1           23.413          4           4.323         64          64.007          35.999         -45.794       15540.000       29867.000      -52846.000       21270.000      -41248.000      -28163.000       19152.000      -32990.000 
-12435  
-1  22  2           27.017         12          11.954         64          63.999          41.821         -34.739      -93930.000      131249.000     -146345.000     -113452.000       47162.000     -130345.000      148455.000       67833.000 
-12435  
-1  12  3           23.510          4           4.330         64          63.998          36.027         -45.831       14871.000       30111.000      -53308.000       20159.000      -40041.000      -29038.000       20241.000      -32043.000 
-12435  
-1  22  4           27.010         12          11.955         64          64.000          41.783         -34.737     -104079.000      123224.000     -137139.000     -125446.000       57450.000     -126117.000      142355.000       78748.000 
-12435  
-1  12  5           23.440          4           4.329         64          64.005          36.116         -45.824       16307.000       29203.000      -51666.000       23581.000      -41784.000      -27001.000       18052.000      -33580.000 
-12435  
-1  22  6           27.010         12          11.952         64          64.004          41.753         -34.725      -93033.000      131935.000     -148206.000     -112825.000       46113.000     -130471.000      149151.000       66225.000 
-12435  
-1  12  7           23.423          4           4.329         64          64.000          35.927         -45.790       16162.000       29413.000      -52613.000       21811.000      -41652.000      -27783.000       18683.000      -33333.000 
-12435  
-1  22  8           27.017         12          11.953         64          64.003          42.120         -34.719     -101975.000      126009.000     -140361.000     -122872.000       54220.000     -127222.000      143556.000       76674.000 
-12435  
-1  12  9           23.487          4           4.330         64          64.004          36.246         -45.843       15991.000       29622.000      -52020.000       22023.000      -41813.000      -27024.000       18898.000      -32795.000 
-12435  
-1  22  10           27.033         12          11.956         64          64.001          41.639         -34.715      -98540.000      129707.000     -142490.000     -118342.000       51156.000     -128411.000      146680.000       72966.000 
-12435  
-1  12  11           23.503          4           4.326         64          64.001          36.205         -45.848       15285.000       29866.000      -52906.000       21215.000      -40788.000      -28025.000       19628.000      -31904.000 
-12435  
-1  22  12           27.013         12          11.955         64          64.005          41.777         -34.725      -74473.000      143059.000     -161243.000      -92228.000       28730.000     -136191.000      156560.000       46300.000 
-12435  
-1  12  13           23.490          4           4.329         64          63.998          35.986         -45.803       15563.000       29513.000      -52944.000       21149.000      -41234.000      -27995.000       19763.000      -32758.000 
-12435  
-1  22  14           27.020         12          11.953         64          64.001          41.888         -34.746     -105685.000      121345.000     -134715.000     -127362.000       59312.000     -124969.000      140933.000       82297.000 
-12435  
-1  12  15           23.460          4           4.334         64          64.006          36.060         -45.835       16355.000       29245.000      -51915.000       22779.000      -41859.000      -27255.000       18262.000      -32935.000 
-12435  
-1  22  16           27.030         12          11.953         64          64.001          41.772         -34.753     -100055.000      127469.000     -141016.000     -120102.000       53152.000     -127238.000      143606.000       75065.000 
-12435  
-1  12  17           23.477          4           4.330         64          64.002          35.838         -45.904       14760.000       30065.000      -52493.000       19733.000      -40192.000      -28486.000       19924.000      -32095.000 
-12435  
-1  22  18           27.017         12          11.954         64          64.000          42.000         -34.712      -74414.000      143642.000     -162032.000      -92053.000       27703.000     -136065.000      156605.000       46288.000 
-12435  
-1  12  19           23.447          4           4.330         64          63.998          35.893         -45.816       14741.000       30096.000      -53273.000       19904.000      -40116.000      -29909.000       19998.000      -32043.000 
-12435  
-1  22  20           27.020         12          11.954         64          64.001          41.909         -34.725      -98090.000      129212.000     -143578.000     -117822.000       50210.000     -128661.000      146403.000       72128.000 
-12435  
-1  12  21           23.530          4           4.327         64          63.999          36.066         -45.869       15657.000       30196.000      -52761.000       20754.000      -40605.000      -27721.000       19350.000      -31986.000 
-12435  
-1  22  22           27.020         12          11.955         64          64.001          41.757         -34.702      -89188.000      135477.000     -151158.000     -108434.000       42743.000     -132874.000      150875.000       62783.000 
-12435  
-1  12  23           23.440          4           4.330         64          64.002          36.416         -45.838       16184.000       29517.000      -51932.000       22277.000      -41959.000      -26918.000       18421.000      -33069.000 
-12435  
-1  22  24           27.010         12          11.955         64          64.000          41.683         -34.724      -81352.000      139932.000     -156350.000      -99753.000       34764.000     -135031.000      154013.000       53024.000 
-12435  
-1  12  25           23.573          4           4.329         64          64.001          35.996         -45.849       15969.000       30144.000      -52772.000       20805.000      -40454.000      -27542.000       19491.000      -32685.000 
-12435  
-1  22  26           27.023         12          11.957         64          63.999          41.852         -34.741      -86760.000      136830.000     -152688.000     -105420.000       40496.000     -131977.000      151083.000       59785.000 
-12435  
-1  12  27           23.540          4           4.336         64          64.004          35.981         -45.805       15890.000       29761.000      -52947.000       20731.000      -40839.000      -28454.000       19672.000      -32742.000 
-12435  
-1  22  28           27.023         12          11.955         64          64.001          42.249         -34.716      -89115.000      135092.000     -150060.000     -109375.000       44003.000     -132463.000      150313.000       63337.000 
-12435  
-1  12  29           23.467          4           4.331         64          64.002          36.068         -45.837       14746.000       30292.000      -53393.000       19420.000      -40141.000      -28980.000       20236.000      -32000.000 
-12435  
-1  22  30           27.030         12          11.952         64          64.002          41.753         -34.752      -93943.000      131993.000     -145980.000     -112900.000       46899.000     -129890.000      147841.000       68084.000 
-12435  
-1  12  31           23.497          4           4.330         64          63.999          36.147         -45.876       15547.000       30575.000      -52662.000       20453.000      -39897.000      -28101.000       19086.000      -32559.000 
-12435  
-1  22  32           27.013         12          11.954         64          64.001          41.712         -34.719      -87477.000      136072.000     -152270.000     -107063.000       41085.000     -132390.000      151703.000       60265.000 
-12435  
-1  12  33           23.543          4           4.321         64          64.002          36.215         -45.808       16572.000       29443.000      -52816.000       22281.000      -41602.000      -26740.000       18937.000      -32732.000 
-12435  
-1  22  34           27.010         12          11.955         64          64.002          41.783         -34.711     -102491.000      125387.000     -141100.000     -122308.000       54842.000     -127225.000      144011.000       76437.000 
-12435  
-1  12  35           23.503          4           4.327         64          64.001          35.903         -45.836       16374.000       28791.000      -52261.000       21310.000      -41363.000      -27862.000       19052.000      -33402.000 
-12435  
-1  22  36           27.013         12          11.955         64          64.003          41.770         -34.727     -105096.000      122768.000     -136490.000     -126503.000       58901.000     -125153.000      142045.000       80172.000 
-12435  
-1  12  37           23.520          4           4.329         64          64.007          35.903         -45.811       17132.000       28866.000      -52192.000       22385.000      -41710.000      -27156.000       18283.000      -33661.000 
-12435  
-1  22  38           27.017         12          11.953         64          64.000          41.867         -34.723      -74467.000      142990.000     -161112.000      -92590.000       28483.000     -135838.000      156858.000       46998.000 
-12435  
-1  12  39           23.550          4           4.327         64          64.001          36.170         -45.804       15845.000       30046.000      -52576.000       21786.000      -40811.000      -27920.000       19435.000      -33087.000 
-12435  
-1  22  40           27.010         12          11.953         64          64.000          41.990         -34.750     -101663.000      124511.000     -139027.000     -122697.000       54939.000     -127396.000      143541.000       76483.000 
-12435  
-1  12  41           23.580          4           4.329         64          64.001          36.033         -45.845       15998.000       30166.000      -52220.000       21873.000      -40901.000      -27146.000       19261.000      -32850.000 
-12435  
-1  22  42           27.010         12          11.954         64          64.000          42.080         -34.720      -88942.000      134559.000     -151730.000     -108285.000       41914.000     -132376.000      150979.000       61727.000 
-12435  
-1  12  43           23.410          4           4.330         64          64.002          35.882         -45.842       14907.000       30011.000      -53431.000       20051.000      -40206.000      -28877.000       19606.000      -31993.000 
-12435  
-1  22  44           27.023         12          11.957         64          64.003          41.729         -34.715     -102501.000      126412.000     -140098.000     -121940.000       54743.000     -126914.000      144374.000       76486.000 
-12435  
-1  12  45           23.417          4           4.330         64          64.002          36.239         -45.831       15662.000       29734.000      -52281.000       21091.000      -40900.000      -28166.000       18921.000      -33581.000 
-12435  
-1  22  46           27.017         12          11.952         64          64.000          41.842         -34.712      -92023.000      132436.000     -148548.000     -112823.000       46398.000     -131440.000      149007.000       66535.000 
-12435  
-1  12  47           23.473          4           4.331         64          64.004          36.192         -45.803       15974.000       29554.000      -53326.000       20891.000      -40648.000      -28096.000       19305.000      -32996.000 
-12435  
-1  22  48           27.013         12          11.954         64          64.000          41.675         -34.722      -84229.000      137560.000     -154447.000     -103601.000       37573.000     -133582.000      153191.000       57263.000 
-12435  
-1  12  49           23.563          4           4.327         64          64.006          36.153         -45.815       15794.000       30341.000      -52352.000       21458.000      -40990.000      -28473.000       19353.000      -32442.000 
-12435  
-1  22  50           27.013         12          11.954         64          64.001          41.826         -34.719      -87290.000      136348.000     -152579.000     -106568.000       39962.000     -132875.000      151671.000       59795.000 
-12435  
-1  12  51           23.423          4           4.332         64          64.000          35.823         -45.870       14820.000       30288.000      -53077.000       20419.000      -40510.000      -28032.000       19516.000      -31717.000 
-12435  
-1  22  52           27.017         12          11.956         64          64.000          41.980         -34.722      -84842.000      137346.000     -154937.000     -103841.000       38491.000     -133286.000      152119.000       58147.000 
-12435  
-1  12  53           23.400          4           4.328         64          64.002          36.341         -45.817       14557.000       30846.000      -53795.000       19638.000      -40133.000      -28944.000       19813.000      -31653.000 
-12435  
-1  22  54           27.013         12          11.955         64          64.006          41.695         -34.728      -83134.000      137932.000     -156054.000     -101616.000       36853.000     -133928.000      153021.000       56123.000 
-12435  
-1  12  55           23.600          4           4.331         64          63.997          35.913         -45.847       16577.000       29244.000      -52193.000       22241.000      -41081.000      -27663.000       18906.000      -32685.000 
-12435  
-1  22  56           27.017         12          11.955         64          64.003          42.112         -34.714     -102387.000      125746.000     -139479.000     -122639.000       55072.000     -127381.000      144525.000       76650.000 
-12435  
-1  12  57           23.503          4           4.330         64          64.005          36.247         -45.812       17550.000       28481.000      -51320.000       24006.000      -42557.000      -26318.000       17471.000      -34013.000 
-12435  
-1  22  58           27.013         12          11.955         64          64.001          41.863         -34.720     -104460.000      124133.000     -137353.000     -125230.000       57587.000     -126350.000      142519.000       78666.000 
-12435  
-1  12  59           23.617          4           4.326         64          64.005          35.898         -45.804       15867.000       30100.000      -53005.000       21142.000      -40370.000      -28186.000       19961.000      -32756.000 
-12435  
-1  22  60           27.017         12          11.953         64          64.000          41.708         -34.715     -100399.000      126942.000     -140980.000     -120886.000       53008.000     -128173.000      145637.000       75099.000 
-12435  
-1  12  61           23.577          4           4.327         64          64.004          36.149         -45.793       16922.000       29928.000      -52235.000       22637.000      -41422.000      -27571.000       18411.000      -33074.000 
-12435  
-1  22  62           27.023         12          11.956         64          64.000          41.804         -34.715      -85065.000      138022.000     -154783.000     -103061.000       38125.000     -133084.000      152957.000       58013.000 
-12435  
-1  12  63           23.500          4           4.331         64          64.003          35.886         -45.829       15564.000       30273.000      -52866.000       20988.000      -40980.000      -27563.000       19468.000      -32412.000 
-12435  
-1  22  64           27.017         12          11.952         64          64.000          41.583         -34.724      -92410.000      133387.000     -148741.000     -110727.000       45070.000     -131954.000      148751.000       65397.000 
-12435  
-1  12  65           23.520          4           4.330         64          64.007          36.004         -45.841       16218.000       29960.000      -52120.000       22310.000      -41447.000      -26906.000       18671.000      -32782.000 
-12435  
-1  22  66           27.017         12          11.956         64          64.001          42.002         -34.714      -88109.000      136459.000     -152182.000     -106300.000       40917.000     -132803.000      151722.000       60349.000 
-12435  
-1  12  67           23.467          4           4.332         64          63.998          36.121         -45.796       15302.000       30431.000      -53411.000       20245.000      -40705.000      -28338.000       19773.000      -32439.000 
-12435  
-1  22  68           27.010         12          11.954         64          64.004          41.879         -34.717      -94689.000      131016.000     -147576.000     -114335.000       47233.000     -130358.000      147940.000       68126.000 
-12435  
-1  12  69           23.500          4           4.330         64          64.000          36.335         -45.817       14995.000       30248.000      -53648.000       19299.000      -40090.000      -28957.000       20388.000      -32144.000 
-12435  
-1  22  70           27.020         12          11.955         64          64.006          41.906         -34.714      -90376.000      133724.000     -150319.000     -110079.000       42943.000     -131870.000      150294.000       65021.000 
-12435  
-1  12  71           23.543          4           4.326         64          64.001          36.030         -45.848       16267.000       29247.000      -52049.000       22258.000      -41209.000      -27155.000       18964.000      -33270.000 
-12435  
-1  22  72           27.013         12          11.954         64          64.001          41.800         -34.743      -77531.000      141459.000     -159077.000      -95409.000       31492.000     -134769.000      155243.000       49136.000 
-12435  
-1  12  73           23.607          4           4.333         64          63.997          35.895         -45.841       16701.000       29307.000      -51835.000       22968.000      -41352.000      -26615.000       18807.000      -33397.000 
-12435  
-1  22  74           27.013         12          11.952         64          64.000          41.671         -34.720      -91473.000      133428.000     -149007.000     -111004.000       44432.000     -131598.000      150126.000       64320.000 
-12435  
-1  12  75           23.497          4           4.329         64          64.005          35.936         -45.856       16101.000       29683.000      -52277.000       22331.000      -41044.000      -26893.000       18661.000      -32899.000 
-12435  
-1  22  76           27.020         12          11.953         64          63.998          41.948         -34.721      -77903.000      142247.000     -159248.000      -96348.000       31881.000     -134622.000      155135.000       49778.000 
-12435  
-1  12  77           23.500          4           4.333         64          63.996          35.893         -45.863       15966.000       29503.000      -52508.000       21175.000      -40731.000      -27851.000       19040.000      -32711.000 
-12435  
-1  22  78           27.000         12          11.953         64          64.001          41.580         -34.735      -88782.000      134377.000     -151221.000     -108332.000       41808.000     -132548.000      150902.000       60424.000 
-12435  
-1  12  79           23.483          4           4.329         64          64.004          35.954         -45.836       15943.000       29746.000      -52199.000       21236.000      -41361.000      -27765.000       19031.000      -33009.000 
-12435  
-1  22  80           27.020         12          11.956         64          64.002          41.731         -34.705      -98498.000      129632.000     -143439.000     -118931.000       51510.000     -129244.000      145668.000       72273.000 
-12435  
-1  12  81           23.497          4           4.328         64          64.000          36.323         -45.810       15981.000       29715.000      -52944.000       21766.000      -40585.000      -27968.000       19069.000      -33017.000 
-12435  
-1  22  82           27.020         12          11.953         64          64.002          41.999         -34.725      -99246.000      128065.000     -141467.000     -119839.000       52500.000     -129009.000      145033.000       73976.000 
-12435  
-1  12  83           23.520          4           4.329         64          64.001          35.988         -45.846       14904.000       30065.000      -52832.000       19835.000      -40226.000      -28889.000       20336.000      -32440.000 
-12435  
-1  22  84           27.010         12          11.956         64          64.003          41.938         -34.716     -100079.000      126581.000     -141120.000     -120840.000       53557.000     -128778.000      145479.000       74758.000 
-12435  
-1  12  85           23.503          4           4.331         64          64.003          36.028         -45.888       15597.000       29518.000      -52074.000       20915.000      -40758.000      -27665.000       19386.000      -32940.000 
-12435  
-1  22  86           27.007         12          11.957         64          64.004          41.914         -34.701      -92578.000      132786.000     -148917.000     -112139.000       45554.000     -131859.000      149841.000       65289.000 
-12435  
-1  12  87           23.447          4           4.332         64          64.005          35.847         -45.831       15937.000       29127.000      -51934.000       22894.000      -41849.000      -26820.000       18711.000      -33373.000 
-12435  
-1  22  88           27.027         12          11.953         64          64.000          42.074         -34.728     -101057.000      126961.000     -141377.000     -119903.000       53608.000     -127587.000      144644.000       75531.000 
-12435  
-1  12  89           23.493          4           4.331         64          64.004          36.294         -45.870       16185.000       29398.000      -51960.000       21981.000      -41165.000      -27286.000       18605.000      -33025.000 
-12435  
-1  22  90           27.010         12          11.955         64          63.999          42.046         -34.710      -78824.000      141537.000     -158959.000      -96360.000       32408.000     -135495.000      155647.000       49648.000 
-12435  
-1  12  91           23.610          4           4.328         64          64.003          36.012         -45.796       15672.000       30137.000      -53284.000       21306.000      -40550.000      -27919.000       20160.000      -32386.000 
-12435  
-1  22  92           27.017         12          11.957         64          64.004          41.578         -34.709      -97956.000      128900.000     -143608.000     -118123.000       51138.000     -129376.000      146828.000       72269.000 
-12435  
-1  12  93           23.413          4           4.327         64          63.999          36.063         -45.844       16185.000       29251.000      -52207.000       22628.000      -41650.000      -26605.000       18266.000      -33206.000 
-12435  
-1  22  94           27.017         12          11.955         64          64.002          41.932         -34.741     -100083.000      127079.000     -141290.000     -120323.000       52382.000     -128216.000      144266.000       74510.000 
-12435  
-1  12  95           23.413          4           4.328         64          64.005          36.092         -45.845       16609.000       29003.000      -51909.000       23033.000      -41501.000      -26473.000       17791.000      -33926.000 
-12435  
-1  22  96           27.027         12          11.953         64          64.001          41.864         -34.730      -99822.000      127040.000     -141004.000     -121512.000       52962.000     -128088.000      143824.000       75894.000 
-12435  
-1  12  97           23.523          4           4.325         64          64.002          36.302         -45.823       16356.000       29791.000      -52327.000       22232.000      -41217.000      -26879.000       18780.000      -33360.000 
-12435  
-1  22  98           27.020         12          11.954         64          64.003          41.862         -34.688      -75098.000      144007.000     -161653.000      -92076.000       29047.000     -136532.000      157423.000       46879.000 
-12435  
-1  12  99           23.443          4           4.327         64          64.000          36.123         -45.842       15239.000       30180.000      -52498.000       21076.000      -40688.000      -27962.000       19296.000      -32945.000 
-12435  
