-1  22  1          -47.100         12          12.121         64          64.007          22.229         -54.791       10586.000       17780.000        1996.000      -15602.000       -5954.000       12353.000       12963.000       -4200.000 
-12435  
-1  12  2          -46.153          4           3.528         64          64.012          25.787         -56.154      -14643.000      -10067.000       -2490.000        6999.000       -5894.000      -13872.000      -12813.000        2075.000 
-12435  
-1  22  3          -47.133         12          12.158         64          64.007          22.140         -54.780       11775.000       16323.000         490.000      -14634.000       -4865.000       13565.000       14081.000       -5162.000 
-12435  
-1  12  4          -46.263          4           3.538         64          64.002          25.912         -56.145      -15585.000       -8891.000        -905.000        6543.000       -7055.000      -13641.000      -12484.000        3321.000 
-12435  
-1  22  5          -46.607         12          12.148         64          64.007          21.839         -54.848       14616.000       13370.000       -2407.000      -15269.000       -1837.000       14577.000       11662.000       -7243.000 
-12435  
-1  12  6          -46.240          4           3.524         64          64.011          25.889         -56.199      -15443.000       -8182.000       -1044.000        6621.000       -7621.000      -13792.000      -12088.000        3743.000 
-12435  
-1  22  7          -47.120         12          12.110         64          63.982          21.924         -54.830       13314.000       15567.000          94.000      -15321.000       -2776.000       13533.000       12671.000       -5844.000 
-12435  
-1  12  8          -46.150          4           3.527         64          63.996          25.619         -56.147      -15179.000       -9302.000        -989.000        6591.000       -7061.000      -13821.000      -12606.000        2582.000 
-12435  
-1  22  9          -47.297         12          12.132         64          63.962          21.709         -55.050       12134.000       15390.000         875.000      -14052.000       -3859.000       13953.000       12771.000       -5786.000 
-12435  
-1  12  10          -46.237          4           3.500         64          63.976          25.608         -56.267      -14106.000      -10097.000       -2065.000        6619.000       -5938.000      -13811.000      -12986.000        1838.000 
-12435  
-1  22  11          -46.833         12          12.136         64          63.988          22.016         -54.829       10796.000       17342.000        1970.000      -14870.000       -5268.000       13444.000       13277.000       -3609.000 
-12435  
-1  12  12          -46.303          4           3.523         64          64.013          25.562         -56.232      -14849.000       -8999.000       -1602.000        6090.000       -7215.000      -13926.000      -12588.000        2730.000 
-12435  
-1  22  13          -47.477         12          12.137         64          64.003          22.126         -54.624       12500.000       17011.000         422.000      -15301.000       -3683.000       13001.000       14147.000       -5275.000 
-12435  
-1  12  14          -46.520          4           3.534         64          64.014          25.648         -56.325      -14978.000       -8189.000        -513.000        6375.000       -8132.000      -13400.000      -12036.000        3777.000 
-12435  
-1  22  15          -47.230         12          12.168         64          63.993          22.085         -54.712       14422.000       15251.000        -683.000      -14194.000       -2562.000       14922.000       12329.000       -6695.000 
-12435  
-1  12  16            2.227          3           3.484         64          64.002          26.500         -56.436       13579.000        7340.000        8547.000        1601.000       12398.000        8939.000       12302.000        4433.000 
-12435  
-1  22  17          -47.063         12          12.170         64          63.991          21.818         -55.018       12064.000       15540.000         194.000      -14628.000       -3492.000       13805.000       12822.000       -5257.000 
-12435  
-1  12  18          -45.857          4           3.536         64          64.004          25.815         -56.270      -14296.000       -9002.000       -1395.000        7171.000       -6934.000      -13934.000      -12666.000        2253.000 
-12435  
-1  22  19          -48.210         12          12.159         64          63.989          21.880         -54.803       13693.000       15540.000         -70.000      -14630.000       -2136.000       13573.000       12607.000       -7463.000 
-12435  
-1  12  20          -46.307          4           3.528         64          64.003          25.806         -56.191      -14640.000       -9843.000       -2015.000        7185.000       -6821.000      -13848.000      -12236.000        2298.000 
-12435  
-1  22  21          -48.210         12          12.137         64          63.991          22.074         -54.833       13139.000       15647.000        -695.000      -14479.000       -2346.000       13697.000       12881.000       -7257.000 
-12435  
-1  12  22            2.277          3           3.497         64          63.995          27.112         -56.288       13652.000        7610.000        9009.000        1759.000       12060.000        9049.000       12785.000        4903.000 
-12435  
-1  22  23          -47.730         12          12.150         64          64.010          22.020         -54.705       12409.000       16761.000         154.000      -14872.000       -3623.000       13348.000       13772.000       -5772.000 
-12435  
-1  12  24          -46.153          4           3.531         64          64.009          25.837         -56.241      -14909.000       -8543.000       -1266.000        6863.000       -7548.000      -13675.000      -12407.000        3091.000 
-12435  
-1  22  25          -46.957         12          12.137         64          63.963          21.776         -54.879       13644.000       14844.000        -328.000      -15116.000       -2743.000       13922.000       12343.000       -6282.000 
-12435  
-1  12  26            2.483          3           3.486         64          63.992          26.688         -56.218       14245.000        7166.000        8295.000        1785.000       12728.000        9357.000       12497.000        4847.000 
-12435  
-1  22  27          -47.577         12          12.160         64          64.009          22.221         -54.766       13269.000       15519.000         254.000      -14392.000       -3304.000       14296.000       13043.000       -6776.000 
-12435  
-1  12  28          -46.107          4           3.514         64          64.022          25.615         -56.298      -15083.000       -8771.000       -1272.000        6347.000       -6908.000      -13739.000      -12277.000        2848.000 
-12435  
-1  22  29          -47.170         12          12.141         64          63.982          21.734         -54.643       13307.000       15876.000         937.000      -14923.000       -3303.000       14300.000       13493.000       -5954.000 
-12435  
-1  12  30          -46.300          4           3.540         64          64.002          25.889         -56.118      -15070.000       -9198.000       -1028.000        6671.000       -7277.000      -13838.000      -12759.000        2933.000 
-12435  
-1  22  31          -46.767         12          12.160         64          63.998          21.868         -54.833       12047.000       16725.000        1306.000      -14624.000       -4196.000       13810.000       13178.000       -4092.000 
-12435  
-1  12  32          -46.357          4           3.523         64          64.001          25.767         -56.156      -14899.000       -9814.000       -1595.000        6949.000       -6774.000      -13824.000      -12404.000        2528.000 
-12435  
-1  22  33          -47.433         12          12.132         64          64.003          22.005         -54.585       14373.000       15700.000        -817.000      -14895.000       -2320.000       14488.000       12783.000       -6782.000 
-12435  
-1  12  34          -46.443          4           3.561         64          64.002          25.665         -56.287      -14172.000       -9121.000       -1153.000        6793.000       -6829.000      -14038.000      -12569.000        3205.000 
-12435  
-1  22  35          -46.587         12          12.123         64          63.986          21.639         -54.987       13523.000       14557.000        -867.000      -14717.000       -3431.000       13535.000       12704.000       -5872.000 
-12435  
-1  12  36          -46.417          4           3.540         64          64.011          25.778         -56.250      -14817.000       -9478.000       -1429.000        6991.000       -6956.000      -13424.000      -12383.000        2778.000 
-12435  
-1  22  37          -46.860         12          12.150         64          64.010          21.939         -54.929       15274.000       12705.000       -2170.000      -14610.000       -1397.000       14837.000       10842.000       -7998.000 
-12435  
-1  12  38          -46.283          4           3.510         64          64.008          25.733         -56.316      -14248.000       -8945.000       -1692.000        6544.000       -6943.000      -13645.000      -12955.000        2764.000 
-12435  
-1  22  39          -47.183         12          12.156         64          63.988          22.386         -54.674       14635.000       14341.000       -2236.000      -15272.000       -1751.000       14567.000       12174.000       -7507.000 
-12435  
-1  12  40          -46.210          4           3.500         64          63.999          25.562         -56.297      -14782.000       -9248.000       -1975.000        6495.000       -6642.000      -13557.000      -12555.000        2481.000 
-12435  
-1  22  41          -47.097         12          12.119         64          64.005          21.884         -54.732       12097.000       16824.000         601.000      -15662.000       -3674.000       13263.000       13302.000       -4715.000 
-12435  
-1  12  42          -46.097          4           3.540         64          64.009          25.704         -56.319      -14294.000       -9217.000       -1120.000        6866.000       -6607.000      -13765.000      -12690.000        2493.000 
-12435  
-1  22  43          -47.213         12          12.137         64          64.002          22.054         -54.697       13593.000       15822.000         -23.000      -15429.000       -3613.000       12857.000       13486.000       -6226.000 
-12435  
-1  12  44          -46.007          4           3.508         64          64.018          25.544         -56.344      -14956.000       -8386.000       -1218.000        6696.000       -7561.000      -13384.000      -12227.000        2775.000 
-12435  
-1  22  45          -47.173         12          12.129         64          64.001          21.903         -54.820       15457.000       13596.000       -2288.000      -14260.000        -692.000       14286.000       12214.000       -7504.000 
-12435  
-1  12  46          -46.483          4           3.520         64          63.997          26.082         -56.112      -14776.000       -9321.000       -1423.000        6210.000       -7109.000      -14144.000      -12993.000        2994.000 
-12435  
-1  22  47          -47.323         12          12.121         64          64.003          21.856         -54.881       11768.000       15861.000         810.000      -14050.000       -3998.000       14391.000       13678.000       -5440.000 
-12435  
-1  12  48          -46.440          4           3.507         64          63.999          25.628         -56.263      -14317.000       -9606.000       -1831.000        6407.000       -6697.000      -13625.000      -13023.000        2419.000 
-12435  
-1  22  49          -47.287         12          12.143         64          63.991          22.092         -54.865       12218.000       15648.000        -221.000      -15512.000       -3777.000       13645.000       12592.000       -6147.000 
-12435  
-1  12  50          -46.693          4           3.534         64          64.014          26.017         -56.015      -14808.000       -9819.000       -2057.000        6817.000       -7284.000      -14043.000      -12894.000        2956.000 
-12435  
-1  22  51          -47.580         12          12.136         64          63.972          21.740         -54.795       13146.000       15688.000        -984.000      -14579.000       -3849.000       14248.000       12241.000       -6937.000 
-12435  
-1  12  52          -46.067          4           3.528         64          64.004          26.066         -56.085      -14895.000       -8959.000       -1543.000        6928.000       -7604.000      -14209.000      -12639.000        2638.000 
-12435  
-1  22  53          -47.127         12          12.152         64          63.992          22.316         -54.631       14425.000       15635.000       -1119.000      -14484.000       -2778.000       14714.000       12644.000       -6397.000 
-12435  
-1  12  54            2.243          3           3.497         64          64.001          26.905         -56.393       13076.000        7548.000        8847.000        1786.000       12079.000        9393.000       12639.000        4729.000 
-12435  
-1  22  55          -47.943         12          12.171         64          64.028          22.055         -54.671       13083.000       15525.000          89.000      -15431.000       -2823.000       14189.000       12757.000       -7500.000 
-12435  
-1  12  56          -46.397          4           3.515         64          64.003          25.852         -56.112      -14886.000       -9465.000       -1388.000        6748.000       -7575.000      -13799.000      -12684.000        2598.000 
-12435  
-1  22  57          -47.003         12          12.134         64          63.997          21.648         -54.883       12919.000       15315.000          -9.000      -14306.000       -4383.000       14511.000       12342.000       -6246.000 
-12435  
-1  12  58          -46.543          4           3.528         64          63.991          25.657         -56.212      -14723.000       -9221.000       -1401.000        6758.000       -7569.000      -13893.000      -12144.000        3042.000 
-12435  
-1  22  59          -47.300         12          12.134         64          64.014          22.028         -54.690       12873.000       16479.000        -439.000      -15261.000       -3552.000       13728.000       13041.000       -5703.000 
-12435  
-1  12  60          -46.297          4           3.553         64          63.987          25.679         -56.224      -15100.000       -9298.000       -1199.000        6916.000       -7148.000      -13904.000      -11758.000        2841.000 
-12435  
-1  22  61          -47.187         12          12.147         64          63.981          21.847         -54.757       11854.000       16612.000        1551.000      -14845.000       -3650.000       14048.000       13618.000       -4702.000 
-12435  
-1  12  62            2.210          3           3.493         64          64.020          26.614         -56.298       13584.000        7828.000        8989.000        2031.000       11816.000        9559.000       12581.000        4654.000 
-12435  
-1  22  63          -46.677         12          12.154         64          64.007          21.842         -54.904       15197.000       13200.000       -2702.000      -15065.000       -1830.000       14097.000       11193.000       -7459.000 
-12435  
-1  12  64          -46.457          4           3.552         64          64.003          25.887         -56.153      -14934.000       -9203.000       -1338.000        6737.000       -7411.000      -13596.000      -12766.000        3037.000 
-12435  
-1  22  65          -47.933         12          12.148         64          64.017          22.076         -54.797       10726.000       17415.000        1732.000      -14851.000       -4448.000       13268.000       13592.000       -5038.000 
-12435  
-1  12  66          -46.517          4           3.557         64          64.004          25.966         -56.199      -15427.000       -9395.000       -1437.000        6609.000       -6395.000      -13377.000      -12471.000        3373.000 
-12435  
-1  22  67          -47.460         12          12.147         64          63.996          22.102         -54.689       12204.000       16311.000         135.000      -14868.000       -4068.000       14618.000       13088.000       -6060.000 
-12435  
-1  12  68            2.277          3           3.492         64          63.981          26.947         -56.292       13846.000        7285.000        8382.000        1648.000       12545.000        9401.000       12634.000        4414.000 
-12435  
-1  22  69          -46.967         12          12.152         64          63.986          21.849         -54.985       13071.000       15506.000          42.000      -14124.000       -4015.000       13160.000       13163.000       -5484.000 
-12435  
-1  12  70          -46.327          4           3.558         64          64.007          25.792         -56.200      -15416.000       -9209.000       -1434.000        6546.000       -6771.000      -13175.000      -12770.000        2957.000 
-12435  
-1  22  71          -47.777         12          12.133         64          63.995          21.950         -54.768       13580.000       15914.000       -1395.000      -14966.000       -2076.000       14273.000       11776.000       -6672.000 
-12435  
-1  12  72          -46.667          4           3.564         64          63.993          25.856         -56.250      -14849.000       -8789.000       -1402.000        6826.000       -7093.000      -13897.000      -12011.000        3985.000 
-12435  
-1  22  73          -47.380         12          12.133         64          64.015          22.036         -54.695       13474.000       15558.000        -273.000      -15554.000       -2668.000       13681.000       13045.000       -6533.000 
-12435  
-1  12  74          -46.050          4           3.532         64          64.019          26.111         -56.165      -14834.000       -9513.000       -1920.000        6935.000       -6724.000      -13815.000      -12709.000        2180.000 
-12435  
-1  22  75          -47.240         12          12.152         64          63.999          22.007         -54.712       14228.000       14132.000       -1459.000      -14522.000       -2166.000       15207.000       12592.000       -7673.000 
-12435  
-1  12  76          -46.240          4           3.530         64          63.997          25.954         -56.351      -14402.000       -9167.000       -1006.000        7006.000       -6814.000      -13432.000      -12521.000        2741.000 
-12435  
-1  22  77          -46.933         12          12.133         64          63.998          21.706         -54.957       13645.000       15244.000       -1571.000      -13751.000       -3169.000       14460.000       12133.000       -5795.000 
-12435  
-1  12  78          -46.310          4           3.509         64          64.005          25.812         -56.216      -14573.000       -9414.000       -1160.000        6964.000       -7194.000      -13852.000      -12429.000        2617.000 
-12435  
-1  22  79          -47.047         12          12.161         64          63.997          22.138         -54.572       14484.000       14993.000       -1308.000      -14997.000       -2359.000       14567.000       13346.000       -6813.000 
-12435  
-1  12  80          -46.340          4           3.528         64          63.969          25.961         -56.152      -14948.000       -9066.000       -1079.000        6816.000       -7913.000      -13959.000      -12174.000        2850.000 
-12435  
-1  22  81          -47.567         12          12.148         64          63.980          21.799         -54.852       11066.000       17204.000         394.000      -14666.000       -4788.000       13349.000       13267.000       -4877.000 
-12435  
-1  12  82          -45.997          4           3.532         64          64.003          25.827         -56.252      -14604.000       -9074.000       -1056.000        6292.000       -6896.000      -14185.000      -12611.000        2329.000 
-12435  
-1  22  83          -46.773         12          12.107         64          63.988          21.730         -54.994       14213.000       13617.000       -1748.000      -14712.000       -1810.000       13746.000       12555.000       -6686.000 
-12435  
-1  12  84          -46.350          4           3.524         64          64.016          25.550         -56.309      -14395.000       -9190.000       -1207.000        6803.000       -7094.000      -13927.000      -12171.000        2818.000 
-12435  
-1  22  85          -47.147         12          12.167         64          64.016          22.188         -54.561       12392.000       16867.000         821.000      -15137.000       -3808.000       13740.000       14562.000       -4825.000 
-12435  
-1  12  86          -46.133          4           3.535         64          63.997          26.082         -56.070      -15048.000       -8862.000       -1258.000        6977.000       -7310.000      -14035.000      -12893.000        3120.000 
-12435  
-1  22  87          -47.300         12          12.142         64          64.008          22.024         -54.840       14780.000       14507.000       -1091.000      -14636.000       -1609.000       13961.000       12101.000       -7023.000 
-12435  
-1  12  88          -46.200          4           3.526         64          63.986          25.782         -56.256      -14509.000       -9467.000       -1646.000        6997.000       -6499.000      -13966.000      -12373.000        2573.000 
-12435  
-1  22  89          -47.267         12          12.150         64          64.000          22.118         -54.665       13295.000       15989.000        -300.000      -14752.000       -3393.000       14151.000       13478.000       -6053.000 
-12435  
-1  12  90            2.227          3           3.495         64          63.999          26.406         -56.309       13374.000        7871.000        8852.000        1680.000       11868.000        9549.000       12774.000        4758.000 
-12435  
-1  22  91          -47.473         12          12.151         64          64.005          22.204         -54.822       13169.000       15299.000        -354.000      -13963.000       -3167.000       14816.000       12860.000       -6666.000 
-12435  
-1  12  92          -46.180          4           3.515         64          64.004          25.843         -56.200      -14556.000       -9617.000       -1778.000        6777.000       -6645.000      -13815.000      -12851.000        2217.000 
-12435  
-1  22  93          -47.167         12          12.143         64          64.023          21.812         -54.843       12965.000       15765.000        -138.000      -14943.000       -3475.000       14033.000       12349.000       -5939.000 
-12435  
-1  12  94          -46.143          4           3.529         64          63.996          25.955         -56.332      -14300.000       -9177.000       -1483.000        6929.000       -6558.000      -13816.000      -12499.000        2617.000 
-12435  
-1  22  95          -47.410         12          12.169         64          63.995          22.259         -54.872       13851.000       14770.000       -1402.000      -14699.000       -2643.000       14104.000       12031.000       -7164.000 
-12435  
-1  12  96          -46.517          4           3.506         64          63.993          25.591         -56.398      -14361.000       -8501.000       -1355.000        6119.000       -7298.000      -13772.000      -12338.000        3436.000 
-12435  
-1  22  97          -47.663         12          12.148         64          64.002          22.001         -54.588       13658.000       15815.000        -693.000      -15244.000       -3264.000       14111.000       12965.000       -7225.000 
-12435  
-1  12  98          -46.610          4           3.549         64          63.994          25.713         -56.160      -14559.000       -9829.000       -1423.000        6252.000       -7144.000      -14263.000      -12445.000        2578.000 
-12435  
-1  22  99          -47.123         12          12.141         64          64.011          21.963         -54.672       12001.000       16925.000        1061.000      -14509.000       -4409.000       14303.000       13779.000       -4726.000 
-12435  
