-1  12  1            1.243          4           4.298         64          64.002          50.662         -22.890     -430308.000      435714.000     -405690.000      461842.000     -368960.000      568516.000     -449844.000      459431.000 
-12435  
-1  22  2            2.023         12          12.001         64          63.999          40.962         -35.752     -128184.000       50722.000     -124773.000       56065.000     -133359.000       75653.000     -145340.000       41779.000 
-12435  
-1  12  3            1.253          4           4.298         64          63.998          51.197         -22.890     -462469.000      401390.000     -440028.000      428824.000     -412086.000      538595.000     -483932.000      422852.000 
-12435  
-1  22  4            2.033         12          12.002         64          64.000          40.754         -35.747     -128631.000       49274.000     -126129.000       53551.000     -134776.000       72473.000     -146566.000       39237.000 
-12435  
-1  12  5            1.243          4           4.299         64          64.000          51.557         -22.889     -484559.000      374316.000     -463476.000      403757.000     -441711.000      514800.000     -506805.000      395237.000 
-12435  
-1  22  6            2.017         12          11.998         64          64.005          40.704         -35.734     -131884.000       41269.000     -129782.000       45977.000     -138650.000       65083.000     -148109.000       31511.000 
-12435  
-1  12  7            1.250          4           4.299         64          64.004          50.666         -22.887     -455598.000      409456.000     -433000.000      436273.000     -402384.000      545451.000     -477317.000      431541.000 
-12435  
-1  22  8            2.017         12          12.000         64          64.002          40.842         -35.742     -117818.000       71538.000     -114149.000       76171.000     -118674.000       96875.000     -136428.000       66205.000 
-12435  
-1  12  9            1.250          4           4.299         64          64.001          51.367         -22.886     -440737.000      425340.000     -416584.000      452527.000     -381983.000      560270.000     -461321.000      448239.000 
-12435  
-1  22  10            2.020         12          11.998         64          64.000          40.864         -35.746     -127084.000       54436.000     -123442.000       59865.000     -131086.000       79476.000     -143736.000       45968.000 
-12435  
-1  12  11            1.243          4           4.298         64          63.999          51.356         -22.891     -459700.000      404756.000     -436216.000      432432.000     -407628.000      541819.000     -480398.000      426943.000 
-12435  
-1  22  12            2.023         12          12.004         64          64.000          40.793         -35.754     -129368.000       49577.000     -125883.000       54900.000     -133740.000       72937.000     -145443.000       40608.000 
-12435  
-1  12  13            1.250          4           4.299         64          64.002          51.400         -22.887     -461696.000      402186.000     -439646.000      430185.000     -410763.000      539745.000     -483352.000      424024.000 
-12435  
-1  22  14            2.027         12          12.002         64          64.000          40.850         -35.747     -128464.000       50887.000     -124672.000       56253.000     -133708.000       75018.000     -145311.000       42065.000 
-12435  
-1  12  15            1.250          4           4.298         64          64.004          51.975         -22.887     -466010.000      397340.000     -443465.000      425404.000     -416573.000      535182.000     -487928.000      419373.000 
-12435  
-1  22  16            2.030         12          12.001         64          64.001          41.003         -35.770     -132055.000       42914.000     -128180.000       48033.000     -136947.000       66503.000     -146927.000       31236.000 
-12435  
-1  12  17            1.263          4           4.299         64          64.002          50.849         -22.883     -463195.000      400961.000     -440945.000      429137.000     -413088.000      538190.000     -485119.000      422750.000 
-12435  
-1  22  18            2.017         12          12.000         64          64.001          40.985         -35.755     -126986.000       54118.000     -123254.000       59928.000     -130506.000       79416.000     -143895.000       46416.000 
-12435  
-1  12  19            1.230          4           4.298         64          64.001          51.270         -22.888     -464473.000      399740.000     -441321.000      427610.000     -412827.000      537634.000     -485347.000      421904.000 
-12435  
-1  22  20            2.020         12          12.000         64          64.000          40.950         -35.759     -130537.000       43705.000     -128607.000       47774.000     -137376.000       67530.000     -147078.000       33536.000 
-12435  
-1  12  21            1.260          4           4.298         64          64.002          50.935         -22.888     -472361.000      389750.000     -450745.000      418730.000     -425255.000      527745.000     -494452.000      411182.000 
-12435  
-1  22  22            2.027         12          12.001         64          64.000          41.068         -35.758     -131141.000       44056.000     -127385.000       49659.000     -137448.000       66967.000     -146892.000       34538.000 
-12435  
-1  12  23            1.243          4           4.299         64          64.003          51.518         -22.891     -462975.000      400668.000     -439888.000      429359.000     -411564.000      538439.000     -484078.000      423016.000 
-12435  
-1  22  24            2.033         12          12.003         64          64.005          40.729         -35.733     -127799.000       54447.000     -123835.000       59364.000     -131918.000       77517.000     -144414.000       45221.000 
-12435  
-1  12  25            1.257          4           4.299         64          64.002          51.534         -22.887     -459203.000      405277.000     -436464.000      433754.000     -406912.000      541570.000     -480701.000      427544.000 
-12435  
-1  22  26            2.017         12          11.999         64          63.996          40.790         -35.728     -132268.000       44226.000     -128060.000       49710.000     -136993.000       67959.000     -147114.000       34879.000 
-12435  
-1  12  27            1.243          4           4.299         64          64.001          51.325         -22.887     -461507.000      402690.000     -439093.000      430800.000     -409529.000      539933.000     -482999.000      424821.000 
-12435  
-1  22  28            2.030         12          12.001         64          64.002          40.896         -35.743     -131850.000       43222.000     -128316.000       48232.000     -137701.000       66888.000     -147525.000       32216.000 
-12435  
-1  12  29            1.247          4           4.299         64          64.003          50.745         -22.887     -457685.000      407125.000     -434959.000      434697.000     -404843.000      543456.000     -479016.000      429527.000 
-12435  
-1  22  30            2.020         12          12.003         64          64.001          40.758         -35.728     -131779.000       44123.000     -128976.000       48144.000     -137404.000       67363.000     -147569.000       33367.000 
-12435  
-1  12  31            1.257          4           4.299         64          64.003          50.755         -22.888     -457399.000      407017.000     -434211.000      434750.000     -405104.000      543860.000     -479083.000      429295.000 
-12435  
-1  22  32            2.017         12          12.002         64          64.003          41.157         -35.704     -122676.000       66654.000     -117257.000       71495.000     -123492.000       92176.000     -139223.000       59653.000 
-12435  
-1  12  33            1.260          4           4.298         64          64.003          51.285         -22.888     -454638.000      410538.000     -431407.000      437815.000     -401167.000      546281.000     -476207.000      432754.000 
-12435  
-1  22  34            2.020         12          12.003         64          63.998          41.102         -35.737     -128409.000       52906.000     -123896.000       58671.000     -132220.000       77652.000     -144306.000       44443.000 
-12435  
-1  12  35            1.257          4           4.299         64          64.003          51.125         -22.893     -461501.000      401708.000     -439142.000      429709.000     -410438.000      539054.000     -483760.000      423494.000 
-12435  
-1  22  36            2.027         12          12.001         64          64.000          40.798         -35.760     -126671.000       52991.000     -123847.000       57941.000     -132531.000       77364.000     -144453.000       44512.000 
-12435  
-1  12  37            1.250          4           4.299         64          64.003          51.365         -22.888     -454451.000      410777.000     -431212.000      438394.000     -400154.000      547085.000     -475627.000      432839.000 
-12435  
-1  22  38            2.017         12          12.002         64          64.003          41.011         -35.758     -127641.000       54245.000     -123240.000       59081.000     -131124.000       78178.000     -143724.000       45888.000 
-12435  
-1  12  39            1.250          4           4.298         64          64.003          50.977         -22.892     -445348.000      419631.000     -421509.000      446735.000     -389211.000      555006.000     -466334.000      442889.000 
-12435  
-1  22  40            2.013         12          12.001         64          64.002          40.756         -35.770     -131467.000       45338.000     -127209.000       49938.000     -135852.000       68485.000     -145947.000       35941.000 
-12435  
-1  12  41            1.247          4           4.299         64          64.002          51.757         -22.888     -470559.000      392439.000     -448020.000      420845.000     -422359.000      530422.000     -491886.000      414077.000 
-12435  
-1  22  42            2.010         12          11.999         64          64.001          40.738         -35.752     -123034.000       62645.000     -118707.000       67826.000     -125066.000       88733.000     -140044.000       56696.000 
-12435  
-1  12  43            1.250          4           4.298         64          64.002          51.587         -22.889     -465873.000      397838.000     -443700.000      425930.000     -415695.000      535515.000     -487251.000      418896.000 
-12435  
-1  22  44            2.013         12          12.001         64          63.999          40.613         -35.752     -130245.000       43715.000     -128453.000       49444.000     -136184.000       68206.000     -147859.000       35053.000 
-12435  
-1  12  45            1.237          4           4.299         64          64.003          51.242         -22.885     -459744.000      405980.000     -436107.000      433899.000     -406466.000      542363.000     -479633.000      428056.000 
-12435  
-1  22  46            2.033         12          12.000         64          64.001          40.961         -35.755     -127241.000       54609.000     -123057.000       59502.000     -131119.000       77994.000     -144431.000       45245.000 
-12435  
-1  12  47            1.257          4           4.299         64          64.003          50.696         -22.886     -458453.000      406798.000     -434499.000      434532.000     -405903.000      543236.000     -479401.000      428896.000 
-12435  
-1  22  48            2.023         12          12.002         64          63.999          40.688         -35.762     -127027.000       55294.000     -122676.000       60264.000     -130181.000       79106.000     -143686.000       46749.000 
-12435  
-1  12  49            1.243          4           4.298         64          64.002          50.831         -22.890     -462771.000      401793.000     -439594.000      429204.000     -411300.000      538862.000     -483594.000      423295.000 
-12435  
-1  22  50            2.027         12          12.002         64          64.003          41.148         -35.745     -130876.000       43881.000     -127485.000       48823.000     -137925.000       67647.000     -147663.000       33909.000 
-12435  
-1  12  51            1.253          4           4.298         64          64.002          51.354         -22.887     -469831.000      393442.000     -447545.000      421250.000     -420991.000      531032.000     -492097.000      414771.000 
-12435  
-1  22  52            2.030         12          11.999         64          64.002          40.792         -35.744     -132764.000       39985.000     -129118.000       45635.000     -138996.000       63490.000     -148629.000       28931.000 
-12435  
-1  12  53            1.253          4           4.299         64          64.002          51.024         -22.889     -460378.000      403863.000     -437660.000      432178.000     -408630.000      540675.000     -481679.000      425818.000 
-12435  
-1  22  54            2.023         12          12.000         64          64.001          40.916         -35.722     -120400.000       69258.000     -116506.000       72889.000     -122279.000       93534.000     -137699.000       62015.000 
-12435  
-1  12  55            1.253          4           4.299         64          64.002          51.425         -22.888     -462721.000      401023.000     -440500.000      429087.000     -412471.000      537652.000     -484453.000      423370.000 
-12435  
-1  22  56            2.020         12          11.997         64          64.002          40.891         -35.740     -121240.000       67153.000     -116519.000       72228.000     -122487.000       92036.000     -138447.000       60754.000 
-12435  
-1  12  57            1.257          4           4.299         64          64.002          50.736         -22.887     -453917.000      410830.000     -431080.000      439366.000     -400240.000      547221.000     -474983.000      433158.000 
-12435  
-1  22  58            2.013         12          12.001         64          64.000          41.101         -35.762     -127841.000       53340.000     -122942.000       59039.000     -131006.000       78690.000     -143895.000       45328.000 
-12435  
-1  12  59            1.233          4           4.298         64          64.002          51.023         -22.892     -458516.000      405845.000     -435583.000      433622.000     -405956.000      542550.000     -478998.000      428429.000 
-12435  
-1  22  60            2.027         12          12.000         64          63.999          40.751         -35.734     -127807.000       52983.000     -124061.000       58784.000     -132028.000       77855.000     -144976.000       44267.000 
-12435  
-1  12  61            1.247          4           4.299         64          64.002          50.747         -22.890     -448072.000      417728.000     -424869.000      444554.000     -392081.000      552941.000     -468419.000      439808.000 
-12435  
-1  22  62            2.017         12          12.001         64          64.001          40.704         -35.770     -130347.000       46017.000     -126202.000       51146.000     -134874.000       70138.000     -147130.000       36590.000 
-12435  
-1  12  63            1.253          4           4.298         64          64.001          50.524         -22.884     -475151.000      387044.000     -453608.000      415313.000     -428700.000      525504.000     -497612.000      408076.000 
-12435  
-1  22  64            2.023         12          12.000         64          64.000          40.785         -35.717     -120575.000       69449.000     -116483.000       74172.000     -120925.000       94079.000     -137876.000       62193.000 
-12435  
-1  12  65            1.277          4           4.299         64          64.001          51.185         -22.884     -472791.000      389059.000     -451947.000      417910.000     -426589.000      526804.000     -496127.000      410340.000 
-12435  
-1  22  66            2.030         12          12.002         64          64.002          40.915         -35.752     -125019.000       59372.000     -119956.000       64145.000     -127923.000       84241.000     -142927.000       50615.000 
-12435  
-1  12  67            1.250          4           4.299         64          64.001          50.656         -22.889     -466815.000      396619.000     -443702.000      425368.000     -416762.000      534844.000     -488052.000      418233.000 
-12435  
-1  22  68            2.023         12          12.001         64          64.002          40.801         -35.740     -129976.000       50621.000     -125420.000       55677.000     -133427.000       73517.000     -145411.000       41117.000 
-12435  
-1  12  69            1.247          4           4.298         64          64.002          51.428         -22.890     -458740.000      404763.000     -436614.000      432738.000     -407399.000      541563.000     -480569.000      427832.000 
-12435  
-1  22  70            2.020         12          12.001         64          64.002          40.827         -35.731     -120816.000       68555.000     -115424.000       74030.000     -121129.000       93467.000     -138223.000       62338.000 
-12435  
-1  12  71            1.247          4           4.299         64          64.001          50.732         -22.888     -458481.000      406214.000     -434999.000      433801.000     -405816.000      543046.000     -479881.000      428610.000 
-12435  
-1  22  72            2.017         12          12.001         64          64.003          41.003         -35.744     -127595.000       54207.000     -123232.000       59233.000     -131614.000       78167.000     -144104.000       46339.000 
-12435  
-1  12  73            1.247          4           4.299         64          64.001          51.078         -22.886     -469058.000      393408.000     -447327.000      421952.000     -420972.000      531837.000     -491242.000      415597.000 
-12435  
-1  22  74            2.023         12          12.002         64          64.005          40.798         -35.758     -131738.000       38741.000     -129628.000       44813.000     -139078.000       62760.000     -148992.000       29000.000 
-12435  
-1  12  75            1.250          4           4.298         64          64.001          51.067         -22.889     -463806.000      399956.000     -440856.000      428076.000     -412957.000      537406.000     -485557.000      422120.000 
-12435  
-1  22  76            2.017         12          12.000         64          64.002          40.922         -35.744     -128338.000       53231.000     -124230.000       59049.000     -131015.000       78027.000     -144164.000       44640.000 
-12435  
-1  12  77            1.263          4           4.299         64          64.001          51.683         -22.887     -460930.000      403783.000     -438030.000      431213.000     -409450.000      540110.000     -482932.000      425363.000 
-12435  
-1  22  78            2.020         12          12.001         64          64.000          41.043         -35.749     -130874.000       45928.000     -127314.000       50952.000     -136139.000       70507.000     -146027.000       35883.000 
-12435  
-1  12  79            1.237          4           4.299         64          64.001          51.557         -22.889     -457886.000      406216.000     -435199.000      434466.000     -405046.000      543239.000     -479242.000      429378.000 
-12435  
-1  22  80            2.027         12          12.000         64          64.001          40.827         -35.742     -127087.000       53776.000     -123295.000       60123.000     -131096.000       78729.000     -144764.000       45665.000 
-12435  
-1  12  81            1.253          4           4.299         64          64.000          51.782         -22.886     -456414.000      408208.000     -433435.000      436258.000     -403463.000      544772.000     -478273.000      430957.000 
-12435  
-1  22  82            2.013         12          11.999         64          64.002          40.757         -35.749     -132710.000       40129.000     -129238.000       45295.000     -139201.000       64061.000     -147570.000       30470.000 
-12435  
-1  12  83            1.253          4           4.299         64          64.002          51.299         -22.891     -460087.000      404326.000     -437222.000      432116.000     -408003.000      541057.000     -481183.000      425757.000 
-12435  
-1  22  84            2.017         12          12.001         64          63.999          40.840         -35.755     -125719.000       59144.000     -120753.000       64374.000     -127358.000       84113.000     -141732.000       51367.000 
-12435  
-1  12  85            1.247          4           4.298         64          64.001          51.318         -22.888     -455711.000      408777.000     -432321.000      436602.000     -402449.000      545812.000     -477344.000      431765.000 
-12435  
-1  22  86            2.037         12          12.000         64          64.003          40.996         -35.768     -130317.000       43774.000     -127021.000       50136.000     -137010.000       67291.000     -147554.000       34174.000 
-12435  
-1  12  87            1.253          4           4.299         64          64.000          51.710         -22.886     -456845.000      407915.000     -434014.000      435914.000     -403773.000      544317.000     -478523.000      430430.000 
-12435  
-1  22  88            2.023         12          11.998         64          64.001          40.853         -35.753     -131598.000       43623.000     -127707.000       48456.000     -137077.000       67216.000     -147642.000       33015.000 
-12435  
-1  12  89            1.250          4           4.298         64          64.003          51.447         -22.889     -471575.000      390589.000     -449846.000      419184.000     -423956.000      528906.000     -493708.000      412097.000 
-12435  
-1  22  90            2.023         12          12.002         64          64.000          40.763         -35.766     -132668.000       40134.000     -129191.000       45494.000     -138764.000       62864.000     -147554.000       29759.000 
-12435  
-1  12  91            1.247          4           4.299         64          64.002          50.915         -22.889     -468804.000      394066.000     -446284.000      422635.000     -420048.000      531823.000     -490592.000      416282.000 
-12435  
-1  22  92            2.020         12          12.002         64          64.004          40.761         -35.748     -131178.000       44974.000     -127353.000       49433.000     -136317.000       68880.000     -147496.000       34617.000 
-12435  
-1  12  93            1.243          4           4.299         64          64.001          51.022         -22.888     -456814.000      408209.000     -433097.000      436066.000     -403353.000      545505.000     -477293.000      430382.000 
-12435  
-1  22  94            2.020         12          11.999         64          64.002          40.729         -35.711     -124232.000       63257.000     -119475.000       68222.000     -125387.000       87661.000     -141422.000       55959.000 
-12435  
-1  12  95            1.257          4           4.299         64          64.001          50.816         -22.891     -447115.000      418572.000     -423758.000      445064.000     -391352.000      553041.000     -467909.000      440826.000 
-12435  
-1  22  96            2.030         12          11.999         64          64.001          41.082         -35.756     -127348.000       54168.000     -123398.000       59077.000     -131516.000       78009.000     -144044.000       45036.000 
-12435  
-1  12  97            1.257          4           4.299         64          64.001          51.156         -22.891     -457527.000      406190.000     -435414.000      434577.000     -405243.000      543176.000     -479232.000      428180.000 
-12435  
-1  22  98            2.027         12          11.999         64          64.002          40.591         -35.748     -125418.000       59007.000     -121234.000       63670.000     -128392.000       83041.000     -142486.000       50361.000 
-12435  
-1  12  99            1.250          4           4.299         64          64.002          50.625         -22.889     -455333.000      409442.000     -432784.000      436762.000     -402260.000      545804.000     -476452.000      431393.000 
-12435  
