-1  22  1           50.890         12          11.838         64          63.990          16.864         -60.049       -3078.000       -6015.000        8082.000        5783.000      -10013.000        1187.000        7921.000       -1962.000 
-12435  
-12435  
-1  22  3           51.070         12          11.802         64          63.979          16.701         -60.078       -1744.000       -6513.000        7652.000        6408.000       -9456.000        -417.000        8632.000       -1179.000 
-12435  
-12435  
-1  22  5           49.987         12          11.880         64          63.974          16.856         -60.058       -2364.000       -6484.000        9165.000        5381.000       -9210.000          25.000        7825.000       -2326.000 
-12435  
-12435  
-1  22  7           48.480         12          11.817         64          63.946          17.020         -59.703       -2405.000       -6045.000        8550.000        6120.000      -10461.000         -61.000        8264.000       -2834.000 
-12435  
-12435  
-1  22  9           51.850         12          11.845         64          64.016          17.223         -59.615       -3261.000       -7386.000        8971.000        5142.000      -10465.000         508.000        7765.000       -1835.000 
-12435  
-12435  
-1  22  11           50.917         12          11.881         64          63.954          16.708         -59.916       -2771.000       -6734.000        7873.000        5973.000      -10000.000       -2045.000        7866.000       -2383.000 
-12435  
-12435  
-1  22  13           48.880         12          11.906         64          64.000          16.808         -60.083       -2788.000       -6429.000        9021.000        6027.000       -9327.000         449.000        7180.000       -2169.000 
-12435  
-12435  
-1  22  15           55.077         12          11.845         64          64.016          16.824         -59.916       -2841.000       -7233.000        7821.000        5540.000       -9283.000       -1095.000        9013.000       -1256.000 
-12435  
-12435  
-1  22  17           51.350         12          11.860         64          64.008          16.730         -60.222       -2198.000       -6332.000        8218.000        6613.000       -8704.000         -70.000        8199.000       -1123.000 
-12435  
-12435  
-1  22  19           51.763         12          11.856         64          63.972          17.354         -59.447       -3043.000       -7654.000        8488.000        6740.000       -9767.000         547.000        8655.000       -1810.000 
-12435  
-12435  
-1  22  21           50.073         12          11.875         64          63.952          16.511         -60.260       -2934.000       -5473.000        8337.000        4763.000       -9509.000        1344.000        8007.000       -3280.000 
-12435  
-12435  
-1  22  23           49.830         12          11.861         64          64.029          16.787         -60.057       -2721.000       -6143.000        7793.000        5835.000       -9817.000         518.000        8217.000       -2836.000 
-12435  
-12435  
-1  22  25           51.033         12          11.850         64          64.013          16.664         -60.079       -3097.000       -6574.000        8208.000        6005.000       -9669.000         855.000        7567.000       -1672.000 
-12435  
-12435  
-1  22  27           48.077         12          11.825         64          63.987          16.844         -59.886       -2779.000       -6380.000        8561.000        5923.000      -10152.000         735.000        7457.000       -2936.000 
-12435  
-12435  
-1  22  29           50.740         12          11.846         64          64.044          16.860         -59.919       -2913.000       -6484.000        8158.000        6671.000       -9975.000        -358.000        7668.000       -1473.000 
-12435  
-12435  
-1  22  31           52.500         12          11.876         64          64.016          16.564         -60.180       -3180.000       -6377.000        8030.000        5887.000       -9321.000          38.000        7961.000       -1783.000 
-12435  
-12435  
-1  22  33           51.243         12          11.876         64          64.039          16.799         -60.100       -3134.000       -5915.000        8345.000        5048.000       -9721.000         785.000        8143.000       -2773.000 
-12435  
-12435  
-1  22  35           47.553         12          11.882         64          64.005          17.400         -59.509       -1811.000       -7086.000        8468.000        5942.000      -10947.000        1134.000        8113.000       -2569.000 
-12435  
-12435  
-1  22  37           50.620         12          11.897         64          63.989          17.039         -59.827       -2741.000       -6833.000        8628.000        6077.000       -9572.000          -2.000        8164.000       -2286.000 
-12435  
-12435  
-1  22  39           48.843         12          11.857         64          64.063          16.999         -59.931       -1637.000       -6430.000        7929.000        6163.000      -10028.000         219.000        8449.000       -2110.000 
-12435  
-12435  
-1  22  41           54.230         12          11.902         64          63.989          17.177         -59.690       -3639.000       -6460.000        9055.000        4844.000       -9694.000        1222.000        8905.000       -2104.000 
-12435  
-12435  
-1  22  43           50.257         12          11.883         64          64.015          16.918         -59.903       -3418.000       -5731.000        8839.000        5336.000      -10073.000         251.000        7811.000       -3117.000 
-12435  
-12435  
-1  22  45           51.270         12          11.863         64          64.007          16.696         -60.128       -3117.000       -5819.000        8247.000        5457.000       -9686.000         912.000        8093.000       -2344.000 
-12435  
-12435  
-1  22  47           51.393         12          11.816         64          64.021          16.620         -60.044       -2568.000       -7333.000        8242.000        6042.000       -9327.000         -48.000        7694.000       -1437.000 
-12435  
-12435  
-1  22  49           47.123         12          11.856         64          63.995          16.311         -60.260       -2525.000       -5973.000        8314.000        5481.000      -10051.000         694.000        6852.000       -2863.000 
-12435  
-12435  
-1  22  51           48.073         12          11.841         64          63.998          16.840         -59.884       -2863.000       -6672.000        8818.000        5797.000       -9550.000         858.000        7492.000       -3556.000 
-12435  
-12435  
-1  22  53           50.347         12          11.879         64          64.010          17.044         -59.800       -3510.000       -6701.000        9472.000        5602.000       -9201.000        1226.000        7688.000       -2746.000 
-12435  
-12435  
-1  22  55           51.733         12          11.899         64          63.971          17.128         -59.827       -2515.000       -6960.000        8030.000        6317.000       -9482.000        -164.000        8750.000       -1846.000 
-12435  
-12435  
-1  22  57           49.503         12          11.878         64          64.002          16.358         -60.342       -1754.000       -6638.000        7130.000        6705.000       -8998.000       -1483.000        7905.000       -1923.000 
-12435  
-12435  
-1  22  59           49.207         12          11.846         64          64.005          16.644         -60.204       -2935.000       -6187.000        9038.000        5334.000       -9032.000        1425.000        7359.000       -2631.000 
-12435  
-12435  
-1  22  61           51.097         12          11.846         64          64.038          16.438         -60.341       -2859.000       -6328.000        8313.000        5386.000       -8484.000         853.000        8101.000       -2774.000 
-12435  
-12435  
-1  22  63           49.780         12          11.855         64          63.974          16.488         -60.310       -2601.000       -6908.000        7883.000        5149.000       -9356.000        1416.000        7452.000       -2491.000 
-12435  
-12435  
-1  22  65           51.760         12          11.864         64          64.008          16.665         -60.206       -3364.000       -6097.000        7611.000        5885.000       -9562.000         375.000        7971.000       -2334.000 
-12435  
-12435  
-1  22  67           51.483         12          11.845         64          64.043          16.860         -59.941       -1939.000       -7114.000        7804.000        5952.000       -9629.000        -879.000        8587.000       -1617.000 
-12435  
-12435  
-1  22  69           48.177         12          11.842         64          63.965          16.891         -59.904       -1200.000       -6285.000        8447.000        6326.000      -10031.000        -133.000        8241.000       -1564.000 
-12435  
-12435  
-1  22  71           51.917         12          11.855         64          63.992          16.854         -60.078       -3123.000       -6362.000        8575.000        5301.000       -9488.000         230.000        7979.000       -2236.000 
-12435  
-12435  
-1  22  73           49.443         12          11.842         64          64.053          16.667         -60.116       -3564.000       -6162.000        9410.000        4713.000       -9175.000        1549.000        7034.000       -3229.000 
-12435  
-12435  
-1  22  75           48.797         12          11.862         64          64.022          16.659         -60.081       -2629.000       -6082.000        9214.000        5194.000       -9097.000        2079.000        7747.000       -2737.000 
-12435  
-12435  
-1  22  77           48.410         12          11.881         64          63.969          16.669         -60.084       -2707.000       -7000.000        8591.000        5351.000       -9642.000        1475.000        7065.000       -2523.000 
-12435  
-12435  
-1  22  79           49.700         12          11.877         64          64.033          16.310         -60.327       -2652.000       -6905.000        7537.000        6149.000       -9446.000          -4.000        7117.000       -2022.000 
-12435  
-12435  
-1  22  81           49.597         12          11.859         64          63.975          17.177         -59.626       -2585.000       -7013.000        8133.000        7477.000       -9598.000        -794.000        8307.000       -2229.000 
-12435  
-12435  
-1  22  83           49.903         12          11.866         64          63.976          17.090         -59.727       -2637.000       -6479.000        8678.000        7130.000       -9971.000        -463.000        7776.000       -1260.000 
-12435  
-12435  
-1  22  85           50.940         12          11.860         64          64.056          16.551         -60.242       -3526.000       -5638.000        9391.000        4615.000       -8918.000         875.000        7442.000       -3113.000 
-12435  
-12435  
-1  22  87           52.620         12          11.808         64          63.987          16.866         -59.863       -4612.000       -4868.000        8859.000        3983.000       -9355.000        2701.000        8402.000       -4652.000 
-12435  
-12435  
-1  22  89           49.070         12          11.845         64          64.021          16.632         -60.306       -2159.000       -5865.000        7994.000        5484.000       -9553.000         980.000        7960.000       -2472.000 
-12435  
-12435  
-1  22  91           50.587         12          11.861         64          63.971          16.951         -59.722       -2516.000       -5974.000        8593.000        6931.000       -9900.000         408.000        8575.000       -1240.000 
-12435  
-12435  
-1  22  93           51.653         12          11.899         64          63.962          16.594         -60.164       -2970.000       -6531.000        8081.000        6266.000       -8841.000         171.000        8126.000       -2052.000 
-12435  
-12435  
-1  22  95           50.143         12          11.857         64          64.010          17.004         -60.002       -3640.000       -5631.000        8654.000        5631.000       -9346.000        1683.000        7936.000       -3369.000 
-12435  
-12435  
-1  22  97           48.290         12          11.845         64          64.016          16.572         -60.192       -2686.000       -5166.000        9561.000        4138.000       -9588.000        1810.000        7377.000       -3235.000 
-12435  
-12435  
-1  22  99           51.560         12          11.854         64          64.019          16.689         -60.155       -3409.000       -5989.000        8420.000        5888.000       -9093.000         873.000        7951.000       -2331.000 
-12435  
