-1  22  1          -56.457         12          12.083         64          63.978          21.059         -55.906        2560.000       13906.000        1610.000      -11119.000       -2448.000       15057.000       11766.000      -10700.000 
-12435  
-1  12  2          -56.357          4           3.593         64          63.981          18.207         -63.714        6964.000         919.000       -3600.000        1220.000        6829.000        2776.000       -2038.000       -3488.000 
-12435  
-1  22  3          -57.167         12          12.056         64          63.990          20.745         -56.037        -435.000       14865.000        3393.000      -10815.000       -4890.000       13289.000       13054.000       -8185.000 
-12435  
-1  12  4          -56.180          4           3.634         64          63.988          18.456         -63.625        6785.000        1396.000       -4108.000         480.000        6379.000        2688.000       -1517.000       -4685.000 
-12435  
-1  22  5          -56.163         12          12.042         64          64.022          21.037         -55.974         592.000       15090.000        3543.000      -10762.000       -4085.000       13480.000       13490.000       -7894.000 
-12435  
-1  12  6          -54.340          4           3.704         64          63.988          18.253         -63.605        6835.000         185.000       -4276.000        1378.000        6616.000        2216.000       -1860.000       -4337.000 
-12435  
-1  22  7          -57.193         12          12.049         64          63.995          20.809         -55.944        2988.000       14787.000        2169.000      -10934.000       -1324.000       14392.000       11317.000      -10762.000 
-12435  
-1  12  8          -55.550          4           3.603         64          63.977          18.375         -63.896        6703.000        -201.000       -4223.000        1414.000        6548.000        1527.000       -2489.000       -3567.000 
-12435  
-1  22  9          -57.950         12          12.057         64          64.012          20.901         -55.762        1470.000       14768.000        2206.000      -11880.000       -2014.000       14413.000       12059.000      -10751.000 
-12435  
-1  12  10          -54.400          4           3.726         64          64.019          18.946         -63.292        7205.000         374.000       -4200.000         912.000        6781.000        3028.000       -2005.000       -4301.000 
-12435  
-1  22  11          -55.930         12          12.058         64          64.003          20.960         -55.776         901.000       14929.000        2925.000      -11749.000       -3504.000       14151.000       13577.000       -8317.000 
-12435  
-1  12  12          -56.793          4           3.525         64          64.004          18.188         -64.021        6085.000         950.000       -3897.000        1219.000        6170.000        2969.000       -2562.000       -4152.000 
-12435  
-1  22  13          -56.490         12          12.061         64          64.003          21.100         -55.851        1444.000       15126.000        2881.000      -11202.000       -3215.000       13741.000       13194.000       -9171.000 
-12435  
-1  12  14          -55.260          4           3.676         64          64.004          18.999         -63.273        7059.000         813.000       -3979.000        1111.000        6812.000        3010.000       -1893.000       -4716.000 
-12435  
-1  22  15          -56.793         12          12.062         64          64.030          21.208         -56.048        2100.000       14141.000        3217.000      -10865.000       -2115.000       14295.000       12074.000       -9908.000 
-12435  
-1  12  16          -54.783          4           3.730         64          64.001          18.326         -63.743        6568.000         292.000       -4143.000        1238.000        6892.000        2411.000       -2127.000       -3715.000 
-12435  
-1  22  17          -56.187         12          12.076         64          64.019          20.914         -55.669        2706.000       14644.000        2556.000      -12485.000       -2039.000       14712.000       11986.000      -10431.000 
-12435  
-1  12  18          -55.747          4           3.688         64          63.985          18.594         -63.474        7088.000          51.000       -4158.000        1320.000        6882.000        2018.000       -2527.000       -3876.000 
-12435  
-1  22  19          -55.873         12          12.054         64          63.998          20.781         -55.830        1206.000       14921.000        2881.000      -11996.000       -4058.000       14103.000       12566.000       -8742.000 
-12435  
-1  12  20          -54.693          4           3.562         64          64.011          18.547         -63.674        6854.000         928.000       -3826.000         824.000        6595.000        3215.000       -1534.000       -4044.000 
-12435  
-1  22  21          -56.527         12          12.070         64          64.008          20.896         -55.789        2962.000       14642.000        1383.000      -11840.000       -1929.000       14636.000       11572.000      -10807.000 
-12435  
-1  12  22          -54.683          4           3.616         64          63.992          18.401         -63.550        6598.000         366.000       -3624.000        1325.000        7071.000        3054.000       -2211.000       -4105.000 
-12435  
-1  22  23          -56.277         12          12.030         64          63.995          21.024         -55.838        1958.000       14638.000        1910.000      -11814.000       -2617.000       14829.000       11973.000       -9645.000 
-12435  
-1  12  24          -55.713          4           3.679         64          63.993          18.572         -63.339        7017.000         527.000       -4113.000        1022.000        6773.000        2793.000       -2417.000       -4425.000 
-12435  
-1  22  25          -57.027         12          12.085         64          63.997          20.823         -56.050        2410.000       14715.000        1134.000      -10965.000       -2173.000       14240.000       11331.000      -10275.000 
-12435  
-1  12  26          -56.613          4           3.604         64          64.047          18.496         -63.567        6854.000         549.000       -3961.000        1408.000        6645.000        2051.000       -2410.000       -4468.000 
-12435  
-1  22  27          -56.133         12          12.051         64          64.033          20.877         -55.953        2844.000       14354.000         898.000      -11360.000       -2418.000       14294.000       11887.000      -10366.000 
-12435  
-1  12  28          -54.020          4           3.722         64          64.026          18.977         -63.191        6866.000         521.000       -4850.000        1081.000        7014.000        2893.000       -1980.000       -4250.000 
-12435  
-1  22  29          -57.113         12          12.091         64          64.013          20.776         -55.984        1376.000       14388.000        2466.000      -11046.000       -1854.000       15617.000       11273.000       -9262.000 
-12435  
-1  12  30          -54.887          4           3.599         64          63.999          18.264         -63.514        6735.000         402.000       -4208.000        1692.000        6677.000        2754.000       -2244.000       -4184.000 
-12435  
-1  22  31          -56.683         12          12.066         64          63.998          20.859         -55.907        1316.000       14294.000        2144.000      -10992.000       -3878.000       14489.000       12596.000       -9819.000 
-12435  
-1  12  32          -54.977          4           3.691         64          63.975          18.672         -63.178        7187.000         421.000       -4415.000        1548.000        6466.000        3113.000       -2376.000       -4610.000 
-12435  
-1  22  33          -57.080         12          12.073         64          64.014          20.790         -55.925        1305.000       14146.000        2039.000      -11425.000       -3290.000       14893.000       11724.000      -10078.000 
-12435  
-1  12  34          -57.487          4           3.672         64          64.022          18.878         -63.302        7258.000         643.000       -4104.000         790.000        6634.000        2272.000       -2868.000       -4459.000 
-12435  
-1  22  35          -56.607         12          12.046         64          63.985          20.650         -56.061         780.000       14348.000        3100.000      -11240.000       -4033.000       13748.000       12492.000       -8914.000 
-12435  
-1  12  36          -54.987          4           3.603         64          63.976          18.149         -63.727        6559.000         509.000       -3867.000        1082.000        6664.000        3031.000       -2186.000       -4035.000 
-12435  
-1  22  37          -57.010         12          12.079         64          63.989          20.869         -55.854        2385.000       14198.000        1228.000      -11503.000       -2184.000       14784.000       11673.000      -10987.000 
-12435  
-1  12  38          -55.037          4           3.688         64          64.032          18.600         -63.441        6886.000         251.000       -3862.000        1554.000        6930.000        2427.000       -2161.000       -4448.000 
-12435  
-1  22  39          -57.560         12          12.081         64          63.993          20.440         -56.071        1145.000       14589.000        3164.000      -10320.000       -2956.000       13894.000       12470.000       -9672.000 
-12435  
-1  12  40          -54.607          4           3.650         64          64.030          18.311         -63.653        6656.000         649.000       -4086.000        1222.000        6572.000        2677.000       -1655.000       -4512.000 
-12435  
-1  22  41          -57.650         12          12.072         64          63.984          21.084         -55.668        1766.000       14395.000        2956.000      -11937.000       -2329.000       14894.000       12015.000      -11149.000 
-12435  
-12435  
-1  22  43          -56.417         12          12.081         64          64.004          20.751         -55.972        2933.000       14875.000        2309.000      -11862.000       -2060.000       14223.000       10756.000      -10065.000 
-12435  
-1  12  44          -54.780          4           3.688         64          64.022          18.176         -63.795        6518.000         351.000       -4103.000        1032.000        6742.000        1944.000       -1755.000       -4377.000 
-12435  
-1  22  45          -56.247         12          12.070         64          64.017          20.696         -55.995         130.000       14185.000        3000.000      -11738.000       -4225.000       14320.000       12582.000       -8120.000 
-12435  
-1  12  46          -56.817          4           3.603         64          63.990          18.525         -63.667        6590.000         782.000       -3941.000        1049.000        7094.000        2347.000       -2403.000       -3692.000 
-12435  
-1  22  47          -56.867         12          12.056         64          63.996          21.025         -55.832         414.000       15007.000        3339.000      -11402.000       -3788.000       14813.000       12261.000       -8661.000 
-12435  
-1  12  48          -54.990          4           3.562         64          64.036          18.097         -63.675        6733.000         601.000       -3919.000        1126.000        6754.000        2890.000       -1975.000       -3934.000 
-12435  
-1  22  49          -56.370         12          12.076         64          63.994          20.709         -55.889        2027.000       15099.000        2702.000      -11665.000       -2602.000       14178.000       11980.000       -9391.000 
-12435  
-1  12  50          -54.910          4           3.644         64          63.986          18.410         -63.516        6884.000         831.000       -4070.000        1131.000        6844.000        2633.000       -1529.000       -4326.000 
-12435  
-1  22  51          -57.220         12          12.075         64          64.000          21.421         -55.743        -332.000       15249.000        3258.000      -11251.000       -4723.000       14733.000       12656.000       -8561.000 
-12435  
-1  12  52          -53.853          4           3.697         64          63.995          18.473         -63.625        6675.000         247.000       -4396.000        1459.000        6717.000        2376.000       -1749.000       -4166.000 
-12435  
-1  22  53          -55.730         12          12.011         64          64.007          20.788         -56.037         944.000       13883.000        2690.000      -11319.000       -5150.000       13654.000       12929.000       -8863.000 
-12435  
-1  12  54          -54.550          4           3.519         64          64.026          18.164         -63.776        6665.000         695.000       -4037.000         874.000        6676.000        2880.000       -1692.000       -3854.000 
-12435  
-1  22  55          -56.827         12          12.061         64          64.013          20.704         -55.990          42.000       14734.000        2895.000      -10954.000       -4012.000       14370.000       12708.000       -8161.000 
-12435  
-1  12  56          -55.070          4           3.636         64          63.985          18.478         -63.572        7071.000         237.000       -3833.000        1279.000        7103.000        1812.000       -1757.000       -3966.000 
-12435  
-1  22  57          -55.907         12          12.077         64          63.999          20.875         -56.006        1050.000       14634.000        2707.000      -12126.000       -3551.000       13598.000       12481.000       -8388.000 
-12435  
-1  12  58          -55.520          4           3.624         64          64.016          18.289         -63.647        6594.000         405.000       -4049.000        1110.000        6621.000        2543.000       -2390.000       -4389.000 
-12435  
-1  22  59          -55.650         12          12.090         64          63.968          20.627         -55.907        2015.000       14495.000        2132.000      -11410.000       -3367.000       15046.000       11881.000       -9156.000 
-12435  
-1  12  60          -54.983          4           3.710         64          64.041          18.677         -63.392        6716.000         297.000       -3869.000        1181.000        7149.000        2643.000       -2286.000       -4463.000 
-12435  
-1  22  61          -57.060         12          12.055         64          63.995          20.850         -55.980        1482.000       15232.000        2978.000      -11790.000       -3138.000       13538.000       11490.000       -9526.000 
-12435  
-1  12  62          -55.633          4           3.596         64          64.018          18.418         -63.671        6665.000         946.000       -4054.000         585.000        7028.000        2346.000       -1663.000       -4005.000 
-12435  
-1  22  63          -56.990         12          12.064         64          63.994          20.847         -55.887        2029.000       14936.000        1700.000      -11539.000       -2895.000       14605.000       11219.000      -10220.000 
-12435  
-1  12  64          -57.273          4           3.606         64          63.989          18.384         -63.509        6429.000        1334.000       -3965.000        1271.000        7011.000        2898.000       -2345.000       -4177.000 
-12435  
-1  22  65          -56.617         12          12.095         64          63.994          20.872         -55.863        1888.000       14571.000        1245.000      -11364.000       -2439.000       13917.000       13189.000       -9978.000 
-12435  
-1  12  66          -55.657          4           3.638         64          64.018          18.449         -63.506        6915.000         591.000       -4241.000         643.000        6746.000        2127.000       -2000.000       -4522.000 
-12435  
-1  22  67          -56.270         12          12.068         64          64.008          20.878         -56.135        1417.000       13789.000        1995.000      -11330.000       -3174.000       14747.000       11548.000       -9203.000 
-12435  
-1  12  68          -55.780          4           3.668         64          64.002          18.532         -63.385        6867.000         694.000       -4392.000         747.000        6820.000        2257.000       -2096.000       -4642.000 
-12435  
-1  22  69          -57.547         12          12.057         64          64.007          20.641         -55.918        2390.000       14254.000        2498.000      -11518.000       -1077.000       14797.000       11149.000      -10825.000 
-12435  
-1  12  70          -55.670          4           3.639         64          64.042          18.447         -63.489        6999.000         607.000       -3884.000        1326.000        7009.000        2254.000       -1916.000       -4188.000 
-12435  
-1  22  71          -56.400         12          12.066         64          64.002          21.008         -55.837         883.000       14534.000        3535.000      -11105.000       -3449.000       14369.000       13463.000       -8785.000 
-12435  
-1  12  72          -55.450          4           3.673         64          63.994          18.407         -63.442        6671.000         524.000       -4161.000        1747.000        6929.000        2595.000       -2370.000       -4200.000 
-12435  
-1  22  73          -55.003         12          12.064         64          63.991          20.680         -56.094        1973.000       13933.000        3430.000      -11623.000       -4169.000       13936.000       12042.000       -8706.000 
-12435  
-1  12  74          -55.660          4           3.619         64          64.019          18.428         -63.661        6690.000         762.000       -3891.000        1105.000        6958.000        2265.000       -1768.000       -4212.000 
-12435  
-1  22  75          -55.913         12          12.093         64          64.002          20.640         -55.962         306.000       14495.000        3007.000      -11611.000       -4455.000       14709.000       12197.000       -7893.000 
-12435  
-1  12  76          -54.393          4           3.714         64          64.000          18.926         -63.329        7171.000         634.000       -4410.000        1367.000        6905.000        2877.000       -1740.000       -3848.000 
-12435  
-1  22  77          -56.837         12          12.066         64          63.992          21.069         -55.693        2253.000       15317.000        2071.000      -11422.000       -2834.000       14626.000       12163.000      -10405.000 
-12435  
-1  12  78          -55.533          4           3.662         64          64.005          18.321         -63.848        6949.000         595.000       -4206.000        1328.000        6457.000        2289.000       -1923.000       -3413.000 
-12435  
-1  22  79          -56.007         12          12.049         64          63.998          21.285         -55.890        1256.000       14366.000        2594.000      -11689.000       -3939.000       15096.000       11764.000       -9036.000 
-12435  
-1  12  80          -53.950          4           3.643         64          64.010          18.560         -63.808        6077.000         523.000       -4564.000         989.000        6629.000        2309.000       -1695.000       -4519.000 
-12435  
-1  22  81          -57.567         12          12.058         64          64.011          21.070         -55.767        3248.000       14632.000        1438.000      -11393.000       -2350.000       14846.000       10436.000      -12115.000 
-12435  
-1  12  82          -54.447          4           3.677         64          64.006          18.474         -63.509        6531.000         310.000       -4138.000        1102.000        7201.000        2353.000       -1995.000       -4300.000 
-12435  
-1  22  83          -56.303         12          12.085         64          63.987          20.722         -56.076        1181.000       14297.000        2998.000      -11013.000       -3239.000       14099.000       12612.000       -8729.000 
-12435  
-1  12  84          -55.457          4           3.697         64          63.987          19.019         -63.396        7022.000         829.000       -4210.000        1443.000        6705.000        2371.000       -1689.000       -4630.000 
-12435  
-1  22  85          -56.237         12          12.073         64          63.983          20.986         -55.899        2589.000       14351.000        3252.000      -10944.000       -2937.000       15146.000       11417.000      -10086.000 
-12435  
-1  12  86          -53.770          4           3.697         64          63.980          18.523         -63.570        6261.000         214.000       -4109.000        1350.000        7055.000        2620.000       -2063.000       -4488.000 
-12435  
-1  22  87          -56.913         12          12.063         64          63.987          20.806         -55.873         614.000       14125.000        3812.000      -10824.000       -3720.000       14883.000       12932.000       -9155.000 
-12435  
-1  12  88          -57.027          4           3.631         64          63.973          18.553         -63.423        6908.000         828.000       -4479.000        1444.000        6700.000        2694.000       -2738.000       -3684.000 
-12435  
-1  22  89          -56.670         12          12.063         64          64.011          20.680         -55.915        1681.000       14591.000        2149.000      -11112.000       -2661.000       14738.000       12251.000       -9587.000 
-12435  
-1  12  90          -56.280          4           3.620         64          63.999          18.925         -63.363        6877.000        1494.000       -4263.000        1044.000        7122.000        2298.000       -1295.000       -4393.000 
-12435  
-1  22  91          -56.370         12          12.078         64          64.011          20.862         -55.773         140.000       14473.000        3533.000      -12543.000       -3397.000       14088.000       13384.000       -8274.000 
-12435  
-1  12  92          -54.400          4           3.670         64          64.042          18.440         -63.429        6764.000         613.000       -4229.000         474.000        6493.000        3125.000       -1856.000       -4895.000 
-12435  
-1  22  93          -55.553         12          12.079         64          64.018          20.603         -56.054        1675.000       14537.000        3184.000      -11222.000       -3028.000       14313.000       12327.000       -8263.000 
-12435  
-1  12  94          -55.503          4           3.671         64          63.961          18.535         -63.524        7033.000         611.000       -3852.000         933.000        6528.000        2617.000       -1964.000       -4648.000 
-12435  
-1  22  95          -56.583         12          12.072         64          63.994          20.837         -55.784        2112.000       15476.000        1552.000      -11421.000       -2281.000       15127.000       11553.000       -9512.000 
-12435  
-1  12  96          -56.130          4           3.547         64          63.982          18.265         -63.642        6504.000         782.000       -3945.000        1031.000        7017.000        2360.000       -2123.000       -4227.000 
-12435  
-1  22  97          -56.657         12          12.069         64          63.978          20.948         -55.758        2289.000       14630.000        3165.000      -11422.000       -3439.000       14822.000       11687.000      -10579.000 
-12435  
-1  12  98          -54.563          4           3.672         64          63.975          18.547         -63.588        6672.000         357.000       -3727.000        1065.000        6882.000        3048.000       -2111.000       -4200.000 
-12435  
-1  22  99          -56.430         12          12.089         64          63.981          20.774         -55.801        2263.000       14751.000        2584.000      -11487.000       -3457.000       14692.000       11711.000      -10263.000 
-12435  
