-1  12  1          -35.003          4           4.387         64          63.989          25.089         -56.848        9867.000      -13000.000       -2068.000      -10227.000         898.000        3270.000       16195.000       -2087.000 
-12435  
-1  22  2          -26.983         12          12.014         64          64.005          38.515         -37.974      -79879.000       66388.000       64561.000       68729.000       89956.000      -94778.000      -80004.000      -85234.000 
-12435  
-1  12  3          -34.993          4           4.398         64          64.000          25.146         -56.886        9508.000      -13244.000       -2224.000       -9987.000        1153.000        3888.000       15915.000       -2733.000 
-12435  
-1  22  4          -26.983         12          12.015         64          64.009          38.634         -37.936      -74387.000       72820.000       70494.000       63476.000       82056.000     -101884.000      -87546.000      -79034.000 
-12435  
-1  12  5          -35.233          4           4.396         64          64.011          24.963         -56.986        8303.000      -14071.000       -3415.000       -9523.000        1142.000        3942.000       14953.000       -4824.000 
-12435  
-1  22  6          -26.980         12          12.019         64          64.004          38.711         -37.942      -69902.000       76608.000       73257.000       59526.000       76906.000     -106718.000      -91299.000      -74125.000 
-12435  
-1  12  7          -35.020          4           4.401         64          63.990          25.005         -56.912        7696.000      -15037.000       -4390.000       -9176.000        1926.000        3443.000       14673.000       -4913.000 
-12435  
-1  22  8          -26.987         12          12.015         64          63.997          38.914         -37.937      -67964.000       78332.000       74232.000       57790.000       75041.000     -108131.000      -93905.000      -71429.000 
-12435  
-1  12  9          -35.123          4           4.399         64          63.995          24.931         -56.975        8106.000      -14165.000       -3196.000       -9709.000        1284.000        3191.000       15280.000       -4304.000 
-12435  
-1  22  10          -26.993         12          12.018         64          63.997          38.578         -37.924      -61411.000       84611.000       80271.000       50106.000       62842.000     -115199.000      -99841.000      -62683.000 
-12435  
-1  12  11          -35.247          4           4.406         64          64.011          24.981         -56.821        9560.000      -14027.000       -3317.000      -10175.000        1171.000        3204.000       15216.000       -3425.000 
-12435  
-1  22  12          -26.987         12          12.014         64          64.002          38.497         -37.952      -65361.000       80733.000       77075.000       54934.000       69909.000     -110510.000      -96009.000      -67899.000 
-12435  
-1  12  13          -35.430          4           4.394         64          64.004          25.018         -56.783        9837.000      -13966.000       -3025.000      -10024.000         854.000        3247.000       15402.000       -3652.000 
-12435  
-1  22  14          -26.980         12          12.015         64          64.007          38.676         -37.931      -71896.000       75437.000       72071.000       61156.000       79190.000     -104418.000      -90165.000      -76349.000 
-12435  
-1  12  15          -35.413          4           4.401         64          64.008          25.034         -56.906        8419.000      -14352.000       -3372.000       -9284.000        1026.000        3448.000       15234.000       -5030.000 
-12435  
-1  22  16          -26.993         12          12.016         64          64.005          38.572         -37.956      -71558.000       75006.000       72388.000       60992.000       78343.000     -104916.000      -90444.000      -74790.000 
-12435  
-1  12  17          -35.237          4           4.405         64          63.996          25.072         -56.945        8489.000      -14122.000       -3507.000       -9459.000        1876.000        3354.000       15246.000       -4312.000 
-12435  
-1  22  18          -27.007         12          12.016         64          64.000          38.850         -37.967      -73687.000       73698.000       70676.000       61843.000       79161.000     -103399.000      -89336.000      -76691.000 
-12435  
-1  12  19          -35.380          4           4.397         64          64.001          25.091         -56.931        8888.000      -14037.000       -3083.000       -9491.000        1671.000        3242.000       15331.000       -4139.000 
-12435  
-1  22  20          -26.990         12          12.017         64          63.997          38.850         -37.976      -59108.000       85236.000       81144.000       48306.000       60522.000     -115696.000     -100233.000      -60188.000 
-12435  
-1  12  21          -35.360          4           4.392         64          64.009          24.934         -57.086        9433.000      -13052.000       -3332.000       -9965.000         849.000        3025.000       15087.000       -3370.000 
-12435  
-1  22  22          -26.990         12          12.021         64          64.003          38.386         -37.936      -60848.000       84289.000       80887.000       50057.000       62482.000     -114726.000     -100146.000      -62570.000 
-12435  
-1  12  23          -35.400          4           4.381         64          63.996          25.294         -56.878        9503.000      -13899.000       -3157.000      -10425.000         942.000        3332.000       14847.000       -3785.000 
-12435  
-1  22  24          -27.000         12          12.019         64          64.000          38.700         -37.966      -73932.000       72953.000       70172.000       62768.000       80315.000     -102548.000      -88692.000      -77662.000 
-12435  
-1  12  25          -35.453          4           4.406         64          63.991          25.255         -56.835        8914.000      -14397.000       -3615.000       -9467.000        1477.000        3356.000       15193.000       -4655.000 
-12435  
-1  22  26          -26.993         12          12.015         64          63.998          38.750         -37.931      -72676.000       74669.000       72269.000       62267.000       78876.000     -104432.000      -89756.000      -76037.000 
-12435  
-1  12  27          -35.123          4           4.392         64          63.998          25.198         -56.744        8538.000      -14594.000       -3355.000      -10101.000        1920.000        3427.000       15400.000       -4182.000 
-12435  
-1  22  28          -26.997         12          12.017         64          64.000          38.624         -37.968      -72959.000       73199.000       70518.000       61913.000       80308.000     -102814.000      -89407.000      -77383.000 
-12435  
-1  12  29          -35.197          4           4.379         64          64.003          25.212         -56.735        8777.000      -14244.000       -3433.000      -10073.000        1630.000        3066.000       15790.000       -4010.000 
-12435  
-1  22  30          -26.983         12          12.018         64          64.003          38.714         -37.981      -68915.000       76955.000       73094.000       58645.000       75099.000     -106923.000      -92145.000      -72930.000 
-12435  
-1  12  31          -35.170          4           4.407         64          63.994          25.176         -56.904        8943.000      -13851.000       -3288.000       -9841.000        1684.000        3443.000       15397.000       -3726.000 
-12435  
-1  22  32          -26.993         12          12.017         64          63.997          38.805         -37.985      -66594.000       78888.000       76399.000       55079.000       70343.000     -109484.000      -94898.000      -69442.000 
-12435  
-1  12  33          -35.083          4           4.395         64          63.997          25.022         -57.163        8758.000      -13291.000       -3137.000      -10113.000        1146.000        3314.000       14788.000       -3361.000 
-12435  
-1  22  34          -26.987         12          12.019         64          64.002          38.574         -37.964      -73906.000       72737.000       70512.000       62742.000       81377.000     -101286.000      -88010.000      -79072.000 
-12435  
-1  12  35          -35.397          4           4.411         64          64.030          24.975         -56.809        9362.000      -13744.000       -3141.000      -10164.000        1261.000        3351.000       15537.000       -3914.000 
-12435  
-1  22  36          -26.997         12          12.018         64          64.005          38.818         -37.947      -67220.000       79216.000       77320.000       54819.000       70614.000     -110277.000      -94974.000      -69169.000 
-12435  
-1  12  37          -35.043          4           4.404         64          63.998          25.308         -57.007        7846.000      -14371.000       -3681.000       -9300.000        1375.000        3188.000       15146.000       -4505.000 
-12435  
-1  22  38          -27.000         12          12.015         64          64.003          38.448         -37.960      -73217.000       73742.000       70675.000       61760.000       79917.000     -103077.000      -89737.000      -76865.000 
-12435  
-1  12  39          -35.197          4           4.397         64          64.004          25.095         -56.844        8059.000      -14508.000       -3488.000       -9576.000        1529.000        3440.000       15392.000       -4860.000 
-12435  
-1  22  40          -26.977         12          12.016         64          64.000          38.575         -37.973      -74951.000       70114.000       68534.000       65315.000       84049.000      -99594.000      -85315.000      -81680.000 
-12435  
-1  12  41          -35.127          4           4.402         64          64.005          25.023         -56.963        8262.000      -14205.000       -3358.000       -9790.000        1965.000        3322.000       15070.000       -4144.000 
-12435  
-1  22  42          -26.990         12          12.019         64          64.001          38.450         -37.977      -70209.000       76279.000       72955.000       59213.000       75375.000     -106422.000      -91429.000      -73790.000 
-12435  
-1  12  43          -34.863          4           4.405         64          64.012          25.143         -56.910        9242.000      -13905.000       -3315.000       -9626.000         767.000        3625.000       15440.000       -3097.000 
-12435  
-1  22  44          -26.977         12          12.018         64          64.000          38.390         -37.957      -62633.000       81617.000       77757.000       53134.000       67065.000     -112042.000      -98020.000      -67087.000 
-12435  
-1  12  45          -35.453          4           4.420         64          64.016          25.202         -56.813        9088.000      -14359.000       -2613.000      -10282.000         919.000        2498.000       15351.000       -3837.000 
-12435  
-1  22  46          -26.987         12          12.020         64          64.006          38.676         -37.988      -61022.000       82616.000       79253.000       51219.000       64903.000     -112572.000      -99285.000      -63686.000 
-12435  
-1  12  47          -35.573          4           4.409         64          63.988          25.200         -56.827        9227.000      -14253.000       -3389.000       -9922.000        1266.000        3112.000       15084.000       -4430.000 
-12435  
-1  22  48          -26.993         12          12.021         64          64.000          38.741         -37.931      -55150.000       87754.000       82960.000       46091.000       55656.000     -118561.000     -104304.000      -56055.000 
-12435  
-1  12  49          -35.460          4           4.393         64          64.000          25.108         -56.885        9248.000      -14056.000       -3863.000       -9451.000        1038.000        2990.000       15250.000       -4239.000 
-12435  
-1  22  50          -27.003         12          12.016         64          64.003          38.960         -37.974      -69972.000       76886.000       73761.000       58678.000       74027.000     -106534.000      -92723.000      -72797.000 
-12435  
-1  12  51          -34.447          4           4.378         64          63.983          25.477         -56.733        8339.000      -15197.000       -3633.000       -9543.000        1793.000        4036.000       15339.000       -3374.000 
-12435  
-1  22  52          -26.990         12          12.018         64          64.002          38.789         -37.953      -68841.000       78627.000       74373.000       58399.000       74319.000     -107326.000      -93241.000      -71127.000 
-12435  
-1  12  53          -35.323          4           4.406         64          64.001          24.875         -57.040        9179.000      -13750.000       -2935.000       -9631.000        1347.000        3394.000       14952.000       -3691.000 
-12435  
-1  22  54          -26.990         12          12.021         64          64.001          38.601         -37.913      -70862.000       76316.000       73991.000       59470.000       76494.000     -106621.000      -91859.000      -74927.000 
-12435  
-1  12  55          -34.840          4           4.386         64          64.016          25.030         -56.971        8468.000      -14287.000       -3397.000       -9628.000        1521.000        3879.000       14966.000       -3722.000 
-12435  
-1  22  56          -26.990         12          12.014         64          63.997          38.652         -37.947      -68163.000       77581.000       74148.000       57670.000       73543.000     -108744.000      -93806.000      -72198.000 
-12435  
-1  12  57          -35.390          4           4.366         64          64.000          24.808         -57.149        8499.000      -14049.000       -3405.000       -9504.000        1144.000        3001.000       14464.000       -4317.000 
-12435  
-1  22  58          -26.993         12          12.017         64          64.002          38.625         -37.945      -56418.000       86703.000       82569.000       46121.000       57107.000     -117656.000     -103401.000      -57630.000 
-12435  
-1  12  59          -35.377          4           4.396         64          63.999          25.131         -56.892        9060.000      -13780.000       -3163.000       -9677.000         946.000        3310.000       15559.000       -4162.000 
-12435  
-1  22  60          -26.980         12          12.017         64          64.002          38.423         -37.948      -72436.000       73732.000       71255.000       62048.000       80632.000     -103774.000      -88676.000      -77281.000 
-12435  
-1  12  61          -35.083          4           4.385         64          63.996          25.039         -56.950        9072.000      -13719.000       -2995.000       -9734.000        1268.000        3685.000       15384.000       -3497.000 
-12435  
-1  22  62          -26.993         12          12.014         64          64.004          38.753         -37.979      -72198.000       74421.000       71855.000       61484.000       77916.000     -103986.000      -89494.000      -75976.000 
-12435  
-1  12  63          -35.013          4           4.400         64          63.993          25.051         -56.804        8525.000      -14460.000       -3728.000       -9646.000        1355.000        3919.000       15333.000       -4374.000 
-12435  
-1  22  64          -26.977         12          12.021         64          63.999          38.658         -37.965      -66360.000       78372.000       74461.000       57788.000       73183.000     -108643.000      -94258.000      -71053.000 
-12435  
-1  12  65          -35.130          4           4.394         64          63.994          25.099         -56.936        8782.000      -13979.000       -3260.000       -9987.000        1160.000        3269.000       15203.000       -3777.000 
-12435  
-1  22  66          -26.987         12          12.018         64          64.002          38.823         -37.976      -67012.000       79171.000       75585.000       56054.000       72436.000     -108179.000      -94386.000      -70178.000 
-12435  
-1  12  67          -35.010          4           4.392         64          64.012          24.813         -56.887        8708.000      -14578.000       -3824.000       -9709.000        1372.000        3417.000       14891.000       -3888.000 
-12435  
-1  22  68          -26.983         12          12.017         64          64.000          38.489         -37.956      -66138.000       78886.000       75664.000       56320.000       72197.000     -110011.000      -94564.000      -69822.000 
-12435  
-1  12  69          -35.143          4           4.391         64          63.999          25.042         -57.043        8291.000      -13916.000       -3393.000       -9646.000        1334.000        3339.000       15074.000       -4203.000 
-12435  
-1  22  70          -26.993         12          12.016         64          63.998          38.715         -37.944      -68456.000       78671.000       75028.000       57393.000       71993.000     -108351.000      -94029.000      -72130.000 
-12435  
-1  12  71          -35.260          4           4.396         64          63.979          25.414         -56.875        9090.000      -13982.000       -3273.000       -9862.000        1406.000        2736.000       15534.000       -3541.000 
-12435  
-1  22  72          -26.970         12          12.023         64          64.001          38.657         -37.939      -69185.000       77582.000       74084.000       59413.000       75452.000     -107054.000      -91663.000      -73797.000 
-12435  
-1  12  73          -35.073          4           4.383         64          64.012          25.054         -56.911        8101.000      -14452.000       -3324.000      -10086.000         845.000        3195.000       15064.000       -4355.000 
-12435  
-1  22  74          -26.977         12          12.015         64          64.002          38.622         -37.967      -68362.000       77940.000       74796.000       58233.000       74118.000     -107376.000      -92315.000      -72276.000 
-12435  
-1  12  75          -34.983          4           4.402         64          64.017          24.880         -56.982        8407.000      -14105.000       -3865.000       -9643.000        1586.000        3062.000       15167.000       -3747.000 
-12435  
-1  22  76          -26.983         12          12.017         64          64.005          38.571         -37.969      -72339.000       73914.000       71483.000       61636.000       79427.000     -103619.000      -88875.000      -77014.000 
-12435  
-1  12  77          -34.983          4           4.388         64          64.011          25.104         -56.842        8704.000      -14315.000       -3419.000      -10192.000        1534.000        3484.000       15164.000       -3699.000 
-12435  
-1  22  78          -26.977         12          12.017         64          63.999          38.603         -37.976      -66038.000       78470.000       75978.000       56306.000       70862.000     -109336.000      -94463.000      -70942.000 
-12435  
-1  12  79          -35.033          4           4.384         64          63.999          25.638         -56.758        8862.000      -14527.000       -3031.000       -9903.000        1459.000        3331.000       15611.000       -3659.000 
-12435  
-1  22  80          -27.000         12          12.015         64          64.003          38.676         -37.978      -75762.000       70351.000       68090.000       64043.000       83519.000     -101070.000      -85921.000      -79850.000 
-12435  
-1  12  81          -35.277          4           4.390         64          64.000          24.897         -57.027        8657.000      -13834.000       -2838.000       -9600.000        1047.000        3224.000       15253.000       -4037.000 
-12435  
-1  22  82          -26.987         12          12.013         64          64.002          38.626         -37.955      -59330.000       84567.000       80888.000       49210.000       61428.000     -115099.000     -100866.000      -61723.000 
-12435  
-1  12  83          -35.490          4           4.399         64          64.014          25.059         -56.815        9161.000      -13894.000       -3456.000       -9866.000        1295.000        2858.000       15645.000       -4181.000 
-12435  
-1  22  84          -26.983         12          12.014         64          64.003          38.709         -37.952      -73628.000       73068.000       70308.000       63235.000       81596.000     -102138.000      -87929.000      -78450.000 
-12435  
-1  12  85          -34.920          4           4.390         64          64.010          25.308         -56.925        7956.000      -14855.000       -3590.000       -9324.000        1232.000        3453.000       15016.000       -4381.000 
-12435  
-1  22  86          -26.990         12          12.016         64          64.006          39.130         -37.959      -72116.000       73759.000       71608.000       61125.000       79369.000     -103928.000      -89786.000      -76957.000 
-12435  
-1  12  87          -35.023          4           4.395         64          63.992          25.173         -56.867        9062.000      -13973.000       -3113.000       -9825.000        1212.000        3390.000       15577.000       -3378.000 
-12435  
-1  22  88          -26.980         12          12.020         64          63.999          38.619         -37.939      -65295.000       81596.000       77010.000       54389.000       69714.000     -110302.000      -96377.000      -68585.000 
-12435  
-1  12  89          -35.067          4           4.397         64          63.995          25.372         -56.859        8730.000      -14194.000       -3616.000       -9447.000        1308.000        3865.000       15413.000       -4194.000 
-12435  
-1  22  90          -26.990         12          12.019         64          64.002          38.680         -37.956      -67910.000       78493.000       75233.000       57326.000       72702.000     -108154.000      -93992.000      -71328.000 
-12435  
-1  12  91          -34.937          4           4.396         64          64.013          25.096         -56.912        8558.000      -14538.000       -3543.000       -9731.000         696.000        3137.000       15085.000       -3768.000 
-12435  
-1  22  92          -26.977         12          12.019         64          64.005          38.527         -37.978      -59066.000       84589.000       80558.000       48660.000       61372.000     -115247.000      -99888.000      -61978.000 
-12435  
-1  12  93          -35.380          4           4.407         64          63.999          25.215         -56.817        8675.000      -14141.000       -3598.000       -9753.000        1897.000        2992.000       15584.000       -4413.000 
-12435  
-1  22  94          -26.997         12          12.018         64          64.004          38.568         -37.943      -67981.000       77588.000       75445.000       58157.000       73263.000     -108398.000      -94424.000      -70932.000 
-12435  
-1  12  95          -34.857          4           4.401         64          63.999          25.504         -56.780        8662.000      -14402.000       -3697.000       -9955.000        1697.000        3815.000       15398.000       -3745.000 
-12435  
-1  22  96          -26.993         12          12.017         64          64.001          38.728         -37.987      -75686.000       69704.000       67855.000       64891.000       84985.000      -99167.000      -85599.000      -80520.000 
-12435  
-1  12  97          -35.367          4           4.396         64          64.021          25.121         -56.861        8950.000      -13711.000       -3297.000       -9952.000        1401.000        3418.000       15556.000       -4232.000 
-12435  
-1  22  98          -26.983         12          12.016         64          64.001          38.731         -37.980      -68560.000       78124.000       74363.000       57448.000       74075.000     -107239.000      -92531.000      -71898.000 
-12435  
-1  12  99          -35.120          4           4.389         64          63.999          24.848         -57.034        8576.000      -13915.000       -3760.000       -9684.000        1063.000        3493.000       14853.000       -4121.000 
-12435  
