-1  12  1           29.180          4           4.307         64          64.009          34.078         -47.891        9338.000      -23323.000       30457.000       30554.000      -28898.000       31002.000      -12987.000      -26125.000 
-12435  
-1  22  2           33.953         12          11.928         64          64.006          38.895         -37.798       60604.000      -81575.000       70125.000      101335.000     -107444.000       38830.000       18591.000     -116571.000 
-12435  
-1  12  3           29.257          4           4.301         64          64.005          34.087         -47.848        7563.000      -24154.000       32265.000       27955.000      -27281.000       32812.000      -15710.000      -25674.000 
-12435  
-1  22  4           33.957         12          11.926         64          64.002          38.998         -37.795       65489.000      -77228.000       63087.000      105276.000     -110086.000       31678.000       26087.000     -115864.000 
-12435  
-1  12  5           29.273          4           4.305         64          64.000          34.200         -47.799        5704.000      -25274.000       34467.000       25646.000      -25377.000       34653.000      -17541.000      -24076.000 
-12435  
-1  22  6           33.973         12          11.925         64          63.997          38.953         -37.785       47739.000      -89712.000       85034.000       88193.000     -100812.000       55188.000        1111.000     -118802.000 
-12435  
-1  12  7           29.237          4           4.303         64          63.999          34.100         -47.814        8002.000      -24244.000       32123.000       28467.000      -26939.000       33121.000      -15537.000      -25932.000 
-12435  
-1  22  8           33.963         12          11.926         64          63.998          38.698         -37.820       61338.000      -80914.000       68607.000      101301.000     -107599.000       38140.000       20192.000     -116273.000 
-12435  
-1  12  9           29.080          4           4.299         64          64.001          34.220         -47.850        9701.000      -23592.000       30446.000       30308.000      -29040.000       31288.000      -14044.000      -25939.000 
-12435  
-1  22  10           33.930         12          11.924         64          64.002          39.000         -37.792       66088.000      -76784.000       63585.000      105518.000     -110143.000       31611.000       25801.000     -115525.000 
-12435  
-1  12  11           29.123          4           4.300         64          64.002          34.168         -47.824        8649.000      -23796.000       30864.000       29639.000      -28791.000       32001.000      -14828.000      -25966.000 
-12435  
-1  22  12           33.967         12          11.924         64          64.004          38.994         -37.801       69581.000      -74455.000       58088.000      107909.000     -111098.000       27281.000       32326.000     -113701.000 
-12435  
-1  12  13           29.240          4           4.300         64          64.002          34.179         -47.864        7780.000      -24211.000       31761.000       28423.000      -27240.000       32803.000      -15299.000      -25602.000 
-12435  
-1  22  14           33.970         12          11.925         64          64.002          38.953         -37.800       61116.000      -81067.000       69239.000      100985.000     -109106.000       37953.000       20192.000     -115897.000 
-12435  
-1  12  15           29.183          4           4.300         64          64.004          34.058         -47.832        6894.000      -24356.000       32923.000       27363.000      -26653.000       33855.000      -16098.000      -24904.000 
-12435  
-1  22  16           33.963         12          11.928         64          63.998          39.235         -37.746       52973.000      -88128.000       79586.000       94478.000     -103784.000       48992.000        7458.000     -118674.000 
-12435  
-1  12  17           29.107          4           4.301         64          64.006          34.312         -47.791        7312.000      -24144.000       33163.000       27925.000      -26772.000       33354.000      -16603.000      -25257.000 
-12435  
-1  22  18           33.950         12          11.925         64          63.998          38.769         -37.770       59395.000      -84165.000       73461.000       98606.000     -107196.000       41703.000       14753.000     -116919.000 
-12435  
-1  12  19           29.297          4           4.304         64          63.998          34.359         -47.743        7404.000      -24565.000       32902.000       28452.000      -27088.000       33118.000      -16012.000      -26083.000 
-12435  
-1  22  20           33.970         12          11.928         64          63.998          38.933         -37.791       52089.000      -87313.000       80402.000       93056.000     -103181.000       49897.000        7324.000     -118048.000 
-12435  
-1  12  21           29.230          4           4.300         64          64.002          34.246         -47.775        7712.000      -24212.000       32490.000       29178.000      -27733.000       32358.000      -15334.000      -25961.000 
-12435  
-1  22  22           33.953         12          11.923         64          64.002          38.934         -37.782       62794.000      -79706.000       67793.000      103529.000     -108475.000       36043.000       21947.000     -116361.000 
-12435  
-1  12  23           29.150          4           4.300         64          64.001          34.060         -47.815        8337.000      -23750.000       32121.000       29268.000      -28486.000       31976.000      -14586.000      -25710.000 
-12435  
-1  22  24           33.967         12          11.927         64          64.003          38.733         -37.776       59963.000      -82216.000       71366.000      100595.000     -108086.000       39681.000       18193.000     -116671.000 
-12435  
-1  12  25           29.180          4           4.300         64          64.006          34.054         -47.850        8836.000      -23792.000       31697.000       28992.000      -28730.000       31492.000      -14690.000      -25796.000 
-12435  
-1  22  26           33.967         12          11.927         64          64.003          38.759         -37.782       67306.000      -77151.000       61457.000      106516.000     -110166.000       29969.000       28197.000     -115180.000 
-12435  
-1  12  27           29.227          4           4.312         64          64.003          34.163         -47.801        7209.000      -24579.000       33270.000       27816.000      -26404.000       33411.000      -16116.000      -25243.000 
-12435  
-1  22  28           33.963         12          11.928         64          64.005          38.741         -37.781       54357.000      -86990.000       77543.000       95423.000     -104413.000       47909.000        9991.000     -117337.000 
-12435  
-1  12  29           29.190          4           4.304         64          64.002          34.251         -47.853        7715.000      -24219.000       31891.000       27923.000      -26904.000       33387.000      -15938.000      -25483.000 
-12435  
-1  22  30           33.973         12          11.927         64          64.001          38.889         -37.795       69538.000      -74018.000       57536.000      108421.000     -111404.000       25456.000       32837.000     -114106.000 
-12435  
-1  12  31           29.177          4           4.307         64          63.998          34.139         -47.845        8264.000      -24437.000       31820.000       28311.000      -27812.000       32621.000      -15503.000      -25222.000 
-12435  
-1  22  32           33.970         12          11.929         64          64.000          39.045         -37.792       69331.000      -74940.000       58617.000      108158.000     -111546.000       26360.000       31785.000     -113473.000 
-12435  
-1  12  33           29.177          4           4.300         64          64.006          33.929         -47.832        8270.000      -24092.000       31393.000       29116.000      -28183.000       32286.000      -15097.000      -25735.000 
-12435  
-1  22  34           33.973         12          11.923         64          64.002          38.950         -37.812       66675.000      -76290.000       62182.000      105686.000     -110287.000       30839.000       28810.000     -114391.000 
-12435  
-1  12  35           29.133          4           4.298         64          63.999          34.449         -47.847        8673.000      -23766.000       31536.000       29132.000      -28439.000       32177.000      -14479.000      -25583.000 
-12435  
-1  22  36           33.947         12          11.924         64          64.000          38.836         -37.780       59974.000      -82840.000       72706.000      100313.000     -107123.000       41374.000       17040.000     -115928.000 
-12435  
-1  12  37           29.190          4           4.302         64          63.997          34.126         -47.768        9145.000      -24044.000       31026.000       30759.000      -29240.000       30980.000      -14273.000      -26422.000 
-12435  
-1  22  38           33.913         12          11.927         64          64.003          38.748         -37.790       50459.000      -87252.000       81887.000       92527.000     -102633.000       52233.000        4695.000     -117851.000 
-12435  
-1  12  39           28.990          4           4.301         64          63.999          33.975         -47.846       10259.000      -22897.000       30144.000       30804.000      -29269.000       31122.000      -13713.000      -26315.000 
-12435  
-1  22  40           33.953         12          11.925         64          64.001          38.830         -37.761       60671.000      -82509.000       70534.000      100939.000     -108189.000       39793.000       17950.000     -117008.000 
-12435  
-1  12  41           29.093          4           4.300         64          64.005          34.005         -47.809        7167.000      -24258.000       33328.000       27087.000      -26227.000       34228.000      -16662.000      -24806.000 
-12435  
-1  22  42           33.960         12          11.929         64          64.004          39.013         -37.778       68970.000      -75791.000       61148.000      106566.000     -111016.000       29456.000       29718.000     -114348.000 
-12435  
-1  12  43           29.257          4           4.298         64          63.996          34.235         -47.849        7012.000      -24600.000       32977.000       27121.000      -26114.000       33744.000      -16265.000      -25032.000 
-12435  
-1  22  44           33.970         12          11.927         64          63.998          38.657         -37.795       63551.000      -79156.000       67122.000      102690.000     -109160.000       34766.000       22992.000     -116335.000 
-12435  
-1  12  45           29.343          4           4.303         64          63.999          34.297         -47.798        7709.000      -24692.000       32556.000       28153.000      -27464.000       32726.000      -15491.000      -25764.000 
-12435  
-1  22  46           33.947         12          11.926         64          64.001          38.765         -37.812       71110.000      -73207.000       57118.000      109138.000     -111152.000       24803.000       32923.000     -112642.000 
-12435  
-1  12  47           29.147          4           4.297         64          64.000          33.988         -47.816        8658.000      -24012.000       31743.000       29218.000      -27872.000       32259.000      -15166.000      -25855.000 
-12435  
-1  22  48           33.977         12          11.923         64          64.001          39.035         -37.803       62510.000      -81136.000       68339.000      101616.000     -108695.000       35867.000       21293.000     -115785.000 
-12435  
-1  12  49           29.183          4           4.298         64          64.004          34.225         -47.802        8521.000      -23913.000       31862.000       29357.000      -28034.000       31994.000      -15154.000      -26169.000 
-12435  
-1  22  50           33.953         12          11.927         64          64.001          38.890         -37.816       60169.000      -81274.000       70728.000      100308.000     -107304.000       39299.000       18009.000     -116673.000 
-12435  
-1  12  51           29.150          4           4.303         64          64.008          34.022         -47.806        9098.000      -23853.000       31199.000       29904.000      -28305.000       31745.000      -14844.000      -26299.000 
-12435  
-1  22  52           33.977         12          11.928         64          63.999          38.900         -37.766       56902.000      -85018.000       75780.000       97906.000     -106272.000       43976.000       14390.000     -116880.000 
-12435  
-1  12  53           29.067          4           4.299         64          63.996          34.208         -47.848        9176.000      -23661.000       30767.000       29906.000      -28256.000       31948.000      -14687.000      -25891.000 
-12435  
-1  22  54           33.950         12          11.930         64          63.999          38.937         -37.751       65174.000      -78937.000       65994.000      104823.000     -109780.000       33381.000       23936.000     -116233.000 
-12435  
-1  12  55           29.147          4           4.308         64          63.998          34.295         -47.832        7086.000      -23952.000       32825.000       28124.000      -26122.000       33260.000      -16557.000      -25573.000 
-12435  
-1  22  56           33.973         12          11.926         64          64.002          39.032         -37.812       71634.000      -72471.000       55309.000      109724.000     -111770.000       22040.000       35222.000     -112386.000 
-12435  
-1  12  57           29.083          4           4.293         64          64.001          34.055         -47.893        8572.000      -23703.000       31074.000       29440.000      -28418.000       31523.000      -14885.000      -25417.000 
-12435  
-1  22  58           33.933         12          11.927         64          64.001          38.731         -37.779       68624.000      -75128.000       60625.000      107289.000     -111479.000       28619.000       29271.000     -114399.000 
-12435  
-1  12  59           29.123          4           4.296         64          64.005          34.217         -47.836        8200.000      -23955.000       31679.000       29412.000      -27770.000       32347.000      -14960.000      -25568.000 
-12435  
-1  22  60           33.967         12          11.927         64          64.001          39.138         -37.778       61079.000      -81485.000       69379.000      101708.000     -108339.000       38035.000       19741.000     -116807.000 
-12435  
-1  12  61           29.067          4           4.301         64          64.003          34.256         -47.801        8746.000      -23754.000       31571.000       29913.000      -28517.000       31885.000      -14836.000      -25772.000 
-12435  
-1  22  62           33.957         12          11.932         64          63.999          38.807         -37.753       58345.000      -84025.000       74122.000       99296.000     -106682.000       43135.000       15215.000     -117330.000 
-12435  
-1  12  63           29.193          4           4.298         64          64.002          34.121         -47.800        9267.000      -24583.000       31813.000       29430.000      -27795.000       32193.000      -14646.000      -25625.000 
-12435  
-1  22  64           33.943         12          11.924         64          64.000          38.584         -37.838       60261.000      -81650.000       71108.000       99641.000     -106432.000       39880.000       17117.000     -116336.000 
-12435  
-1  12  65           29.287          4           4.302         64          63.996          34.121         -47.793        8486.000      -24427.000       31933.000       29308.000      -27835.000       32236.000      -14678.000      -26062.000 
-12435  
-1  22  66           33.960         12          11.927         64          64.002          38.898         -37.792       67226.000      -76844.000       62172.000      106419.000     -110174.000       30380.000       27852.000     -114586.000 
-12435  
-1  12  67           29.110          4           4.298         64          64.001          33.919         -47.864        8964.000      -23592.000       31342.000       29989.000      -27991.000       31332.000      -14628.000      -25955.000 
-12435  
-1  22  68           33.967         12          11.926         64          64.002          39.029         -37.814       62436.000      -80280.000       67752.000      101678.000     -108033.000       36297.000       21149.000     -116625.000 
-12435  
-1  12  69           29.293          4           4.304         64          63.994          34.182         -47.813        8464.000      -23726.000       31178.000       29520.000      -28930.000       31532.000      -14506.000      -26702.000 
-12435  
-1  22  70           33.960         12          11.926         64          64.003          38.839         -37.799       63754.000      -80170.000       68173.000      101653.000     -108670.000       36022.000       21647.000     -115949.000 
-12435  
-1  12  71           29.190          4           4.297         64          63.998          34.353         -47.788        8107.000      -24224.000       32353.000       28408.000      -27985.000       32826.000      -15442.000      -25639.000 
-12435  
-1  22  72           33.960         12          11.924         64          64.000          38.780         -37.779       68421.000      -75941.000       60718.000      107625.000     -111314.000       28847.000       29896.000     -113592.000 
-12435  
-1  12  73           29.143          4           4.300         64          64.002          34.114         -47.856        8519.000      -24103.000       31824.000       28833.000      -27359.000       32552.000      -15100.000      -25448.000 
-12435  
-1  22  74           33.967         12          11.926         64          64.001          38.906         -37.787       61565.000      -81064.000       69174.000      102104.000     -109085.000       36798.000       20422.000     -115747.000 
-12435  
-1  12  75           29.133          4           4.300         64          63.998          34.011         -47.835        9238.000      -23751.000       30908.000       30320.000      -28887.000       31286.000      -13978.000      -25940.000 
-12435  
-1  22  76           33.943         12          11.928         64          63.998          39.043         -37.792       52494.000      -87672.000       81205.000       92162.000     -102213.000       50710.000        5408.000     -118341.000 
-12435  
-1  12  77           29.233          4           4.298         64          64.000          33.999         -47.800        9331.000      -24071.000       31046.000       30100.000      -28939.000       31355.000      -14086.000      -26319.000 
-12435  
-1  22  78           33.963         12          11.926         64          64.002          38.628         -37.786       66664.000      -77326.000       62832.000      106079.000     -110681.000       29909.000       27169.000     -114640.000 
-12435  
-1  12  79           29.227          4           4.299         64          63.998          34.174         -47.768        8909.000      -24333.000       31781.000       29302.000      -28717.000       32211.000      -14536.000      -25956.000 
-12435  
-1  22  80           33.973         12          11.927         64          64.003          38.896         -37.809       53962.000      -86399.000       79145.000       94672.000     -103950.000       46409.000        9675.000     -117134.000 
-12435  
-1  12  81           29.127          4           4.297         64          63.998          34.119         -47.855        7242.000      -24642.000       33173.000       27588.000      -26121.000       33584.000      -16036.000      -24366.000 
-12435  
-1  22  82           33.977         12          11.927         64          64.000          38.788         -37.774       68398.000      -76295.000       62244.000      106291.000     -110708.000       28793.000       29569.000     -114726.000 
-12435  
-1  12  83           29.060          4           4.301         64          63.997          34.242         -47.810        7900.000      -23941.000       32252.000       28542.000      -27980.000       32793.000      -15834.000      -25242.000 
-12435  
-1  22  84           33.957         12          11.926         64          64.002          38.737         -37.794       61421.000      -81238.000       70155.000      100890.000     -107996.000       38401.000       19072.000     -116521.000 
-12435  
-1  12  85           29.133          4           4.294         64          64.005          34.180         -47.809        8274.000      -24040.000       32439.000       28370.000      -27531.000       32698.000      -15827.000      -25606.000 
-12435  
-1  22  86           33.947         12          11.925         64          63.999          39.250         -37.791       61511.000      -81964.000       68916.000      101525.000     -107578.000       38950.000       18973.000     -116534.000 
-12435  
-1  12  87           29.120          4           4.303         64          64.006          33.856         -47.820        9021.000      -24243.000       31612.000       29714.000      -27964.000       31863.000      -14878.000      -25568.000 
-12435  
-1  22  88           33.957         12          11.928         64          63.999          38.969         -37.780       62257.000      -81095.000       69648.000      101744.000     -108025.000       38150.000       20087.000     -116373.000 
-12435  
-1  12  89           29.253          4           4.301         64          64.000          34.115         -47.885        8214.000      -23942.000       31094.000       29159.000      -28114.000       31885.000      -14550.000      -25874.000 
-12435  
-1  22  90           33.973         12          11.928         64          64.002          39.050         -37.812       61819.000      -81171.000       68328.000      101155.000     -108089.000       37945.000       20820.000     -116040.000 
-12435  
-1  12  91           29.120          4           4.299         64          64.002          34.179         -47.865        8862.000      -23363.000       31095.000       29553.000      -28707.000       31675.000      -14289.000      -25949.000 
-12435  
-1  22  92           33.960         12          11.926         64          64.002          38.974         -37.806       52467.000      -86907.000       79919.000       93341.000     -103406.000       48733.000        7089.000     -117821.000 
-12435  
-1  12  93           29.180          4           4.303         64          64.004          34.304         -47.825        8870.000      -23979.000       30651.000       29841.000      -29580.000       31448.000      -14178.000      -25867.000 
-12435  
-1  22  94           33.967         12          11.923         64          64.004          38.671         -37.788       67565.000      -77087.000       62653.000      106127.000     -109920.000       30170.000       27866.000     -114725.000 
-12435  
-1  12  95           29.110          4           4.301         64          63.997          34.037         -47.821        8468.000      -23469.000       32028.000       28849.000      -27556.000       32693.000      -15294.000      -26081.000 
-12435  
-1  22  96           33.933         12          11.925         64          64.004          38.859         -37.786       59738.000      -82110.000       73062.000      100195.000     -107055.000       40543.000       16567.000     -116536.000 
-12435  
-1  12  97           29.137          4           4.296         64          63.995          34.238         -47.795        8000.000      -23881.000       31142.000       29885.000      -28686.000       31904.000      -15296.000      -26118.000 
-12435  
-1  22  98           33.957         12          11.922         64          63.998          38.709         -37.807       60724.000      -81576.000       71599.000      100162.000     -106693.000       40042.000       18197.000     -116526.000 
-12435  
-1  12  99           29.137          4           4.301         64          64.009          34.169         -47.840        8509.000      -24048.000       31367.000       29041.000      -27929.000       32289.000      -15421.000      -25731.000 
-12435  
