-1  22  1           40.847         12          11.920         64          63.997          34.827         -42.032      -54696.000       -9856.000       51346.000      -59337.000        9474.000       70038.000      -53874.000      -51595.000 
-12435  
-1  12  2           38.020          4           4.292         64          63.990          29.740         -52.377      -12234.000        8602.000        3779.000      -22337.000       17566.000       17298.000      -21826.000        2879.000 
-12435  
-1  22  3           40.627         12          11.917         64          64.009          34.647         -42.131      -53950.000       -7135.000       47060.000      -62106.000       13842.000       68384.000      -56719.000      -47355.000 
-12435  
-1  12  4           37.973          4           4.299         64          64.007          29.495         -52.408      -12943.000        7441.000        5312.000      -22445.000       16734.000       18086.000      -21306.000         578.000 
-12435  
-1  22  5           40.893         12          11.917         64          63.999          34.664         -42.100      -54444.000       -3664.000       44342.000      -64910.000       16203.000       67931.000      -57996.000      -45835.000 
-12435  
-1  12  6           37.973          4           4.291         64          64.009          29.637         -52.360      -13497.000        7019.000        5440.000      -22445.000       16798.000       17811.000      -21725.000         573.000 
-12435  
-1  22  7           40.743         12          11.921         64          64.001          34.770         -42.092      -54680.000        6185.000       32110.000      -71183.000       28668.000       64094.000      -66149.000      -33184.000 
-12435  
-1  12  8           38.160          4           4.302         64          63.998          29.663         -52.329      -12971.000        7949.000        4495.000      -22973.000       17135.000       17156.000      -21923.000        1376.000 
-12435  
-1  22  9           40.853         12          11.920         64          64.002          34.612         -42.131      -54444.000        4430.000       34097.000      -70497.000       26450.000       63957.000      -64529.000      -35888.000 
-12435  
-1  12  10           37.907          4           4.307         64          63.992          29.894         -52.306      -13071.000        7172.000        5998.000      -22897.000       16559.000       18105.000      -21796.000         247.000 
-12435  
-1  22  11           40.800         12          11.917         64          63.998          34.629         -42.050      -54750.000        3765.000       35095.000      -70540.000       25774.000       65621.000      -64630.000      -36835.000 
-12435  
-1  12  12           37.793          4           4.297         64          64.001          29.483         -52.323      -13244.000        6680.000        5320.000      -22840.000       16824.000       17676.000      -22045.000         810.000 
-12435  
-1  22  13           40.857         12          11.918         64          64.003          34.675         -42.103      -54507.000       -3528.000       42961.000      -65442.000       16660.000       67008.000      -60202.000      -44528.000 
-12435  
-1  12  14           37.940          4           4.286         64          64.003          29.776         -52.347      -12730.000        7847.000        5633.000      -22112.000       17059.000       18149.000      -21814.000        1139.000 
-12435  
-1  22  15           40.767         12          11.920         64          64.001          34.693         -42.054      -55409.000       -3306.000       43904.000      -66276.000       17254.000       67578.000      -59069.000      -44194.000 
-12435  
-1  12  16           37.977          4           4.294         64          63.996          29.800         -52.374      -12321.000        8335.000        4692.000      -22822.000       17384.000       16996.000      -21715.000        1937.000 
-12435  
-1  22  17           40.843         12          11.919         64          64.008          34.628         -42.122      -54827.000       -5684.000       45167.000      -63577.000       14524.000       68420.000      -56739.000      -46541.000 
-12435  
-1  12  18           38.080          4           4.301         64          64.008          29.762         -52.330      -12834.000        8519.000        3595.000      -23014.000       17461.000       16875.000      -21740.000        2670.000 
-12435  
-1  22  19           40.757         12          11.918         64          64.000          34.556         -42.106      -54339.000        2600.000       36444.000      -69663.000       24085.000       65503.000      -63546.000      -37739.000 
-12435  
-1  12  20           37.413          4           4.303         64          64.012          29.734         -52.443      -12845.000        7131.000        5334.000      -22766.000       16821.000       17320.000      -21284.000        1783.000 
-12435  
-1  22  21           40.820         12          11.914         64          64.005          34.645         -42.082      -54877.000        2063.000       37225.000      -69098.000       24308.000       65466.000      -63569.000      -38562.000 
-12435  
-1  12  22           37.820          4           4.289         64          64.001          29.652         -52.378      -12735.000        7437.000        4636.000      -22603.000       16838.000       17873.000      -21753.000        1695.000 
-12435  
-1  22  23           40.890         12          11.915         64          64.009          34.680         -42.107      -55058.000        2175.000       37147.000      -69712.000       22953.000       64632.000      -63209.000      -38648.000 
-12435  
-1  12  24           37.987          4           4.301         64          64.001          29.400         -52.427      -13446.000        7012.000        5897.000      -22237.000       16101.000       18172.000      -21441.000         295.000 
-12435  
-1  22  25           40.880         12          11.914         64          64.003          34.542         -42.100      -55303.000         600.000       38529.000      -67534.000       22311.000       66400.000      -62208.000      -40215.000 
-12435  
-1  12  26           37.887          4           4.303         64          64.002          29.656         -52.400      -13478.000        7153.000        6058.000      -22524.000       16319.000       17778.000      -21454.000         584.000 
-12435  
-1  22  27           40.763         12          11.919         64          63.999          34.530         -42.055      -55247.000        -466.000       39310.000      -68606.000       22430.000       65962.000      -62316.000      -40729.000 
-12435  
-1  12  28           37.867          4           4.304         64          64.002          29.729         -52.359      -13123.000        7471.000        5081.000      -22698.000       17055.000       17669.000      -21524.000        1202.000 
-12435  
-1  22  29           40.847         12          11.915         64          64.004          34.648         -42.088      -53830.000        -444.000       39758.000      -67510.000       21117.000       66543.000      -62298.000      -41953.000 
-12435  
-1  12  30           38.210          4           4.293         64          64.005          29.648         -52.331      -12858.000        7761.000        5332.000      -22814.000       16689.000       17294.000      -22271.000         856.000 
-12435  
-1  22  31           40.770         12          11.915         64          64.005          34.839         -42.101      -54732.000        1001.000       38549.000      -68028.000       23240.000       66391.000      -62125.000      -39716.000 
-12435  
-1  12  32           37.967          4           4.297         64          64.006          29.438         -52.353      -12589.000        7698.000        4862.000      -23267.000       16670.000       17585.000      -21645.000        1084.000 
-12435  
-1  22  33           40.663         12          11.914         64          64.001          34.390         -42.175      -54278.000        1763.000       36113.000      -69458.000       23754.000       64882.000      -62566.000      -37423.000 
-12435  
-1  12  34           37.827          4           4.290         64          64.007          29.750         -52.367      -13189.000        7397.000        4764.000      -22905.000       17055.000       17307.000      -21560.000        1531.000 
-12435  
-1  22  35           40.790         12          11.921         64          64.003          34.922         -42.084      -55122.000       -1128.000       40031.000      -68111.000       21266.000       66119.000      -61151.000      -41557.000 
-12435  
-1  12  36           37.580          4           4.297         64          63.994          29.589         -52.343      -12879.000        7207.000        5654.000      -22973.000       16718.000       18179.000      -21341.000         958.000 
-12435  
-1  22  37           40.653         12          11.915         64          63.998          34.717         -42.088      -53945.000       -5134.000       44076.000      -65332.000       16998.000       67769.000      -58746.000      -45530.000 
-12435  
-1  12  38           37.817          4           4.300         64          63.992          29.726         -52.247      -12885.000        8362.000        4155.000      -22983.000       17991.000       17702.000      -21469.000        2331.000 
-12435  
-1  22  39           40.640         12          11.915         64          64.008          34.952         -42.035      -54492.000       -1277.000       41334.000      -67770.000       20999.000       67225.000      -61543.000      -42127.000 
-12435  
-1  12  40           37.693          4           4.285         64          64.006          29.472         -52.499      -12406.000        7143.000        4977.000      -22060.000       17029.000       17364.000      -21636.000        1590.000 
-12435  
-1  22  41           40.740         12          11.916         64          63.996          34.848         -42.114      -54460.000           8.000       38493.000      -67962.000       20955.000       66135.000      -63055.000      -39762.000 
-12435  
-1  12  42           38.047          4           4.291         64          64.003          29.712         -52.314      -12884.000        7611.000        5475.000      -22784.000       17072.000       17743.000      -21825.000         540.000 
-12435  
-1  22  43           40.873         12          11.921         64          64.005          34.503         -42.061      -55672.000       -2354.000       43183.000      -65724.000       17913.000       67757.000      -59587.000      -43858.000 
-12435  
-1  12  44           37.870          4           4.296         64          63.993          29.643         -52.332      -13566.000        6628.000        5640.000      -22666.000       16360.000       18232.000      -21786.000         379.000 
-12435  
-1  22  45           40.703         12          11.915         64          63.991          34.660         -42.069      -54262.000       -2559.000       41639.000      -66725.000       19631.000       67178.000      -61226.000      -43083.000 
-12435  
-1  12  46           38.033          4           4.297         64          64.009          29.798         -52.388      -12585.000        7989.000        5303.000      -22538.000       17277.000       17203.000      -21693.000        1119.000 
-12435  
-1  22  47           40.763         12          11.919         64          63.998          34.660         -42.072      -55305.000       -2739.000       42817.000      -66092.000       17823.000       68182.000      -59129.000      -43533.000 
-12435  
-1  12  48           37.583          4           4.290         64          63.999          29.565         -52.396      -13059.000        6816.000        4777.000      -22771.000       17169.000       17478.000      -21471.000        1397.000 
-12435  
-1  22  49           40.743         12          11.913         64          64.006          34.502         -42.123      -54439.000        4354.000       34205.000      -70845.000       27648.000       63659.000      -64360.000      -35541.000 
-12435  
-1  12  50           38.347          4           4.293         64          64.004          29.604         -52.394      -13267.000        7262.000        5350.000      -22610.000       15990.000       17725.000      -21997.000         127.000 
-12435  
-1  22  51           40.920         12          11.914         64          64.001          34.480         -42.061      -54025.000       -3214.000       43294.000      -65105.000       17286.000       68010.000      -60064.000      -45814.000 
-12435  
-1  12  52           37.810          4           4.297         64          64.001          29.522         -52.405      -12835.000        7700.000        4954.000      -23156.000       16906.000       17128.000      -21249.000        1426.000 
-12435  
-1  22  53           40.793         12          11.914         64          64.005          34.526         -42.080      -54560.000        1578.000       37209.000      -69514.000       23791.000       66122.000      -62548.000      -39253.000 
-12435  
-1  12  54           37.793          4           4.298         64          64.007          29.707         -52.449      -13324.000        7381.000        5195.000      -22938.000       16552.000       17139.000      -21084.000        1307.000 
-12435  
-1  22  55           40.917         12          11.921         64          63.998          34.656         -42.097      -54011.000       -3400.000       42604.000      -65166.000       17424.000       67726.000      -59704.000      -45452.000 
-12435  
-1  12  56           38.190          4           4.297         64          64.015          29.418         -52.343      -12913.000        8689.000        3772.000      -22686.000       17758.000       16745.000      -21703.000        2452.000 
-12435  
-1  22  57           40.807         12          11.918         64          64.000          34.938         -42.057      -54893.000         499.000       39293.000      -68654.000       21818.000       66701.000      -61992.000      -40664.000 
-12435  
-1  12  58           37.943          4           4.298         64          64.000          29.768         -52.497      -12442.000        8235.000        4700.000      -22822.000       16694.000       16764.000      -21223.000        2005.000 
-12435  
-1  22  59           40.767         12          11.918         64          64.003          34.681         -42.081      -54538.000         415.000       38649.000      -68918.000       22649.000       65504.000      -62942.000      -40030.000 
-12435  
-1  12  60           38.177          4           4.292         64          64.001          29.673         -52.279      -12656.000        8279.000        4536.000      -23286.000       17171.000       17495.000      -21845.000        1260.000 
-12435  
-1  22  61           40.857         12          11.912         64          64.000          34.644         -42.110      -54614.000        2389.000       36448.000      -69441.000       24758.000       65336.000      -62800.000      -38597.000 
-12435  
-1  12  62           38.003          4           4.302         64          64.003          29.629         -52.317      -13257.000        7073.000        5736.000      -22809.000       16223.000       17908.000      -22176.000         571.000 
-12435  
-1  22  63           40.933         12          11.921         64          64.005          34.348         -42.141      -54118.000       -2342.000       43412.000      -65131.000       17296.000       67006.000      -58740.000      -44902.000 
-12435  
-1  12  64           37.907          4           4.299         64          63.997          29.800         -52.439      -13159.000        7044.000        6144.000      -22229.000       16234.000       17918.000      -21542.000         384.000 
-12435  
-1  22  65           40.763         12          11.918         64          64.000          34.640         -42.123      -54445.000        7612.000       29577.000      -72599.000       29915.000       62973.000      -66204.000      -31384.000 
-12435  
-1  12  66           37.943          4           4.297         64          64.012          29.589         -52.406      -13319.000        7446.000        5730.000      -22462.000       16004.000       18312.000      -21332.000         809.000 
-12435  
-1  22  67           40.773         12          11.919         64          64.004          34.662         -42.084      -54798.000        -453.000       38197.000      -68755.000       22926.000       65973.000      -62098.000      -40587.000 
-12435  
-1  12  68           37.863          4           4.288         64          63.997          29.599         -52.329      -12901.000        7939.000        5096.000      -23071.000       16980.000       17327.000      -21690.000        1722.000 
-12435  
-1  22  69           40.973         12          11.924         64          64.003          34.582         -42.061      -55567.000       -1602.000       41127.000      -66524.000       20045.000       67048.000      -60369.000      -43901.000 
-12435  
-1  12  70           38.007          4           4.296         64          64.001          29.613         -52.370      -13624.000        7248.000        5229.000      -22477.000       16541.000       17814.000      -21676.000         978.000 
-12435  
-1  22  71           40.893         12          11.915         64          63.996          34.497         -42.061      -55887.000        -124.000       38708.000      -67342.000       22273.000       66646.000      -62652.000      -40698.000 
-12435  
-1  12  72           37.920          4           4.292         64          64.011          29.597         -52.376      -12944.000        7571.000        5062.000      -22890.000       17330.000       17134.000      -21455.000         977.000 
-12435  
-1  22  73           40.827         12          11.914         64          64.001          34.542         -42.078      -54314.000       -2451.000       41671.000      -66553.000       18576.000       67509.000      -60513.000      -43711.000 
-12435  
-1  12  74           38.253          4           4.294         64          63.991          29.531         -52.373      -13303.000        7803.000        4821.000      -22796.000       16623.000       17345.000      -21732.000         944.000 
-12435  
-1  22  75           40.407         12          11.917         64          64.000          34.528         -42.108      -54450.000       -2244.000       40647.000      -67945.000       19845.000       66673.000      -60761.000      -41148.000 
-12435  
-1  12  76           37.687          4           4.297         64          64.006          29.739         -52.345      -13381.000        7344.000        5954.000      -22818.000       16606.000       18117.000      -21195.000         888.000 
-12435  
-1  22  77           40.813         12          11.917         64          64.000          34.779         -42.084      -54345.000        1522.000       36698.000      -69838.000       23636.000       65114.000      -63875.000      -38886.000 
-12435  
-1  12  78           38.003          4           4.297         64          63.999          29.897         -52.314      -12989.000        7267.000        5532.000      -22773.000       16765.000       17773.000      -22094.000         590.000 
-12435  
-1  22  79           40.760         12          11.915         64          64.006          34.530         -42.108      -54756.000         349.000       38505.000      -68394.000       23136.000       65373.000      -62554.000      -39762.000 
-12435  
-1  12  80           37.897          4           4.305         64          64.002          29.771         -52.351      -13389.000        7412.000        4484.000      -22571.000       17647.000       17253.000      -21573.000        1497.000 
-12435  
-1  22  81           40.767         12          11.923         64          64.002          34.868         -42.032      -54435.000       -3436.000       43821.000      -66109.000       17958.000       67656.000      -60199.000      -44896.000 
-12435  
-1  12  82           37.567          4           4.302         64          63.994          29.656         -52.505      -12609.000        7541.000        5243.000      -22481.000       16580.000       17874.000      -20760.000        1524.000 
-12435  
-1  22  83           40.473         12          11.917         64          63.993          34.691         -42.092      -54649.000       -4740.000       44778.000      -65278.000       16755.000       68127.000      -57828.000      -44632.000 
-12435  
-1  12  84           37.827          4           4.304         64          64.000          29.566         -52.328      -13152.000        7266.000        5926.000      -22599.000       16177.000       18528.000      -21743.000         820.000 
-12435  
-1  22  85           40.803         12          11.914         64          64.003          34.797         -42.111      -54427.000         392.000       38024.000      -68706.000       23478.000       64828.000      -63061.000      -39847.000 
-12435  
-1  12  86           37.840          4           4.303         64          63.997          29.973         -52.280      -13240.000        7368.000        5472.000      -23065.000       16552.000       17986.000      -21918.000        1171.000 
-12435  
-1  22  87           40.667         12          11.919         64          63.996          34.799         -42.080      -54134.000         639.000       36845.000      -68889.000       24135.000       66195.000      -63751.000      -39079.000 
-12435  
-1  12  88           37.787          4           4.293         64          64.001          29.568         -52.351      -13289.000        7533.000        5104.000      -22709.000       17096.000       17185.000      -21773.000        1883.000 
-12435  
-1  22  89           40.820         12          11.917         64          64.003          34.678         -42.046      -55609.000       -4688.000       44686.000      -64544.000       16793.000       67998.000      -59106.000      -45468.000 
-12435  
-1  12  90           38.083          4           4.297         64          64.002          29.682         -52.404      -13097.000        8086.000        4477.000      -22610.000       17126.000       17052.000      -21507.000        1780.000 
-12435  
-1  22  91           40.947         12          11.919         64          64.000          34.811         -42.062      -54233.000        1971.000       37051.000      -69241.000       23778.000       65984.000      -63340.000      -40352.000 
-12435  
-1  12  92           38.140          4           4.304         64          64.008          29.656         -52.361      -12489.000        8392.000        4012.000      -22597.000       17737.000       16975.000      -21820.000        2032.000 
-12435  
-1  22  93           40.933         12          11.918         64          64.001          34.733         -42.120      -54395.000         710.000       39488.000      -67145.000       21724.000       65942.000      -62085.000      -41338.000 
-12435  
-1  12  94           38.140          4           4.298         64          64.002          29.565         -52.358      -13262.000        7622.000        4753.000      -22667.000       16704.000       17834.000      -21657.000         967.000 
-12435  
-1  22  95           40.717         12          11.912         64          64.002          34.521         -42.086      -54426.000        -208.000       38331.000      -68415.000       22461.000       66521.000      -62387.000      -40319.000 
-12435  
-1  12  96           37.807          4           4.305         64          63.997          29.935         -52.233      -13670.000        6957.000        6374.000      -22978.000       16293.000       18609.000      -21798.000         261.000 
-12435  
-1  22  97           40.700         12          11.918         64          63.999          34.595         -42.133      -55042.000         656.000       37435.000      -68799.000       23786.000       65062.000      -62377.000      -38683.000 
-12435  
-1  12  98           37.897          4           4.297         64          63.994          29.748         -52.266      -13130.000        7702.000        6512.000      -22797.000       16203.000       18288.000      -22033.000         816.000 
-12435  
-1  22  99           40.713         12          11.912         64          64.001          34.606         -42.111      -54093.000        4921.000       33030.000      -71696.000       28605.000       63307.000      -65049.000      -34774.000 
-12435  
