-1  22  1          -37.190         12          12.204         64          63.997          26.266         -50.611       17209.000      -17729.000      -26268.000        4043.000       24099.000       20762.000        7662.000      -18971.000 
-12435  
-1  12  2          -39.233          4           4.129         64          64.018          27.069         -55.081       -6142.000      -16329.000        1685.000       12337.000       16389.000      -14060.000       -5568.000       -4986.000 
-12435  
-1  22  3          -37.123         12          12.217         64          63.993          26.200         -50.363       17727.000      -17682.000      -26105.000        3491.000       24920.000       22175.000        8694.000      -20003.000 
-12435  
-1  12  4          -39.267          4           4.136         64          64.009          26.728         -55.199       -7512.000      -15444.000        1774.000       12017.000       16046.000      -14196.000       -6311.000       -3724.000 
-12435  
-1  22  5          -37.137         12          12.212         64          64.001          26.413         -50.425       15982.000      -19961.000      -25864.000        6939.000       27070.000       18273.000        6440.000      -19713.000 
-12435  
-1  12  6          -38.917          4           4.134         64          63.991          26.821         -55.267       -8362.000      -14541.000        3357.000       12293.000       14037.000      -15752.000       -5976.000       -3970.000 
-12435  
-1  22  7          -37.007         12          12.196         64          64.006          26.136         -50.484       12957.000      -20473.000      -24756.000        9629.000       28386.000       16751.000        4197.000      -20795.000 
-12435  
-1  12  8          -39.127          4           4.129         64          64.002          26.718         -55.182       -7994.000      -15285.000        2083.000       12134.000       14682.000      -15492.000       -6149.000       -4059.000 
-12435  
-1  22  9          -37.287         12          12.208         64          64.006          26.455         -50.442       14789.000      -20327.000      -25957.000        7926.000       27584.000       17663.000        4310.000      -19906.000 
-12435  
-1  12  10          -39.177          4           4.140         64          64.000          26.708         -55.244       -6698.000      -16208.000        1566.000       12037.000       15901.000      -13260.000       -5839.000       -5259.000 
-12435  
-1  22  11          -37.037         12          12.207         64          63.993          26.228         -50.403       15589.000      -19309.000      -26674.000        7241.000       26906.000       19223.000        5885.000      -19349.000 
-12435  
-1  12  12          -39.720          4           4.127         64          63.992          26.829         -55.304       -6120.000      -16065.000         837.000       12220.000       15651.000      -13471.000       -5957.000       -4996.000 
-12435  
-1  22  13          -37.650         12          12.209         64          64.008          26.225         -50.446       17261.000      -18895.000      -26258.000        5799.000       25621.000       19616.000        7134.000      -19587.000 
-12435  
-1  12  14          -39.037          4           4.103         64          64.000          26.636         -55.198       -7728.000      -15827.000        2413.000       12116.000       15397.000      -14264.000       -5554.000       -4597.000 
-12435  
-1  22  15          -37.317         12          12.202         64          64.011          26.420         -50.485       14589.000      -20370.000      -25614.000        8276.000       27921.000       16850.000        4292.000      -19849.000 
-12435  
-1  12  16          -39.550          4           4.116         64          63.994          26.561         -55.338       -8423.000      -14788.000        3103.000       12091.000       13612.000      -15525.000       -6424.000       -3481.000 
-12435  
-1  22  17          -37.023         12          12.198         64          63.999          26.472         -50.394       15470.000      -19264.000      -26249.000        6937.000       27343.000       18652.000        6678.000      -20010.000 
-12435  
-1  12  18          -38.407          4           4.124         64          63.996          26.790         -55.175       -7424.000      -15020.000        2107.000       12486.000       15819.000      -14359.000       -5943.000       -5266.000 
-12435  
-1  22  19          -37.020         12          12.211         64          63.993          26.566         -50.486       11383.000      -21719.000      -24449.000       11312.000       29883.000       13291.000        2657.000      -20593.000 
-12435  
-1  12  20          -39.067          4           4.119         64          63.998          27.138         -55.251       -6899.000      -15742.000        1303.000       12415.000       15990.000      -13354.000       -6005.000       -4742.000 
-12435  
-1  22  21          -37.647         12          12.209         64          64.005          26.257         -50.458       16160.000      -19673.000      -25609.000        6428.000       26521.000       18882.000        6083.000      -20091.000 
-12435  
-1  12  22          -39.633          4           4.108         64          64.006          26.613         -55.254       -7054.000      -15980.000        1799.000       11866.000       15535.000      -14099.000       -5914.000       -4359.000 
-12435  
-1  22  23          -36.953         12          12.213         64          64.004          26.232         -50.585       13695.000      -19338.000      -26170.000        7284.000       26480.000       17623.000        5847.000      -20449.000 
-12435  
-1  12  24          -39.177          4           4.117         64          64.004          26.354         -55.450       -7324.000      -14881.000        2251.000       11963.000       14333.000      -14956.000       -5777.000       -3975.000 
-12435  
-1  22  25          -37.063         12          12.194         64          64.010          26.339         -50.474       12839.000      -20483.000      -25642.000        9546.000       28875.000       15375.000        3437.000      -20503.000 
-12435  
-1  12  26          -39.737          4           4.146         64          64.013          26.883         -55.195       -8040.000      -15516.000        2531.000       11812.000       15054.000      -14556.000       -7006.000       -4157.000 
-12435  
-1  22  27          -37.600         12          12.219         64          64.014          26.215         -50.501       12901.000      -21592.000      -24106.000       10447.000       29282.000       14449.000        2777.000      -20517.000 
-12435  
-1  12  28          -38.980          4           4.130         64          63.998          26.841         -55.171       -8386.000      -15182.000        2704.000       12604.000       14813.000      -14703.000       -6309.000       -4356.000 
-12435  
-1  22  29          -37.120         12          12.207         64          63.984          26.245         -50.570       14550.000      -19308.000      -26333.000        7875.000       27385.000       16460.000        5058.000      -19671.000 
-12435  
-1  12  30          -39.020          4           4.106         64          64.013          26.779         -55.252       -7542.000      -15600.000        1762.000       11986.000       15619.000      -13721.000       -6216.000       -5072.000 
-12435  
-1  22  31          -37.410         12          12.208         64          64.007          26.014         -50.535       13337.000      -20346.000      -25455.000        9169.000       28166.000       15613.000        3053.000      -20626.000 
-12435  
-1  12  32          -38.953          4           4.102         64          64.002          26.885         -55.215       -7545.000      -15630.000        2149.000       11826.000       15691.000      -14476.000       -5335.000       -4660.000 
-12435  
-1  22  33          -37.113         12          12.225         64          64.007          26.361         -50.480       12060.000      -21241.000      -24390.000       11473.000       28749.000       15481.000        2453.000      -20889.000 
-12435  
-1  12  34          -39.007          4           4.094         64          64.013          26.635         -55.403       -6844.000      -15166.000        1996.000       12151.000       15128.000      -14162.000       -5618.000       -4680.000 
-12435  
-1  22  35          -37.003         12          12.198         64          64.020          26.308         -50.471       15467.000      -18782.000      -26766.000        5979.000       26732.000       19060.000        6397.000      -19352.000 
-12435  
-1  12  36          -38.967          4           4.110         64          64.005          26.868         -55.391       -7558.000      -15008.000        2827.000       12180.000       14635.000      -14455.000       -5663.000       -4467.000 
-12435  
-1  22  37          -37.093         12          12.204         64          64.019          26.329         -50.485       16685.000      -18914.000      -25860.000        5625.000       25756.000       19277.000        7872.000      -19873.000 
-12435  
-1  12  38          -39.600          4           4.142         64          64.011          26.961         -55.271       -7483.000      -15846.000        1956.000       12027.000       15139.000      -14081.000       -6145.000       -4314.000 
-12435  
-1  22  39          -37.120         12          12.211         64          63.995          26.167         -50.472       15885.000      -19154.000      -26336.000        7098.000       26711.000       18246.000        6469.000      -19633.000 
-12435  
-1  12  40          -38.987          4           4.124         64          63.993          26.891         -55.061       -7444.000      -16079.000        1413.000       12316.000       16090.000      -14092.000       -5789.000       -5248.000 
-12435  
-1  22  41          -37.093         12          12.197         64          63.998          26.319         -50.392       14274.000      -21222.000      -25819.000        8855.000       27941.000       17268.000        4441.000      -19787.000 
-12435  
-1  12  42          -38.917          4           4.102         64          63.996          26.455         -55.316       -7741.000      -15053.000        2362.000       11730.000       15550.000      -14487.000       -5615.000       -4114.000 
-12435  
-1  22  43          -37.080         12          12.202         64          64.005          26.308         -50.364       16300.000      -19472.000      -26592.000        6195.000       26446.000       19301.000        6980.000      -19920.000 
-12435  
-1  12  44          -39.390          4           4.138         64          64.029          26.533         -55.328       -8154.000      -15182.000        2700.000       11901.000       14965.000      -14288.000       -6346.000       -3606.000 
-12435  
-1  22  45          -37.800         12          12.211         64          63.998          26.230         -50.538       16756.000      -18303.000      -25754.000        5562.000       25908.000       19500.000        6408.000      -19787.000 
-12435  
-1  12  46          -39.583          4           4.123         64          64.016          26.661         -55.301       -8487.000      -15287.000        2680.000       11787.000       14459.000      -14982.000       -6040.000       -3332.000 
-12435  
-1  22  47          -37.743         12          12.210         64          64.002          26.335         -50.506       15497.000      -19278.000      -25895.000        7025.000       27541.000       17850.000        4393.000      -19663.000 
-12435  
-1  12  48          -38.883          4           4.118         64          64.008          26.848         -55.168       -7969.000      -14992.000        3157.000       12282.000       15090.000      -15236.000       -5927.000       -4236.000 
-12435  
-1  22  49          -37.140         12          12.197         64          63.991          26.464         -50.289       16337.000      -19375.000      -27099.000        5751.000       27444.000       18924.000        6505.000      -19890.000 
-12435  
-1  12  50          -39.793          4           4.111         64          64.001          26.735         -55.190       -6138.000      -16842.000        1155.000       12099.000       16144.000      -13089.000       -5517.000       -5075.000 
-12435  
-1  22  51          -37.000         12          12.217         64          64.005          26.293         -50.521       10241.000      -22541.000      -24121.000       13490.000       29662.000       12164.000        1272.000      -19963.000 
-12435  
-1  12  52          -39.057          4           4.104         64          63.991          26.834         -55.384       -6914.000      -15642.000        1386.000       11756.000       15263.000      -13981.000       -5637.000       -4743.000 
-12435  
-1  22  53          -37.073         12          12.208         64          64.004          26.449         -50.433       11259.000      -22933.000      -24244.000       12701.000       29806.000       12384.000        2221.000      -20335.000 
-12435  
-1  12  54          -39.060          4           4.120         64          64.011          26.672         -55.287       -7331.000      -15468.000        2239.000       12210.000       14864.000      -14620.000       -5694.000       -4663.000 
-12435  
-1  22  55          -37.227         12          12.220         64          63.994          26.498         -50.416       15931.000      -19175.000      -26229.000        7479.000       27109.000       18942.000        5627.000      -19556.000 
-12435  
-1  12  56          -39.123          4           4.128         64          63.976          26.653         -55.372       -8078.000      -14903.000        2691.000       11792.000       14429.000      -14634.000       -6488.000       -4458.000 
-12435  
-1  22  57          -37.627         12          12.200         64          63.994          26.238         -50.594       16112.000      -18469.000      -25758.000        6344.000       25299.000       19562.000        5674.000      -19962.000 
-12435  
-1  12  58          -39.207          4           4.118         64          63.990          26.724         -55.277       -7506.000      -15140.000        2445.000       12058.000       15157.000      -14558.000       -6431.000       -4260.000 
-12435  
-1  22  59          -37.637         12          12.207         64          63.991          26.249         -50.484       15408.000      -19195.000      -25972.000        7777.000       27159.000       17928.000        4651.000      -20173.000 
-12435  
-1  12  60          -39.127          4           4.147         64          63.995          26.790         -55.253       -8594.000      -14825.000        2826.000       12025.000       14836.000      -14686.000       -6784.000       -3917.000 
-12435  
-1  22  61          -37.040         12          12.202         64          63.998          26.448         -50.472       14770.000      -20978.000      -25898.000        6918.000       27467.000       17206.000        5628.000      -19441.000 
-12435  
-1  12  62          -39.320          4           4.121         64          64.003          26.909         -55.120       -7847.000      -15966.000        2200.000       11810.000       15391.000      -14550.000       -6382.000       -4746.000 
-12435  
-1  22  63          -37.920         12          12.204         64          64.008          26.080         -50.682       15486.000      -18899.000      -25221.000        6633.000       25909.000       17773.000        4986.000      -20345.000 
-12435  
-1  12  64          -39.127          4           4.130         64          64.002          26.945         -55.164       -7141.000      -15985.000        1703.000       11685.000       15763.000      -14165.000       -6282.000       -5335.000 
-12435  
-1  22  65          -37.150         12          12.209         64          64.004          26.153         -50.514       12746.000      -21343.000      -24688.000       10002.000       29150.000       15062.000        2871.000      -19920.000 
-12435  
-1  12  66          -39.123          4           4.118         64          63.991          26.798         -55.320       -7510.000      -15378.000        2014.000       12248.000       14761.000      -14183.000       -6336.000       -4771.000 
-12435  
-1  22  67          -37.107         12          12.207         64          63.997          26.455         -50.332       14986.000      -19807.000      -26096.000        7986.000       27140.000       18774.000        5776.000      -21105.000 
-12435  
-1  12  68          -39.007          4           4.121         64          64.000          26.803         -55.121       -7737.000      -15885.000        2027.000       12235.000       15984.000      -14010.000       -5820.000       -4571.000 
-12435  
-1  22  69          -37.863         12          12.187         64          63.983          26.103         -50.552       14518.000      -20421.000      -24867.000        9315.000       27009.000       16271.000        3983.000      -21017.000 
-12435  
-1  12  70          -39.003          4           4.109         64          64.012          26.687         -55.259       -7562.000      -15571.000        2127.000       12471.000       15622.000      -13542.000       -5910.000       -4467.000 
-12435  
-1  22  71          -37.220         12          12.201         64          64.000          26.282         -50.414       15752.000      -19444.000      -25533.000        7393.000       27333.000       18979.000        5868.000      -20011.000 
-12435  
-1  12  72          -39.100          4           4.122         64          64.005          26.632         -55.378       -7194.000      -15632.000        1841.000       11505.000       15182.000      -14167.000       -5635.000       -4663.000 
-12435  
-1  22  73          -37.650         12          12.212         64          64.022          26.647         -50.384       14570.000      -20129.000      -25838.000        7732.000       28205.000       16912.000        4484.000      -21169.000 
-12435  
-1  12  74          -38.867          4           4.133         64          64.010          26.853         -55.352       -8047.000      -15240.000        1844.000       11975.000       15082.000      -14052.000       -5460.000       -4856.000 
-12435  
-1  22  75          -37.200         12          12.206         64          64.011          26.397         -50.495       15699.000      -19822.000      -26386.000        6584.000       26183.000       18291.000        5828.000      -19707.000 
-12435  
-1  12  76          -39.087          4           4.111         64          63.985          26.733         -55.239       -7173.000      -15536.000        1802.000       11436.000       16100.000      -14147.000       -6123.000       -4765.000 
-12435  
-1  22  77          -37.030         12          12.202         64          64.013          26.115         -50.484       13880.000      -19344.000      -26109.000        8902.000       27564.000       16414.000        5420.000      -21041.000 
-12435  
-1  12  78          -39.293          4           4.134         64          64.011          26.918         -55.309       -7627.000      -15487.000        2571.000       12548.000       14993.000      -13738.000       -6217.000       -4124.000 
-12435  
-1  22  79          -37.727         12          12.213         64          63.992          26.298         -50.382       16278.000      -20004.000      -26407.000        7374.000       26892.000       18372.000        5239.000      -19776.000 
-12435  
-1  12  80          -39.107          4           4.127         64          64.003          26.831         -55.209       -7783.000      -15570.000        1839.000       11640.000       15354.000      -14633.000       -6348.000       -4592.000 
-12435  
-1  22  81          -38.057         12          12.207         64          64.008          26.297         -50.481       16113.000      -19686.000      -25643.000        8136.000       27076.000       17199.000        3903.000      -20385.000 
-12435  
-1  12  82          -39.030          4           4.119         64          63.984          26.763         -55.210       -7143.000      -15625.000        2042.000       12406.000       15546.000      -14236.000       -5752.000       -4701.000 
-12435  
-1  22  83          -37.527         12          12.198         64          64.000          26.075         -50.409       16287.000      -18773.000      -26333.000        5813.000       27384.000       18865.000        5882.000      -19816.000 
-12435  
-1  12  84          -39.340          4           4.134         64          63.995          26.792         -55.280       -7132.000      -15558.000        2265.000       12149.000       14847.000      -14533.000       -6178.000       -4697.000 
-12435  
-1  22  85          -37.527         12          12.207         64          64.012          26.230         -50.508       13622.000      -21289.000      -24765.000        9690.000       28335.000       15437.000        3493.000      -20337.000 
-12435  
-1  12  86          -39.163          4           4.103         64          64.012          26.570         -55.243       -8023.000      -15381.000        2411.000       12042.000       15125.000      -14333.000       -6391.000       -4338.000 
-12435  
-1  22  87          -37.347         12          12.201         64          64.004          26.140         -50.636       14126.000      -19957.000      -25004.000        8562.000       27161.000       16332.000        4448.000      -20272.000 
-12435  
-1  12  88          -39.543          4           4.112         64          64.004          26.806         -55.388       -7345.000      -15645.000        1878.000       11425.000       15098.000      -14013.000       -6057.000       -4552.000 
-12435  
-1  22  89          -37.183         12          12.193         64          63.985          26.255         -50.560       13411.000      -20082.000      -24199.000       10255.000       28133.000       16549.000        3891.000      -20622.000 
-12435  
-1  12  90          -38.840          4           4.126         64          63.994          26.752         -55.240       -8181.000      -15037.000        2634.000       12019.000       15060.000      -14740.000       -5935.000       -4747.000 
-12435  
-1  22  91          -37.183         12          12.205         64          64.006          26.355         -50.559       14535.000      -20017.000      -25573.000        8640.000       26731.000       17259.000        4968.000      -20073.000 
-12435  
-1  12  92          -38.960          4           4.114         64          64.000          26.733         -55.241       -7124.000      -15388.000        2037.000       12471.000       15513.000      -14298.000       -5705.000       -4599.000 
-12435  
-1  22  93          -37.067         12          12.198         64          64.017          26.243         -50.509       14443.000      -20067.000      -25436.000        8541.000       28106.000       16373.000        5397.000      -19857.000 
-12435  
-1  12  94          -39.167          4           4.143         64          64.021          26.927         -55.118       -7152.000      -15361.000        2209.000       12172.000       15466.000      -15037.000       -6677.000       -4817.000 
-12435  
-1  22  95          -37.427         12          12.206         64          64.014          26.496         -50.454       14204.000      -20262.000      -25551.000        7692.000       28355.000       16723.000        4026.000      -20594.000 
-12435  
-1  12  96          -39.003          4           4.117         64          64.007          26.873         -55.278       -7495.000      -15658.000        1744.000       12003.000       15588.000      -13926.000       -5598.000       -4609.000 
-12435  
-1  22  97          -37.130         12          12.203         64          64.008          26.221         -50.576       15037.000      -19722.000      -26051.000        7857.000       26714.000       16945.000        5608.000      -19534.000 
-12435  
-1  12  98          -39.510          4           4.117         64          63.999          26.438         -55.422       -6516.000      -15365.000        1935.000       11373.000       15747.000      -13736.000       -6207.000       -4531.000 
-12435  
-1  22  99          -37.927         12          12.203         64          64.004          26.275         -50.496       15066.000      -19865.000      -25526.000        7645.000       27836.000       16824.000        3966.000      -20392.000 
-12435  
