-1  12  1           10.987          4           4.309         64          64.000          46.614         -33.877     -136013.000       17524.000     -168917.000      -73924.000     -127621.000     -105507.000      -35986.000     -219057.000 
-12435  
-1  22  2           10.997         12          11.964         64          64.002          42.794         -33.534       78036.000     -118229.000      171918.000      -86736.000      166764.000      -33235.000      198136.000      121793.000 
-12435  
-1  12  3           10.990          4           4.310         64          64.002          46.526         -33.873     -135065.000       24496.000     -172534.000      -65473.000     -132944.000      -98541.000      -46582.000     -217170.000 
-12435  
-1  22  4           10.990         12          11.964         64          64.002          42.817         -33.547       94815.000     -105506.000      181377.000      -61847.000      169041.000       -9443.000      179549.000      148268.000 
-12435  
-1  12  5           10.987          4           4.309         64          64.003          46.168         -33.886     -135185.000       23530.000     -172004.000      -66316.000     -132256.000      -98702.000      -45570.000     -217077.000 
-12435  
-1  22  6           10.990         12          11.964         64          64.000          43.029         -33.525       89038.000     -109950.000      179112.000      -70115.000      168788.000      -17029.000      187220.000      139950.000 
-12435  
-1  12  7           10.987          4           4.308         64          64.001          46.318         -33.868     -136516.000       17872.000     -169213.000      -73313.000     -128191.000     -104116.000      -36895.000     -219502.000 
-12435  
-1  22  8           10.990         12          11.964         64          64.003          42.840         -33.552       82032.000     -114422.000      175365.000      -80696.000      167085.000      -26863.000      193521.000      128040.000 
-12435  
-1  12  9           10.993          4           4.309         64          64.002          46.465         -33.883     -135496.000       21267.000     -170901.000      -69582.000     -129961.000     -102173.000      -40966.000     -217888.000 
-12435  
-1  22  10           10.993         12          11.963         64          64.004          42.897         -33.549       88052.000     -110255.000      178772.000      -72352.000      168502.000      -18077.000      186869.000      137545.000 
-12435  
-1  12  11           10.990          4           4.308         64          64.000          46.359         -33.873     -135799.000       19885.000     -170307.000      -70671.000     -129755.000     -103195.000      -39674.000     -218510.000 
-12435  
-1  22  12           10.993         12          11.963         64          64.004          43.241         -33.516       91748.000     -108930.000      181074.000      -66582.000      169399.000      -13439.000      183721.000      143577.000 
-12435  
-1  12  13           10.987          4           4.308         64          64.002          46.466         -33.886     -135126.000       22442.000     -171149.000      -67978.000     -131329.000     -100563.000      -43652.000     -217455.000 
-12435  
-1  22  14           10.990         12          11.961         64          64.002          42.841         -33.529       92755.000     -106271.000      181868.000      -64114.000      169395.000      -11261.000      181648.000      146337.000 
-12435  
-1  12  15           10.987          4           4.307         64          64.004          46.207         -33.878     -135106.000       24171.000     -172680.000      -65090.000     -133132.000      -99062.000      -46759.000     -216446.000 
-12435  
-1  22  16           10.990         12          11.965         64          64.000          42.729         -33.547       99122.000     -101429.000      185050.000      -54116.000      168796.000       -1442.000      172724.000      155266.000 
-12435  
-1  12  17           10.990          4           4.309         64          64.003          46.433         -33.879     -136193.000       19031.000     -169464.000      -73168.000     -128244.000     -104239.000      -37402.000     -218546.000 
-12435  
-1  22  18           10.990         12          11.962         64          64.001          43.095         -33.568       96646.000     -103134.000      183464.000      -56714.000      169262.000       -4086.000      174801.000      151617.000 
-12435  
-1  12  19           10.993          4           4.308         64          64.002          46.594         -33.875     -136005.000       21061.000     -170765.000      -69172.000     -130366.000     -101641.000      -41172.000     -218337.000 
-12435  
-1  22  20           10.983         12          11.964         64          64.001          42.929         -33.556       81541.000     -115133.000      174116.000      -81925.000      167231.000      -28706.000      194819.000      125629.000 
-12435  
-1  12  21           10.987          4           4.307         64          64.003          46.424         -33.874     -135494.000       19903.000     -170575.000      -70746.000     -129622.000     -102719.000      -40012.000     -218574.000 
-12435  
-1  22  22           10.993         12          11.962         64          64.002          42.946         -33.559       87602.000     -111494.000      178381.000      -72929.000      167144.000      -19679.000      187457.000      136554.000 
-12435  
-1  12  23           10.987          4           4.308         64          64.001          46.295         -33.865     -136855.000       13898.000     -166876.000      -78754.000     -125131.000     -108978.000      -30072.000     -220123.000 
-12435  
-1  22  24           10.990         12          11.963         64          64.004          42.881         -33.550       99937.000     -100272.000      185063.000      -51399.000      169710.000         279.000      170589.000      157484.000 
-12435  
-1  12  25           10.987          4           4.309         64          63.999          46.567         -33.885     -136269.000       19404.000     -170340.000      -71200.000     -129380.000     -102818.000      -38794.000     -217804.000 
-12435  
-1  22  26           10.987         12          11.964         64          64.003          42.790         -33.533       99359.000     -101059.000      184506.000      -54044.000      169724.000       -2222.000      172969.000      156234.000 
-12435  
-1  12  27           10.997          4           4.309         64          64.002          46.411         -33.880     -135452.000       20493.000     -170160.000      -70962.000     -129717.000     -102969.000      -39116.000     -218385.000 
-12435  
-1  22  28           10.997         12          11.965         64          64.002          42.996         -33.544      100048.000     -100149.000      185536.000      -52187.000      168870.000        1010.000      170623.000      158128.000 
-12435  
-1  12  29           10.990          4           4.309         64          64.002          46.244         -33.878     -136077.000       20487.000     -170432.000      -71149.000     -129518.000     -102280.000      -39942.000     -218194.000 
-12435  
-1  22  30           10.983         12          11.963         64          63.998          43.193         -33.547       99211.000     -101746.000      184979.000      -54805.000      169200.000       -2786.000      172898.000      154240.000 
-12435  
-1  12  31           10.993          4           4.308         64          64.003          46.447         -33.884     -136292.000       17658.000     -168939.000      -73469.000     -127354.000     -104905.000      -35723.000     -219052.000 
-12435  
-1  22  32           10.993         12          11.962         64          64.000          42.973         -33.549      101352.000      -98945.000      186033.000      -49092.000      169469.000        2507.000      168034.000      160111.000 
-12435  
-1  12  33           10.993          4           4.309         64          64.003          46.401         -33.877     -136183.000       16295.000     -168497.000      -75764.000     -126261.000     -106737.000      -32975.000     -219436.000 
-12435  
-1  22  34           10.987         12          11.965         64          64.002          42.985         -33.569       88831.000     -109651.000      178574.000      -70388.000      168285.000      -17830.000      185791.000      138212.000 
-12435  
-1  12  35           10.993          4           4.309         64          64.001          46.541         -33.876     -136037.000       19748.000     -170145.000      -71741.000     -128857.000     -103520.000      -38239.000     -218541.000 
-12435  
-1  22  36           10.990         12          11.963         64          64.002          42.833         -33.544       93063.000     -105437.000      181732.000      -62785.000      169180.000      -10121.000      180614.000      147486.000 
-12435  
-1  12  37           10.990          4           4.309         64          64.001          46.372         -33.875     -135880.000       19629.000     -169712.000      -71790.000     -128444.000     -103651.000      -39044.000     -219084.000 
-12435  
-1  22  38           10.993         12          11.965         64          64.004          42.676         -33.534       91081.000     -108999.000      179548.000      -68795.000      168965.000      -15342.000      184517.000      141991.000 
-12435  
-1  12  39           10.993          4           4.309         64          64.000          46.591         -33.871     -135690.000       22724.000     -171830.000      -67385.000     -131104.000     -100923.000      -43551.000     -217742.000 
-12435  
-1  22  40           10.993         12          11.961         64          64.000          42.995         -33.542       99779.000     -100203.000      185490.000      -51672.000      169873.000         426.000      170335.000      158003.000 
-12435  
-1  12  41           10.990          4           4.309         64          64.003          46.741         -33.883     -133879.000       27953.000     -173905.000      -60965.000     -134911.000      -94940.000      -52688.000     -216031.000 
-12435  
-1  22  42           10.993         12          11.961         64          64.002          42.954         -33.534       98308.000     -101431.000      185675.000      -52745.000      169417.000       -1146.000      172443.000      156511.000 
-12435  
-1  12  43           10.990          4           4.309         64          64.002          46.322         -33.889     -135711.000       18517.000     -169455.000      -72884.000     -128071.000     -104552.000      -37333.000     -218286.000 
-12435  
-1  22  44           10.990         12          11.963         64          63.997          43.010         -33.539       85212.000     -112629.000      177007.000      -76692.000      167311.000      -22780.000      191334.000      133057.000 
-12435  
-1  12  45           10.993          4           4.309         64          64.002          46.565         -33.869     -135905.000       21031.000     -171124.000      -70146.000     -129593.000     -102640.000      -40605.000     -218285.000 
-12435  
-1  22  46           10.993         12          11.963         64          64.002          43.075         -33.547       97656.000     -101250.000      184577.000      -56045.000      169415.000       -2698.000      173541.000      154653.000 
-12435  
-1  12  47           10.990          4           4.307         64          64.002          46.103         -33.880     -135809.000       20141.000     -170231.000      -70716.000     -129835.000     -102650.000      -39762.000     -218201.000 
-12435  
-1  22  48           10.993         12          11.963         64          64.003          42.800         -33.542      100550.000     -100180.000      185202.000      -50974.000      169473.000        1171.000      170402.000      158440.000 
-12435  
-1  12  49           10.990          4           4.309         64          64.001          46.588         -33.868     -136377.000       18865.000     -169697.000      -72529.000     -128650.000     -104065.000      -37651.000     -218994.000 
-12435  
-1  22  50           10.997         12          11.962         64          64.002          42.896         -33.515       96055.000     -104606.000      184434.000      -59262.000      170099.000       -5866.000      176729.000      151175.000 
-12435  
-1  12  51           10.993          4           4.309         64          64.000          46.827         -33.868     -135721.000       23559.000     -172094.000      -67072.000     -131841.000     -100318.000      -44469.000     -217415.000 
-12435  
-1  22  52           10.993         12          11.964         64          63.999          42.834         -33.563       93411.000     -105526.000      181689.000      -62968.000      168336.000      -10035.000      179640.000      147214.000 
-12435  
-1  12  53           10.990          4           4.308         64          63.999          46.660         -33.873     -135716.000       21711.000     -171681.000      -68637.000     -130823.000     -101577.000      -42384.000     -217552.000 
-12435  
-1  22  54           10.990         12          11.965         64          64.003          42.827         -33.545       98866.000     -101191.000      184548.000      -54111.000      169735.000       -1540.000      172699.000      155487.000 
-12435  
-1  12  55           10.983          4           4.310         64          64.001          46.400         -33.873     -135843.000       20102.000     -170458.000      -70227.000     -130318.000     -102260.000      -40548.000     -218409.000 
-12435  
-1  22  56           10.990         12          11.962         64          64.002          42.708         -33.527       93111.000     -107803.000      181572.000      -65259.000      169538.000      -11674.000      181921.000      144548.000 
-12435  
-1  12  57           10.990          4           4.309         64          64.003          46.383         -33.887     -134891.000       24337.000     -172043.000      -65055.000     -132371.000      -98405.000      -46811.000     -217251.000 
-12435  
-1  22  58           10.993         12          11.964         64          64.000          42.834         -33.526       83234.000     -115304.000      175127.000      -81003.000      166867.000      -26215.000      194363.000      129005.000 
-12435  
-1  12  59           10.983          4           4.309         64          64.002          46.379         -33.890     -136031.000       18279.000     -169187.000      -72557.000     -128351.000     -104134.000      -37670.000     -218304.000 
-12435  
-1  22  60           10.983         12          11.964         64          64.001          42.693         -33.539       89066.000     -110195.000      179507.000      -71527.000      168148.000      -18449.000      186890.000      137974.000 
-12435  
-1  12  61           10.990          4           4.309         64          64.002          46.540         -33.890     -136421.000       16870.000     -168068.000      -75521.000     -126560.000     -105864.000      -34074.000     -218866.000 
-12435  
-1  22  62           10.987         12          11.962         64          63.998          42.943         -33.540      102583.000      -97781.000      186181.000      -47370.000      169597.000        4118.000      167766.000      161357.000 
-12435  
-1  12  63           10.993          4           4.308         64          64.002          46.335         -33.885     -135956.000       20060.000     -169963.000      -70476.000     -129701.000     -102795.000      -39228.000     -218146.000 
-12435  
-1  22  64           10.983         12          11.965         64          63.999          43.063         -33.535       99872.000     -100684.000      184881.000      -53206.000      169587.000        -618.000      172710.000      156211.000 
-12435  
-1  12  65           10.987          4           4.309         64          64.002          46.362         -33.868     -136133.000       22239.000     -171680.000      -67965.000     -131550.000     -100830.000      -43339.000     -217479.000 
-12435  
-1  22  66           10.987         12          11.962         64          63.999          42.723         -33.529       91116.000     -108124.000      181229.000      -68925.000      168121.000      -14295.000      184667.000      141954.000 
-12435  
-1  12  67           10.990          4           4.308         64          64.003          46.205         -33.888     -135286.000       23819.000     -172256.000      -65230.000     -131785.000      -98952.000      -46292.000     -216980.000 
-12435  
-1  22  68           10.997         12          11.963         64          63.999          42.702         -33.550       90935.000     -108286.000      179678.000      -67446.000      167837.000      -13983.000      184198.000      143246.000 
-12435  
-1  12  69           10.993          4           4.308         64          64.001          46.282         -33.885     -135206.000       24401.000     -172081.000      -66262.000     -132463.000      -98964.000      -45523.000     -216740.000 
-12435  
-1  22  70           10.990         12          11.963         64          64.002          42.883         -33.550       95088.000     -104563.000      182724.000      -60472.000      169369.000       -8038.000      177760.000      149248.000 
-12435  
-1  12  71           10.990          4           4.308         64          64.002          46.351         -33.869     -135636.000       22797.000     -171560.000      -67376.000     -131287.000     -100575.000      -44561.000     -217973.000 
-12435  
-1  22  72           10.987         12          11.963         64          64.004          42.888         -33.554       88462.000     -110067.000      179150.000      -70466.000      168160.000      -17301.000      186622.000      138187.000 
-12435  
-1  12  73           10.993          4           4.308         64          64.002          46.431         -33.895     -135748.000       20939.000     -170249.000      -70015.000     -129562.000     -102147.000      -40416.000     -217649.000 
-12435  
-1  22  74           10.987         12          11.964         64          64.002          43.046         -33.535       79315.000     -117085.000      171644.000      -86983.000      166885.000      -32292.000      198451.000      121707.000 
-12435  
-1  12  75           10.987          4           4.309         64          64.002          46.582         -33.867     -135524.000       23953.000     -172165.000      -65951.000     -132684.000      -99204.000      -46387.000     -217438.000 
-12435  
-1  22  76           10.990         12          11.964         64          64.001          42.797         -33.534       89978.000     -108707.000      180734.000      -68936.000      169195.000      -15149.000      184763.000      140850.000 
-12435  
-1  12  77           10.990          4           4.309         64          64.002          46.316         -33.870     -134877.000       24757.000     -172642.000      -64473.000     -132766.000      -98560.000      -47845.000     -217536.000 
-12435  
-1  22  78           10.987         12          11.963         64          63.998          42.724         -33.533       78112.000     -116632.000      173057.000      -86188.000      166212.000      -32571.000      198668.000      122213.000 
-12435  
-1  12  79           10.997          4           4.308         64          64.003          46.304         -33.885     -135212.000       21682.000     -171312.000      -69224.000     -129917.000     -101784.000      -41444.000     -217778.000 
-12435  
-1  22  80           10.990         12          11.964         64          64.002          42.994         -33.546       88748.000     -110835.000      178733.000      -71938.000      168580.000      -18054.000      186536.000      137680.000 
-12435  
-1  12  81           10.987          4           4.309         64          64.002          46.376         -33.877     -136330.000       14759.000     -167666.000      -76624.000     -125716.000     -107299.000      -32034.000     -219945.000 
-12435  
-1  22  82           10.987         12          11.963         64          63.999          42.850         -33.546       95861.000     -104302.000      183098.000      -59512.000      169562.000       -7384.000      177124.000      149805.000 
-12435  
-1  12  83           10.993          4           4.309         64          64.002          46.405         -33.892     -135451.000       20853.000     -170414.000      -69700.000     -129873.000     -101843.000      -40612.000     -217950.000 
-12435  
-1  22  84           10.987         12          11.965         64          64.002          42.940         -33.532       88569.000     -108460.000      180604.000      -69789.000      168722.000      -16175.000      186355.000      140201.000 
-12435  
-1  12  85           10.990          4           4.309         64          64.000          46.549         -33.879     -136025.000       18575.000     -169592.000      -72339.000     -128633.000     -103952.000      -37359.000     -218756.000 
-12435  
-1  22  86           10.990         12          11.965         64          64.000          43.254         -33.531       96159.000     -103744.000      183261.000      -60223.000      169354.000       -6903.000      177430.000      151039.000 
-12435  
-1  12  87           10.993          4           4.309         64          63.999          46.952         -33.872     -135598.000       20921.000     -170778.000      -70417.000     -129622.000     -102553.000      -40525.000     -218534.000 
-12435  
-1  22  88           10.990         12          11.963         64          64.004          42.839         -33.522       84553.000     -113899.000      175850.000      -79003.000      167923.000      -24793.000      193054.000      131039.000 
-12435  
-1  12  89           10.990          4           4.309         64          64.001          46.531         -33.870     -134702.000       26378.000     -173295.000      -62984.000     -134264.000      -96765.000      -49730.000     -216834.000 
-12435  
-1  22  90           10.987         12          11.963         64          64.002          42.956         -33.516       94316.000     -106401.000      181876.000      -62267.000      170057.000      -10406.000      180813.000      147738.000 
-12435  
-1  12  91           10.990          4           4.309         64          64.004          46.282         -33.875     -135564.000       20748.000     -170791.000      -69433.000     -130119.000     -102044.000      -41134.000     -218472.000 
-12435  
-1  22  92           10.987         12          11.963         64          63.999          42.963         -33.555       99273.000     -100347.000      184805.000      -54061.000      168975.000       -1560.000      172126.000      155898.000 
-12435  
-1  12  93           10.993          4           4.308         64          64.004          46.582         -33.865     -136017.000       22019.000     -171222.000      -68456.000     -131066.000     -101513.000      -42604.000     -218110.000 
-12435  
-1  22  94           10.990         12          11.963         64          64.000          43.099         -33.548       95954.000     -103481.000      182770.000      -59204.000      169800.000       -6654.000      176750.000      150832.000 
-12435  
-1  12  95           10.990          4           4.308         64          64.002          46.790         -33.879     -136734.000       14883.000     -167323.000      -77259.000     -125575.000     -107567.000      -31336.000     -219665.000 
-12435  
-1  22  96           10.993         12          11.963         64          63.999          43.025         -33.557       87654.000     -110361.000      179036.000      -71083.000      167801.000      -18081.000      186638.000      138329.000 
-12435  
-1  12  97           10.983          4           4.307         64          64.003          46.528         -33.873     -135213.000       21522.000     -170890.000      -69349.000     -131005.000     -101561.000      -42648.000     -218127.000 
-12435  
-1  22  98           10.993         12          11.962         64          64.002          43.090         -33.545       74816.000     -119172.000      170058.000      -90631.000      165443.000      -35632.000      201511.000      116696.000 
-12435  
-1  12  99           10.990          4           4.308         64          64.001          46.313         -33.870     -136770.000       16358.000     -168634.000      -75183.000     -126852.000     -105964.000      -33894.000     -219534.000 
-12435  
