-1  22  2           48.667         12          11.856         64          63.978          17.787         -58.920        6047.000       -1043.000       -8544.000        7670.000        3869.000      -11057.000         599.000        9921.000 
-12435  
-12435  
-1  22  4           51.370         12          11.898         64          63.993          18.145         -58.740        6352.000       -2814.000       -6924.000        8600.000        1858.000      -12028.000        1827.000       10053.000 
-12435  
-12435  
-1  22  6           52.060         12          11.871         64          64.010          17.358         -59.200        6430.000       -2355.000       -8753.000        6436.000        3538.000      -10631.000         -81.000        9474.000 
-12435  
-12435  
-1  22  8           51.210         12          11.825         64          64.012          18.286         -58.665        6727.000       -2001.000       -7594.000        8099.000        2062.000      -11761.000        1119.000       10664.000 
-12435  
-12435  
-1  22  10           49.540         12          11.860         64          64.019          18.025         -58.703        6309.000       -1812.000       -7549.000        7580.000        3168.000      -12068.000        1616.000       10512.000 
-12435  
-12435  
-1  22  12           50.707         12          11.840         64          63.985          17.802         -58.973        6750.000        -597.000       -7957.000        7588.000        2905.000      -10814.000          -6.000       10412.000 
-12435  
-12435  
-1  22  14           49.133         12          11.852         64          64.013          18.221         -58.951        6616.000       -1382.000       -7875.000        8041.000        2073.000      -11249.000        1341.000        9881.000 
-12435  
-12435  
-1  22  16           51.407         12          11.824         64          63.976          17.805         -58.858        6044.000       -2101.000       -6493.000        8284.000        1210.000      -12082.000        1312.000       10508.000 
-12435  
-12435  
-1  22  18           49.260         12          11.805         64          64.016          18.140         -58.797        6783.000       -1315.000       -8399.000        6730.000        2836.000      -11811.000         828.000       10264.000 
-12435  
-12435  
-1  22  20           50.173         12          11.852         64          64.004          18.031         -58.855        7160.000       -1109.000       -7869.000        7042.000        4271.000      -11497.000         605.000        9840.000 
-12435  
-12435  
-1  22  22           48.223         12          11.837         64          63.977          18.155         -58.877        5046.000        -429.000       -8563.000        6823.000        3487.000      -11233.000         -57.000       11209.000 
-12435  
-12435  
-1  22  24           50.950         12          11.852         64          64.006          18.204         -58.706        6954.000       -1624.000       -8354.000        6192.000        3600.000      -11488.000         545.000       11029.000 
-12435  
-12435  
-1  22  26           51.187         12          11.858         64          63.975          17.870         -58.956        6622.000       -1233.000       -7931.000        6574.000        3056.000      -11250.000         121.000       10713.000 
-12435  
-12435  
-1  22  28           49.550         12          11.840         64          63.995          17.840         -58.966        6362.000       -1987.000       -7119.000        8398.000        1414.000      -11593.000        1887.000        9781.000 
-12435  
-12435  
-1  22  30           50.523         12          11.877         64          64.002          18.058         -58.780        6735.000        -599.000       -8083.000        7367.000        4217.000      -11440.000        -311.000       10232.000 
-12435  
-12435  
-1  22  32           49.603         12          11.811         64          64.005          18.278         -58.651        6820.000        -579.000       -8344.000        7023.000        4180.000      -11511.000         327.000       10750.000 
-12435  
-12435  
-1  22  34           49.883         12          11.869         64          63.995          18.185         -58.726        6912.000       -1288.000       -8280.000        8062.000        3243.000      -11404.000         692.000       10002.000 
-12435  
-12435  
-1  22  36           49.947         12          11.897         64          63.990          17.871         -58.975        6168.000        -307.000       -7963.000        7341.000        2406.000      -11163.000        -186.000       10700.000 
-12435  
-12435  
-1  22  38           48.210         12          11.864         64          63.996          17.915         -58.917        6839.000        -170.000       -8870.000        7008.000        3372.000      -11238.000          61.000        9670.000 
-12435  
-12435  
-1  22  40           51.527         12          11.895         64          63.990          18.099         -58.998        6477.000       -1322.000       -7131.000        7290.000        2921.000      -11429.000         413.000       10548.000 
-12435  
-12435  
-1  22  42           49.463         12          11.890         64          64.011          17.931         -58.752        5995.000       -1208.000       -8193.000        8536.000        2894.000      -11340.000         623.000       10332.000 
-12435  
-12435  
-1  22  44           47.733         12          11.856         64          63.977          18.150         -58.638        6687.000       -1479.000       -6947.000        7972.000        1831.000      -12886.000        2548.000        9904.000 
-12435  
-12435  
-1  22  46           49.733         12          11.874         64          63.966          18.585         -58.605        6454.000        -670.000       -8647.000        6917.000        3038.000      -11844.000        -156.000       11035.000 
-12435  
-12435  
-1  22  48           50.363         12          11.841         64          64.009          18.310         -58.558        6594.000        -941.000       -8597.000        7184.000        3828.000      -11972.000        -394.000       10618.000 
-12435  
-12435  
-1  22  50           46.843         12          11.785         64          63.971          18.076         -58.822        6286.000         474.000       -8176.000        6645.000        3090.000      -12150.000         554.000       10322.000 
-12435  
-12435  
-1  22  52           51.480         12          11.844         64          63.981          17.993         -58.841        7012.000       -1276.000       -7644.000        7581.000        2930.000      -11200.000         458.000       10582.000 
-12435  
-12435  
-1  22  54           48.487         12          11.867         64          64.006          17.759         -58.941        5704.000       -1822.000       -8198.000        6999.000        3576.000      -11583.000        1285.000       10142.000 
-12435  
-12435  
-1  22  56           51.360         12          11.845         64          63.993          17.704         -59.139        6427.000       -1369.000       -7347.000        6256.000        3637.000      -11734.000        -116.000        9915.000 
-12435  
-12435  
-1  22  58           49.983         12          11.860         64          64.000          18.367         -58.637        6886.000       -1498.000       -7699.000        7694.000        2306.000      -11999.000        1312.000       10660.000 
-12435  
-12435  
-1  22  60           50.657         12          11.834         64          64.034          18.194         -58.715        6523.000       -1446.000       -7537.000        7789.000        2587.000      -11488.000        1152.000       11092.000 
-12435  
-12435  
-1  22  62           49.427         12          11.823         64          64.008          18.084         -58.855        6241.000       -1226.000       -9339.000        6340.000        3759.000      -11255.000        -323.000       10142.000 
-12435  
-12435  
-1  22  64           50.523         12          11.864         64          64.012          18.069         -58.683        5514.000       -1219.000       -8755.000        6532.000        4289.000      -11446.000        -821.000       11268.000 
-12435  
-12435  
-1  22  66           51.733         12          11.850         64          64.007          18.275         -58.722        6696.000       -2254.000       -7231.000        8393.000        1617.000      -11696.000        1239.000       10528.000 
-12435  
-12435  
-1  22  68           50.557         12          11.858         64          63.973          18.291         -58.516        6571.000       -1879.000       -7958.000        7683.000        3072.000      -12224.000         930.000       10784.000 
-12435  
-12435  
-1  22  70           50.273         12          11.799         64          64.026          18.212         -58.882        5838.000       -1830.000       -7813.000        7670.000        3040.000      -11685.000         697.000       10270.000 
-12435  
-12435  
-1  22  72           51.287         12          11.873         64          63.971          17.930         -58.725        6808.000       -1152.000       -9159.000        7129.000        2646.000      -10675.000        -345.000       10984.000 
-12435  
-12435  
-1  22  74           48.530         12          11.861         64          64.003          18.437         -58.464        6489.000         -40.000       -9041.000        6884.000        4284.000      -11866.000        -239.000       10953.000 
-12435  
-12435  
-1  22  76           51.840         12          11.827         64          64.019          17.373         -59.264        6230.000       -1363.000       -7698.000        6396.000        2941.000      -10503.000          56.000       10715.000 
-12435  
-12435  
-1  22  78           49.897         12          11.855         64          63.961          17.856         -59.113        6746.000       -1174.000       -8010.000        6788.000        2758.000      -11173.000         608.000        9899.000 
-12435  
-12435  
-1  22  80           49.807         12          11.806         64          63.990          17.875         -58.917        6147.000        -699.000       -8716.000        6001.000        4393.000      -11102.000        -544.000       10616.000 
-12435  
-12435  
-1  22  82           50.247         12          11.838         64          64.021          17.920         -58.869        6957.000       -1103.000       -8335.000        6797.000        3157.000      -11449.000         243.000       10195.000 
-12435  
-12435  
-1  22  84           50.517         12          11.857         64          63.986          17.968         -58.714        7532.000        -846.000       -8708.000        7279.000        2782.000      -10991.000         242.000       10506.000 
-12435  
-12435  
-1  22  86           50.083         12          11.845         64          64.017          17.881         -58.983        6149.000        -888.000       -8342.000        7440.000        3092.000      -11014.000         -98.000       10260.000 
-12435  
-12435  
-1  22  88           51.453         12          11.897         64          64.044          17.921         -58.941        5815.000       -1910.000       -7384.000        7360.000        1963.000      -11878.000         398.000       10597.000 
-12435  
-12435  
-1  22  90           50.620         12          11.855         64          63.990          17.936         -58.693        6993.000        -668.000       -8098.000        7420.000        2231.000      -10990.000         562.000       11456.000 
-12435  
-12435  
-1  22  92           50.610         12          11.844         64          64.010          17.987         -58.590        6328.000       -1002.000       -7614.000        8248.000        3108.000      -11928.000         281.000       10886.000 
-12435  
-12435  
-1  22  94           51.787         12          11.870         64          63.995          17.553         -59.175        6569.000       -1213.000       -7759.000        6505.000        3275.000      -10818.000        -144.000       10365.000 
-12435  
-12435  
-1  22  96           50.283         12          11.883         64          64.036          17.964         -58.786        6879.000        -807.000       -9148.000        6107.000        3488.000      -11211.000        -517.000       10542.000 
-12435  
-12435  
-1  22  98           51.560         12          11.868         64          64.031          17.749         -58.996        6698.000       -1952.000       -7026.000        7352.000        1794.000      -11472.000        1215.000       10493.000 
-12435  
-12435  
-1  22  100           51.380         12          11.895         64          63.996          18.004         -58.879        7213.000       -1898.000       -8535.000        6814.000        3150.000      -10940.000         591.000       10223.000 
-12435  
