-1  12  1           -5.933          4           4.282         64          63.997          46.991         -32.977     -127509.000     -176321.000     -166345.000      -43137.000     -217689.000        -769.000     -178236.000       57337.000 
-12435  
-1  22  2           -5.010         12          11.988         64          63.997          42.543         -33.629      -40358.000      199991.000       70174.000      148431.000      123299.000      153126.000      142697.000       97615.000 
-12435  
-1  12  3           -5.933          4           4.282         64          63.997          47.583         -32.965     -102456.000     -191901.000     -159336.000      -65332.000     -216364.000      -30365.000     -184305.000       33101.000 
-12435  
-1  22  4           -5.007         12          11.989         64          64.002          43.012         -33.576      -35583.000      201077.000       74249.000      148247.000      126676.000      152523.000      145663.000       95383.000 
-12435  
-1  12  5           -5.943          4           4.282         64          64.003          47.402         -32.967     -103733.000     -191350.000     -159804.000      -64718.000     -216129.000      -29025.000     -183932.000       34636.000 
-12435  
-1  22  6           -5.010         12          11.990         64          64.006          43.160         -33.607      -33631.000      200884.000       73864.000      147004.000      128455.000      150502.000      146137.000       93605.000 
-12435  
-1  12  7           -5.940          4           4.282         64          64.008          47.151         -32.967     -120037.000     -181865.000     -164361.000      -50669.000     -217642.000      -10272.000     -180712.000       49906.000 
-12435  
-1  22  8           -5.010         12          11.988         64          64.005          42.946         -33.603      -35213.000      201113.000       73047.000      148016.000      127199.000      151504.000      145174.000       93811.000 
-12435  
-1  12  9           -5.943          4           4.283         64          64.003          47.135         -32.962     -127310.000     -177165.000     -165881.000      -44014.000     -218587.000       -1455.000     -178342.000       57039.000 
-12435  
-1  22  10           -5.010         12          11.989         64          64.000          42.891         -33.627      -30824.000      201059.000       76827.000      145336.000      129330.000      148424.000      147904.000       90216.000 
-12435  
-1  12  11           -5.937          4           4.284         64          64.000          47.221         -32.970     -119342.000     -181883.000     -164313.000      -50527.000     -217834.000      -10328.000     -180830.000       49436.000 
-12435  
-1  22  12           -5.007         12          11.990         64          63.997          42.894         -33.627      -36746.000      200469.000       72146.000      147432.000      124402.000      152899.000      144278.000       95120.000 
-12435  
-1  12  13           -5.947          4           4.283         64          63.999          47.107         -32.971     -114487.000     -185169.000     -162625.000      -55382.000     -217652.000      -16861.000     -181490.000       45062.000 
-12435  
-1  22  14           -5.010         12          11.990         64          64.000          42.620         -33.614      -21121.000      202560.000       82520.000      142300.000      137043.000      142502.000      151449.000       83900.000 
-12435  
-1  12  15           -5.947          4           4.283         64          64.003          47.267         -32.952     -108748.000     -188789.000     -161018.000      -60321.000     -217602.000      -23191.000     -183761.000       39413.000 
-12435  
-1  22  16           -5.007         12          11.990         64          64.005          42.716         -33.624      -43062.000      198717.000       67204.000      150398.000      119557.000      156706.000      141087.000      100152.000 
-12435  
-1  12  17           -5.937          4           4.283         64          64.001          47.350         -32.968     -117877.000     -183144.000     -163341.000      -52370.000     -217758.000      -13216.000     -181401.000       47954.000 
-12435  
-1  22  18           -5.010         12          11.991         64          64.006          42.921         -33.620      -38268.000      200800.000       71728.000      147231.000      125307.000      152728.000      143562.000       95766.000 
-12435  
-1  12  19           -5.940          4           4.283         64          64.002          46.978         -32.975     -122827.000     -179693.000     -165344.000      -47081.000     -217622.000       -6843.000     -179446.000       53613.000 
-12435  
-1  22  20           -5.013         12          11.989         64          64.001          42.825         -33.616      -20753.000      203773.000       82896.000      141407.000      137017.000      141616.000      151767.000       82697.000 
-12435  
-1  12  21           -5.947          4           4.283         64          64.000          46.974         -32.977     -119446.000     -181499.000     -164467.000      -50504.000     -217565.000      -10508.000     -180306.000       50503.000 
-12435  
-1  22  22           -5.010         12          11.989         64          64.000          42.988         -33.597      -17314.000      204087.000       85805.000      140346.000      139815.000      140223.000      152881.000       80907.000 
-12435  
-1  12  23           -5.960          4           4.283         64          64.000          47.602         -32.971     -115613.000     -184621.000     -162964.000      -53959.000     -217497.000      -14765.000     -181365.000       47036.000 
-12435  
-1  22  24           -5.003         12          11.987         64          64.001          42.840         -33.632      -34764.000      201109.000       73106.000      146503.000      125783.000      151243.000      144712.000       94477.000 
-12435  
-1  12  25           -5.933          4           4.283         64          64.001          46.953         -32.975     -109329.000     -188105.000     -160638.000      -59512.000     -216899.000      -23143.000     -183215.000       39628.000 
-12435  
-1  22  26           -5.010         12          11.990         64          64.002          42.739         -33.599      -27997.000      203119.000       78478.000      144800.000      132388.000      146857.000      148249.000       88513.000 
-12435  
-1  12  27           -5.943          4           4.283         64          64.004          46.995         -32.973     -124588.000     -178076.000     -165155.000      -45953.000     -218686.000       -4204.000     -178802.000       55064.000 
-12435  
-1  22  28           -5.010         12          11.991         64          64.002          43.147         -33.605      -23978.000      202578.000       81069.000      143177.000      134870.000      145520.000      150133.000       85330.000 
-12435  
-1  12  29           -5.947          4           4.283         64          64.002          47.130         -32.971     -118664.000     -182418.000     -163868.000      -51227.000     -218114.000      -10901.000     -180656.000       48923.000 
-12435  
-1  22  30           -5.010         12          11.987         64          64.002          42.995         -33.613       -3816.000      203948.000       94968.000      134377.000      148593.000      129867.000      158157.000       70539.000 
-12435  
-1  12  31           -5.933          4           4.283         64          64.002          46.982         -32.966     -117936.000     -183134.000     -163939.000      -51826.000     -217943.000      -12810.000     -180960.000       48128.000 
-12435  
-1  22  32           -5.010         12          11.989         64          63.999          42.880         -33.624      -35563.000      200599.000       72260.000      147560.000      126511.000      152011.000      144267.000       94079.000 
-12435  
-1  12  33           -5.940          4           4.282         64          64.001          47.285         -32.961     -116619.000     -184033.000     -163296.000      -53746.000     -218184.000      -14820.000     -181270.000       46874.000 
-12435  
-1  22  34           -5.017         12          11.989         64          64.002          42.889         -33.626      -15589.000      202721.000       87652.000      139391.000      141665.000      137351.000      153783.000       78571.000 
-12435  
-1  12  35           -5.937          4           4.282         64          64.002          46.910         -32.965     -107908.000     -189180.000     -160809.000      -60768.000     -217027.000      -24484.000     -183329.000       38404.000 
-12435  
-1  22  36           -5.013         12          11.988         64          64.002          42.902         -33.620      -23613.000      202219.000       81234.000      142828.000      135515.000      144013.000      150461.000       84956.000 
-12435  
-1  12  37           -5.943          4           4.283         64          64.002          47.093         -32.980     -117397.000     -183011.000     -163347.000      -52279.000     -217697.000      -12390.000     -180946.000       47503.000 
-12435  
-1  22  38           -5.007         12          11.990         64          64.004          42.891         -33.601       -2912.000      204961.000       95778.000      133737.000      149204.000      129353.000      158187.000       70131.000 
-12435  
-1  12  39           -5.943          4           4.283         64          64.002          47.416         -32.981     -121584.000     -179672.000     -164519.000      -48889.000     -218056.000       -7378.000     -179936.000       51961.000 
-12435  
-1  22  40           -5.010         12          11.988         64          63.999          42.766         -33.613      -26292.000      202740.000       79909.000      143931.000      133483.000      145520.000      148668.000       87423.000 
-12435  
-1  12  41           -5.940          4           4.283         64          64.002          46.856         -32.973     -123198.000     -179362.000     -164951.000      -47316.000     -218155.000       -6220.000     -179437.000       53255.000 
-12435  
-1  22  42           -5.007         12          11.988         64          64.000          43.137         -33.614      -24649.000      203009.000       80448.000      143194.000      133737.000      145102.000      149414.000       86728.000 
-12435  
-1  12  43           -5.930          4           4.283         64          64.002          46.807         -32.980     -109629.000     -187308.000     -161082.000      -59107.000     -217123.000      -22309.000     -182788.000       40127.000 
-12435  
-1  22  44           -5.010         12          11.988         64          63.999          43.116         -33.623      -22567.000      202165.000       82000.000      142478.000      135716.000      143715.000      150659.000       84471.000 
-12435  
-1  12  45           -5.937          4           4.283         64          64.002          46.907         -32.970     -109904.000     -187479.000     -161461.000      -58984.000     -217076.000      -21681.000     -183265.000       40314.000 
-12435  
-1  22  46           -5.010         12          11.989         64          64.002          42.772         -33.597      -22237.000      203364.000       82870.000      142013.000      136879.000      142581.000      151832.000       84495.000 
-12435  
-1  12  47           -5.943          4           4.283         64          64.003          47.235         -32.967     -110348.000     -187235.000     -161553.000      -58539.000     -217188.000      -21452.000     -183262.000       41470.000 
-12435  
-1  22  48           -5.010         12          11.991         64          64.003          42.818         -33.620      -18520.000      202549.000       85709.000      140600.000      139577.000      139334.000      152865.000       81569.000 
-12435  
-1  12  49           -5.927          4           4.283         64          64.001          47.035         -32.969     -123650.000     -178975.000     -165449.000      -47171.000     -218306.000       -5864.000     -179409.000       53185.000 
-12435  
-1  22  50           -5.010         12          11.987         64          64.003          43.075         -33.596      -27038.000      202403.000       79238.000      144842.000      133185.000      147107.000      148627.000       87989.000 
-12435  
-1  12  51           -5.953          4           4.282         64          64.002          47.099         -32.958     -116988.000     -183890.000     -163545.000      -52952.000     -217923.000      -13557.000     -181657.000       48066.000 
-12435  
-1  22  52           -5.013         12          11.990         64          64.000          43.283         -33.616       -2318.000      203793.000       96583.000      132567.000      150642.000      128815.000      158404.000       68705.000 
-12435  
-1  12  53           -5.937          4           4.283         64          64.001          47.064         -32.974     -117449.000     -182759.000     -163683.000      -52448.000     -217643.000      -12988.000     -181314.000       47910.000 
-12435  
-1  22  54           -5.010         12          11.990         64          64.001          42.894         -33.595       -1151.000      204989.000       96984.000      133433.000      150889.000      128990.000      157781.000       68269.000 
-12435  
-1  12  55           -5.947          4           4.283         64          64.002          47.024         -32.959     -119859.000     -182098.000     -163980.000      -51077.000     -218134.000      -10531.000     -181096.000       49737.000 
-12435  
-1  22  56           -5.007         12          11.989         64          63.999          42.785         -33.633      -30544.000      201425.000       76918.000      145584.000      129583.000      147464.000      146955.000       90756.000 
-12435  
-1  12  57           -5.937          4           4.283         64          64.002          47.032         -32.966     -117403.000     -183418.000     -163618.000      -52788.000     -217508.000      -13387.000     -181676.000       47331.000 
-12435  
-1  22  58           -5.007         12          11.990         64          64.002          42.838         -33.610      -40022.000      200128.000       70377.000      148202.000      123428.000      154435.000      143221.000       97815.000 
-12435  
-1  12  59           -5.943          4           4.282         64          64.002          47.192         -32.961     -115216.000     -184936.000     -162966.000      -54533.000     -218162.000      -16047.000     -181545.000       45818.000 
-12435  
-1  22  60           -5.007         12          11.988         64          64.004          42.897         -33.611      -16068.000      203522.000       86530.000      139573.000      140317.000      138549.000      153985.000       80274.000 
-12435  
-1  12  61           -5.940          4           4.282         64          64.001          47.165         -32.973     -120645.000     -180750.000     -164849.000      -49335.000     -217676.000       -8465.000     -180531.000       50891.000 
-12435  
-1  22  62           -5.010         12          11.990         64          64.002          43.046         -33.616      -23707.000      202773.000       80825.000      143177.000      134591.000      144054.000      150458.000       85531.000 
-12435  
-1  12  63           -5.937          4           4.283         64          64.002          47.272         -32.960     -125628.000     -178295.000     -165706.000      -45221.000     -218437.000       -3430.000     -179164.000       55286.000 
-12435  
-1  22  64           -5.007         12          11.990         64          64.000          42.893         -33.610      -39762.000      200020.000       69867.000      148966.000      122773.000      154681.000      143275.000       97666.000 
-12435  
-1  12  65           -5.940          4           4.282         64          64.000          47.572         -32.969     -122702.000     -179790.000     -164535.000      -48250.000     -218171.000       -7194.000     -180060.000       52601.000 
-12435  
-1  22  66           -5.007         12          11.991         64          64.002          42.980         -33.632      -39479.000      200896.000       70355.000      147924.000      122055.000      153652.000      142567.000       97208.000 
-12435  
-1  12  67           -5.957          4           4.284         64          64.002          47.589         -32.954     -115748.000     -185133.000     -162948.000      -54116.000     -217864.000      -14881.000     -182183.000       46310.000 
-12435  
-1  22  68           -5.010         12          11.992         64          64.000          42.806         -33.613       -2861.000      204201.000       95552.000      133723.000      149156.000      128662.000      158883.000       69704.000 
-12435  
-1  12  69           -5.957          4           4.284         64          64.002          47.205         -32.975     -119218.000     -182383.000     -163935.000      -50928.000     -217071.000      -10474.000     -180955.000       49862.000 
-12435  
-1  22  70           -5.007         12          11.989         64          64.001          42.683         -33.623      -23332.000      202561.000       80376.000      143682.000      134394.000      144273.000      149664.000       85698.000 
-12435  
-1  12  71           -5.950          4           4.283         64          64.004          47.109         -32.980     -117428.000     -182852.000     -163318.000      -52023.000     -217753.000      -12345.000     -180878.000       48259.000 
-12435  
-1  22  72           -5.010         12          11.988         64          63.998          42.882         -33.619      -36840.000      200746.000       72211.000      146963.000      125918.000      152375.000      144317.000       95135.000 
-12435  
-1  12  73           -5.933          4           4.283         64          64.001          46.907         -32.970     -112052.000     -186461.000     -161627.000      -57554.000     -217360.000      -19666.000     -182909.000       41872.000 
-12435  
-1  22  74           -5.007         12          11.989         64          64.001          42.721         -33.602      -22588.000      203203.000       82309.000      141714.000      136433.000      143233.000      151229.000       85440.000 
-12435  
-1  12  75           -5.943          4           4.282         64          64.001          47.122         -32.972     -116686.000     -183963.000     -163541.000      -53737.000     -217540.000      -14109.000     -180866.000       46752.000 
-12435  
-1  22  76           -5.007         12          11.988         64          64.002          42.874         -33.627      -39833.000      199868.000       70038.000      148326.000      123255.000      153291.000      143248.000       97677.000 
-12435  
-1  12  77           -5.920          4           4.283         64          64.000          47.269         -32.961     -116677.000     -183840.000     -163854.000      -53424.000     -217838.000      -14170.000     -181751.000       46021.000 
-12435  
-1  22  78           -5.010         12          11.989         64          64.001          42.922         -33.618      -25113.000      202245.000       80691.000      143142.000      134603.000      144258.000      150096.000       86492.000 
-12435  
-1  12  79           -5.953          4           4.283         64          64.000          47.054         -32.968     -115835.000     -183991.000     -163209.000      -53676.000     -217544.000      -14231.000     -182091.000       46800.000 
-12435  
-1  22  80           -5.010         12          11.989         64          64.003          42.756         -33.614      -24782.000      202507.000       80534.000      143787.000      134724.000      145227.000      148821.000       86158.000 
-12435  
-1  12  81           -5.950          4           4.282         64          64.003          47.183         -32.964     -121875.000     -180819.000     -164753.000      -48843.000     -218243.000       -7674.000     -179778.000       52128.000 
-12435  
-1  22  82           -5.007         12          11.991         64          64.003          43.012         -33.608      -37135.000      201005.000       71529.000      147916.000      125279.000      153211.000      143990.000       95416.000 
-12435  
-1  12  83           -5.947          4           4.282         64          64.002          47.290         -32.961     -113055.000     -186450.000     -162175.000      -56777.000     -217606.000      -19012.000     -182269.000       43664.000 
-12435  
-1  22  84           -5.010         12          11.990         64          64.000          42.668         -33.612      -25569.000      202384.000       79928.000      143700.000      133938.000      145332.000      149753.000       86679.000 
-12435  
-1  12  85           -5.950          4           4.283         64          64.001          47.043         -32.965     -118469.000     -182737.000     -164121.000      -52332.000     -217865.000      -11701.000     -180792.000       48818.000 
-12435  
-1  22  86           -5.007         12          11.990         64          64.002          42.861         -33.596       -6590.000      204559.000       94047.000      135153.000      146978.000      132056.000      157388.000       73140.000 
-12435  
-1  12  87           -5.943          4           4.282         64          64.003          47.614         -32.976     -119010.000     -181952.000     -163627.000      -51373.000     -217629.000      -11753.000     -180928.000       49606.000 
-12435  
-1  22  88           -5.003         12          11.988         64          64.000          42.817         -33.612      -24901.000      202682.000       80492.000      142875.000      134442.000      145096.000      148827.000       88304.000 
-12435  
-1  12  89           -5.933          4           4.283         64          64.002          47.060         -32.971     -111444.000     -186617.000     -161553.000      -57800.000     -217206.000      -20109.000     -183179.000       41447.000 
-12435  
-1  22  90           -5.007         12          11.988         64          64.003          42.758         -33.607      -38763.000      199773.000       70692.000      149479.000      124510.000      153857.000      142931.000       97265.000 
-12435  
-1  12  91           -5.953          4           4.283         64          64.003          47.001         -32.963     -119166.000     -182503.000     -164158.000      -51322.000     -217701.000      -10837.000     -181041.000       49613.000 
-12435  
-1  22  92           -5.010         12          11.991         64          64.001          42.826         -33.625      -20561.000      202590.000       82604.000      141369.000      136883.000      142766.000      151460.000       83118.000 
-12435  
-1  12  93           -5.950          4           4.282         64          64.001          47.034         -32.967     -121932.000     -180253.000     -165012.000      -48887.000     -218241.000       -7499.000     -179648.000       52460.000 
-12435  
-1  22  94           -5.007         12          11.990         64          64.002          43.008         -33.627      -23824.000      203107.000       80293.000      142087.000      134305.000      144801.000      149451.000       85959.000 
-12435  
-1  12  95           -5.940          4           4.282         64          64.002          47.118         -32.962     -113463.000     -186328.000     -162546.000      -56208.000     -217328.000      -18200.000     -182364.000       43564.000 
-12435  
-1  22  96           -5.010         12          11.988         64          64.002          42.728         -33.626      -42044.000      199861.000       67265.000      149617.000      120700.000      155047.000      142215.000       98746.000 
-12435  
-1  12  97           -5.950          4           4.283         64          64.003          47.264         -32.959     -115951.000     -185449.000     -162766.000      -53998.000     -218030.000      -15074.000     -181341.000       45955.000 
-12435  
-1  22  98           -5.007         12          11.992         64          63.998          42.872         -33.607      -18493.000      203358.000       84865.000      140347.000      138752.000      141351.000      152242.000       82613.000 
-12435  
-1  12  99           -5.937          4           4.283         64          64.002          47.218         -32.972     -113873.000     -185076.000     -162874.000      -55870.000     -217278.000      -17276.000     -182160.000       44194.000 
-12435  
