-1  22  1          -25.983         12          12.003         64          63.992          38.688         -37.829       22663.000      103672.000       95068.000      -14951.000      -21743.000     -129257.000     -119489.000       12274.000 
-12435  
-1  12  2          -14.210          4           4.452         64          63.991          26.056         -55.803        8022.000       -5791.000       -3772.000      -17006.000      -17979.000       -8878.000       -4932.000        1884.000 
-12435  
-1  22  3          -25.997         12          12.005         64          63.996          38.845         -37.836        8734.000      106136.000       96138.000       -3213.000       -4591.000     -130385.000     -120121.000       -2607.000 
-12435  
-1  12  4          -13.897          4           4.419         64          64.004          26.135         -55.822        7591.000       -5350.000       -2212.000      -17281.000      -17404.000      -10265.000       -5237.000        1473.000 
-12435  
-1  22  5          -25.990         12          12.002         64          64.003          38.773         -37.848       11469.000      106170.000       95527.000       -4149.000       -7991.000     -130206.000     -119766.000        -563.000 
-12435  
-1  12  6          -14.210          4           4.437         64          63.986          26.112         -55.833        7868.000       -6312.000       -3219.000      -16667.000      -18055.000       -8754.000       -5386.000        1982.000 
-12435  
-1  22  7          -25.997         12          12.004         64          64.009          38.841         -37.842       16181.000      104665.000       95697.000       -9300.000      -14109.000     -129698.000     -120257.000        5765.000 
-12435  
-1  12  8          -13.857          4           4.434         64          64.014          26.130         -55.902        6536.000       -7561.000       -4997.000      -16329.000      -18583.000       -7094.000       -4251.000        2688.000 
-12435  
-1  22  9          -26.007         12          12.004         64          64.000          38.776         -37.811       22342.000      104497.000       94793.000      -15290.000      -21883.000     -128938.000     -120114.000       13374.000 
-12435  
-1  12  10          -13.743          4           4.438         64          64.010          26.139         -55.821        7022.000       -7117.000       -4614.000      -15901.000      -19091.000       -7689.000       -5107.000        1980.000 
-12435  
-1  22  11          -25.997         12          12.003         64          63.995          38.604         -37.825       16591.000      104459.000       95353.000       -9549.000      -14947.000     -130266.000     -120764.000        6007.000 
-12435  
-1  12  12          -13.993          4           4.436         64          63.984          26.158         -55.798        7122.000       -6294.000       -4033.000      -16487.000      -18783.000       -8364.000       -5154.000        2111.000 
-12435  
-1  22  13          -25.993         12          12.007         64          63.998          38.716         -37.847        8141.000      105374.000       95378.000       -2518.000       -3995.000     -131537.000     -119656.000       -3372.000 
-12435  
-1  12  14          -14.470          4           4.438         64          63.996          26.384         -55.672        7903.000       -6025.000       -2752.000      -16931.000      -18477.000       -9298.000       -5515.000        2305.000 
-12435  
-1  22  15          -26.007         12          12.002         64          64.002          39.040         -37.833       13081.000      104899.000       96087.000       -6681.000      -10486.000     -130942.000     -119844.000        3869.000 
-12435  
-1  12  16          -13.910          4           4.437         64          64.017          26.229         -55.691        7616.000       -6227.000       -4274.000      -17238.000      -18126.000       -9221.000       -4691.000        2277.000 
-12435  
-1  22  17          -26.027         12          12.007         64          64.005          38.880         -37.838        8778.000      105435.000       95470.000       -2987.000       -6223.000     -130315.000     -121189.000        -723.000 
-12435  
-1  12  18          -14.400          4           4.432         64          64.004          26.716         -55.639        7353.000       -6181.000       -4768.000      -17014.000      -18996.000       -8081.000       -4947.000        2853.000 
-12435  
-1  22  19          -26.017         12          12.004         64          64.002          38.762         -37.835       13135.000      104875.000       95590.000       -5580.000      -11883.000     -130383.000     -120691.000        2947.000 
-12435  
-1  12  20          -14.810          4           4.439         64          63.995          26.642         -55.710        7408.000       -6437.000       -4492.000      -16681.000      -19172.000       -7534.000       -4449.000        3202.000 
-12435  
-1  22  21          -25.997         12          12.006         64          63.999          38.951         -37.815       24409.000      102927.000       94811.000      -17397.000      -24882.000     -128433.000     -120310.000       15176.000 
-12435  
-1  12  22          -14.183          4           4.437         64          63.995          26.639         -55.661        7813.000       -6510.000       -3453.000      -16879.000      -18729.000       -8751.000       -5192.000        2052.000 
-12435  
-1  22  23          -25.990         12          12.005         64          63.997          38.616         -37.870       23265.000      103323.000       94154.000      -15310.000      -21641.000     -128308.000     -119237.000       13241.000 
-12435  
-1  12  24          -14.190          4           4.439         64          63.993          26.063         -55.684        8244.000       -5957.000       -2792.000      -16705.000      -18617.000       -9406.000       -5178.000        1436.000 
-12435  
-1  22  25          -25.993         12          12.001         64          64.002          38.634         -37.843       17389.000      104463.000       93984.000      -10401.000      -15222.000     -130419.000     -120528.000        6748.000 
-12435  
-1  12  26          -14.120          4           4.435         64          64.005          26.251         -55.721        7415.000       -6086.000       -4118.000      -17119.000      -18439.000       -8354.000       -5518.000        2178.000 
-12435  
-1  22  27          -25.997         12          12.004         64          64.006          38.776         -37.833       18239.000      104914.000       94631.000      -10913.000      -16136.000     -130225.000     -119923.000        8202.000 
-12435  
-1  12  28          -14.377          4           4.430         64          63.989          26.298         -55.584        7890.000       -6413.000       -4265.000      -16802.000      -19306.000       -8416.000       -4602.000        2346.000 
-12435  
-1  22  29          -26.000         12          12.005         64          64.001          38.932         -37.830       30373.000      102076.000       93570.000      -21406.000      -31300.000     -126678.000     -118547.000       22062.000 
-12435  
-1  12  30          -13.997          4           4.425         64          63.992          26.274         -55.776        7519.000       -6788.000       -4371.000      -16729.000      -18510.000       -7873.000       -5103.000        2035.000 
-12435  
-1  22  31          -26.003         12          12.003         64          63.995          38.691         -37.853       19066.000      103890.000       94650.000      -12177.000      -17745.000     -129459.000     -120033.000        9829.000 
-12435  
-1  12  32          -14.050          4           4.430         64          63.983          26.297         -55.699        7093.000       -6171.000       -4352.000      -16707.000      -19218.000       -7944.000       -5314.000        2036.000 
-12435  
-1  22  33          -25.987         12          12.010         64          64.001          38.717         -37.856       12011.000      105356.000       95795.000       -4131.000       -7852.000     -130181.000     -119840.000         146.000 
-12435  
-1  12  34          -13.950          4           4.433         64          63.998          26.038         -55.872        6911.000       -6033.000       -3872.000      -16143.000      -18596.000       -8769.000       -5538.000        2226.000 
-12435  
-1  22  35          -25.993         12          12.007         64          64.001          38.953         -37.825       29933.000      101982.000       94489.000      -21217.000      -31528.000     -127113.000     -117877.000       21423.000 
-12435  
-1  12  36          -13.857          4           4.444         64          64.004          26.266         -55.835        7632.000       -5870.000       -4042.000      -16705.000      -17912.000       -9259.000       -5178.000        1888.000 
-12435  
-1  22  37          -25.997         12          12.005         64          64.004          38.749         -37.849       11564.000      105358.000       95444.000       -5214.000       -8303.000     -130533.000     -120040.000         665.000 
-12435  
-1  12  38          -14.027          4           4.421         64          64.002          26.405         -55.650        7158.000       -6420.000       -4935.000      -16783.000      -18878.000       -8219.000       -5610.000        2654.000 
-12435  
-1  22  39          -25.987         12          12.004         64          64.002          38.808         -37.847       21105.000      103235.000       95229.000      -14188.000      -20074.000     -129608.000     -119254.000       11025.000 
-12435  
-1  12  40          -13.947          4           4.423         64          63.982          26.155         -55.918        7119.000       -6764.000       -4348.000      -16354.000      -18284.000       -8152.000       -4510.000        2371.000 
-12435  
-1  22  41          -25.997         12          12.007         64          64.001          38.808         -37.840       16484.000      104707.000       95584.000       -9280.000      -14148.000     -130268.000     -119717.000        6625.000 
-12435  
-1  12  42          -14.423          4           4.430         64          63.995          26.412         -55.712        7466.000       -6371.000       -4258.000      -17139.000      -18451.000       -8224.000       -4931.000        2872.000 
-12435  
-1  22  43          -25.987         12          12.002         64          63.999          38.693         -37.829       25941.000      102547.000       94643.000      -18652.000      -25681.000     -128597.000     -118994.000       16633.000 
-12435  
-1  12  44          -14.190          4           4.444         64          63.996          26.296         -55.687        7962.000       -6060.000       -3796.000      -17264.000      -18245.000       -8892.000       -5010.000        2041.000 
-12435  
-1  22  45          -26.003         12          12.006         64          64.001          38.646         -37.816       11031.000      105617.000       95708.000       -5012.000       -8204.000     -130537.000     -121309.000         203.000 
-12435  
-1  12  46          -14.147          4           4.445         64          63.989          26.372         -55.759        6894.000       -6224.000       -3953.000      -16668.000      -18887.000       -8447.000       -5043.000        2555.000 
-12435  
-1  22  47          -26.010         12          12.003         64          63.999          38.665         -37.859       10170.000      104674.000       95552.000       -3891.000       -7626.000     -131160.000     -119608.000         660.000 
-12435  
-1  12  48          -13.957          4           4.441         64          64.007          26.274         -55.694        7316.000       -6906.000       -3489.000      -16782.000      -18761.000       -8827.000       -4740.000        2232.000 
-12435  
-1  22  49          -25.993         12          12.003         64          63.997          38.635         -37.823       18473.000      104352.000       95294.000      -11649.000      -17355.000     -130345.000     -119963.000        8406.000 
-12435  
-1  12  50          -13.983          4           4.434         64          63.996          26.067         -55.696        7499.000       -6424.000       -4839.000      -16889.000      -18674.000       -8126.000       -5132.000        2172.000 
-12435  
-1  22  51          -26.007         12          12.005         64          64.004          38.634         -37.856        8131.000      105908.000       95518.000       -2076.000       -4697.000     -130196.000     -120062.000       -2976.000 
-12435  
-1  12  52          -13.683          4           4.439         64          63.986          26.442         -55.683        7511.000       -6842.000       -4253.000      -16730.000      -18759.000       -8334.000       -5413.000        1603.000 
-12435  
-1  22  53          -26.003         12          12.004         64          63.999          38.963         -37.842       20924.000      103840.000       94247.000      -13694.000      -20509.000     -129198.000     -120145.000       11491.000 
-12435  
-1  12  54          -13.703          4           4.446         64          63.994          26.046         -55.958        6827.000       -6178.000       -4274.000      -16319.000      -18231.000       -8375.000       -5133.000        1945.000 
-12435  
-1  22  55          -26.007         12          12.003         64          64.003          38.564         -37.809       19210.000      104699.000       95332.000      -11591.000      -17059.000     -129765.000     -120800.000       10007.000 
-12435  
-1  12  56          -14.457          4           4.437         64          64.009          26.277         -55.660        7547.000       -6512.000       -3907.000      -16973.000      -18822.000       -8345.000       -4963.000        2782.000 
-12435  
-1  22  57          -26.000         12          12.004         64          64.002          38.820         -37.799       30556.000      102719.000       92652.000      -21654.000      -31934.000     -127520.000     -119145.000       21830.000 
-12435  
-1  12  58          -14.250          4           4.419         64          64.003          26.544         -55.689        7549.000       -6627.000       -3466.000      -17013.000      -18721.000       -8448.000       -4879.000        2288.000 
-12435  
-1  22  59          -25.997         12          12.005         64          64.003          38.598         -37.821       23372.000      104014.000       94254.000      -16084.000      -22282.000     -128704.000     -120291.000       13722.000 
-12435  
-1  12  60          -13.563          4           4.434         64          64.010          26.048         -55.835        6564.000       -5698.000       -3786.000      -16413.000      -18837.000       -8929.000       -5384.000        1534.000 
-12435  
-1  22  61          -25.987         12          12.003         64          64.002          38.894         -37.810       13618.000      104420.000       97268.000       -5801.000      -10269.000     -130843.000     -120616.000        2570.000 
-12435  
-1  12  62          -13.697          4           4.444         64          63.977          26.140         -55.760        7341.000       -6158.000       -4804.000      -16621.000      -18586.000       -8738.000       -4800.000        1889.000 
-12435  
-1  22  63          -26.000         12          12.010         64          64.004          38.735         -37.835        9082.000      105493.000       96171.000       -4096.000       -6178.000     -130534.000     -120417.000       -1836.000 
-12435  
-1  12  64          -13.610          4           4.451         64          63.989          26.005         -55.901        6705.000       -6373.000       -4365.000      -16136.000      -18500.000       -8568.000       -5268.000        2078.000 
-12435  
-1  22  65          -25.987         12          12.004         64          64.003          38.972         -37.845       20045.000      103887.000       95373.000      -12145.000      -17275.000     -129585.000     -119640.000        9756.000 
-12435  
-1  12  66          -14.497          4           4.431         64          64.001          26.161         -55.745        7411.000       -6650.000       -3984.000      -16989.000      -18720.000       -7468.000       -5077.000        2613.000 
-12435  
-1  22  67          -25.997         12          12.001         64          64.002          38.565         -37.852        7409.000      105405.000       96221.000       -1527.000       -2958.000     -130188.000     -120262.000       -3836.000 
-12435  
-1  12  68          -14.150          4           4.446         64          63.998          26.065         -55.742        7349.000       -6596.000       -4718.000      -16390.000      -19177.000       -7732.000       -4666.000        2269.000 
-12435  
-1  22  69          -25.987         12          12.004         64          63.999          38.640         -37.843        7512.000      105409.000       95947.000       -1822.000       -3164.000     -131441.000     -119511.000       -4523.000 
-12435  
-1  12  70          -13.707          4           4.437         64          63.992          26.316         -55.608        7091.000       -6896.000       -4637.000      -16912.000      -19252.000       -8118.000       -4854.000        1957.000 
-12435  
-1  22  71          -25.977         12          12.004         64          63.997          38.863         -37.838       30319.000      101860.000       94045.000      -20928.000      -30422.000     -126970.000     -118252.000       20481.000 
-12435  
-1  12  72          -13.957          4           4.425         64          64.009          26.129         -55.744        7442.000       -6700.000       -4013.000      -16438.000      -18819.000       -8363.000       -5272.000        2007.000 
-12435  
-1  22  73          -25.997         12          12.005         64          63.998          38.887         -37.835       13905.000      105693.000       95578.000       -6775.000      -11125.000     -130239.000     -120072.000        2844.000 
-12435  
-1  12  74          -14.223          4           4.445         64          64.007          26.178         -55.796        7194.000       -6313.000       -4050.000      -16367.000      -18691.000       -8181.000       -5822.000        2527.000 
-12435  
-1  22  75          -26.000         12          12.004         64          64.001          38.662         -37.839       23079.000      103032.000       94775.000      -15296.000      -22627.000     -128738.000     -119846.000       14043.000 
-12435  
-1  12  76          -14.207          4           4.432         64          63.993          26.100         -55.806        6805.000       -6260.000       -3189.000      -16605.000      -18840.000       -8406.000       -5288.000        2380.000 
-12435  
-1  22  77          -26.007         12          12.004         64          64.000          38.712         -37.833       19653.000      104454.000       94362.000      -14372.000      -19469.000     -129680.000     -119821.000       11010.000 
-12435  
-1  12  78          -14.110          4           4.437         64          63.996          26.228         -55.893        6963.000       -6331.000       -4221.000      -16217.000      -18838.000       -8122.000       -4303.000        2347.000 
-12435  
-1  22  79          -25.990         12          12.008         64          64.005          38.705         -37.868       11002.000      104477.000       95148.000       -4653.000       -7884.000     -130852.000     -119853.000        -383.000 
-12435  
-1  12  80          -14.227          4           4.433         64          64.009          26.569         -55.721        7162.000       -6761.000       -4395.000      -16897.000      -18911.000       -7675.000       -4699.000        2562.000 
-12435  
-1  22  81          -25.983         12          12.000         64          64.005          38.930         -37.849       16460.000      104602.000       95628.000       -9119.000      -13851.000     -130003.000     -119719.000        4968.000 
-12435  
-1  12  82          -14.470          4           4.445         64          63.991          26.081         -55.809        7596.000       -6251.000       -4348.000      -16575.000      -18796.000       -7838.000       -4363.000        2423.000 
-12435  
-1  22  83          -26.000         12          12.005         64          64.001          38.613         -37.838       15904.000      105134.000       95732.000       -8844.000      -13273.000     -129400.000     -120514.000        5389.000 
-12435  
-1  12  84          -14.077          4           4.436         64          63.993          26.394         -55.705        7603.000       -6972.000       -4299.000      -16916.000      -18822.000       -7849.000       -4363.000        2058.000 
-12435  
-1  22  85          -26.010         12          12.003         64          64.001          38.620         -37.818       10605.000      105366.000       96606.000       -4638.000       -7014.000     -130593.000     -120765.000        1290.000 
-12435  
-1  12  86          -13.673          4           4.433         64          64.004          26.255         -55.733        6569.000       -6379.000       -4409.000      -16406.000      -19405.000       -8196.000       -4980.000        1931.000 
-12435  
-1  22  87          -25.997         12          12.007         64          63.999          38.928         -37.848       20231.000      104142.000       94625.000      -13321.000      -19493.000     -129584.000     -119316.000       10537.000 
-12435  
-1  12  88          -13.967          4           4.447         64          64.005          26.678         -55.626        6986.000       -6546.000       -4652.000      -16601.000      -19639.000       -7875.000       -4946.000        2168.000 
-12435  
-1  22  89          -25.997         12          12.001         64          64.002          38.729         -37.843       13058.000      104008.000       95520.000       -7730.000      -10680.000     -130295.000     -121217.000        2564.000 
-12435  
-1  12  90          -13.933          4           4.441         64          63.989          26.299         -55.683        6964.000       -6712.000       -4545.000      -16489.000      -19048.000       -8506.000       -5116.000        2656.000 
-12435  
-1  22  91          -25.987         12          12.004         64          64.002          38.513         -37.888       14724.000      103349.000       95036.000       -8013.000      -11840.000     -129974.000     -119924.000        3747.000 
-12435  
-1  12  92          -13.997          4           4.443         64          63.982          26.078         -55.722        7361.000       -5912.000       -3926.000      -16996.000      -18767.000       -8553.000       -4994.000        1757.000 
-12435  
-1  22  93          -25.997         12          12.005         64          64.001          38.806         -37.849       19642.000      104376.000       94876.000      -12408.000      -18423.000     -129239.000     -119663.000        9622.000 
-12435  
-1  12  94          -14.010          4           4.427         64          64.015          26.404         -55.736        7221.000       -7030.000       -4452.000      -16621.000      -18724.000       -8217.000       -4658.000        2597.000 
-12435  
-1  22  95          -25.990         12          12.004         64          64.001          38.714         -37.797       29802.000      102941.000       93811.000      -21751.000      -29759.000     -127488.000     -119127.000       20749.000 
-12435  
-1  12  96          -14.060          4           4.434         64          64.001          26.149         -55.827        7092.000       -6107.000       -3607.000      -16771.000      -18471.000       -8647.000       -4910.000        2160.000 
-12435  
-1  22  97          -26.003         12          12.006         64          64.000          38.723         -37.828       10476.000      105750.000       95875.000       -4153.000       -6409.000     -130647.000     -120528.000         216.000 
-12435  
-1  12  98          -14.190          4           4.426         64          63.997          26.357         -55.619        7185.000       -7194.000       -4584.000      -16749.000      -19337.000       -7494.000       -5010.000        2661.000 
-12435  
-1  22  99          -25.983         12          12.001         64          64.002          38.989         -37.858       17427.000      104982.000       94944.000       -9956.000      -14546.000     -129518.000     -119680.000        5966.000 
-12435  
