-1  12  1           31.343          4           4.292         64          64.011          32.535         -49.551      -23848.000       11150.000        4815.000      -16771.000       27477.000       12246.000         111.000       40049.000 
-12435  
-1  22  2           28.850         12          11.954         64          64.002          39.416         -37.334      -70959.000      -85828.000      116062.000      -73542.000       75523.000       84355.000     -103749.000       59637.000 
-12435  
-1  12  3           31.543          4           4.296         64          63.999          32.556         -49.530      -23226.000       12443.000        4035.000      -16913.000       28455.000       10977.000         755.000       39951.000 
-12435  
-1  22  4           28.917         12          11.948         64          64.002          39.300         -37.350      -62968.000      -91532.000      121988.000      -62391.000       66740.000       90282.000     -109696.000       49579.000 
-12435  
-1  12  5           31.613          4           4.294         64          63.999          32.625         -49.510      -23389.000       12132.000        3673.000      -17054.000       27645.000       12002.000         542.000       40412.000 
-12435  
-1  22  6           28.897         12          11.948         64          63.999          39.613         -37.341      -64204.000      -90668.000      120563.000      -63926.000       69071.000       90551.000     -108624.000       50962.000 
-12435  
-1  12  7           31.747          4           4.294         64          63.995          32.316         -49.632      -23154.000       11791.000        4493.000      -15909.000       27454.000       12095.000        -620.000       39911.000 
-12435  
-1  22  8           28.923         12          11.953         64          64.001          39.135         -37.350      -64306.000      -91239.000      121069.000      -63316.000       68587.000       89707.000     -108903.000       49712.000 
-12435  
-1  12  9           31.343          4           4.292         64          64.008          32.723         -49.481      -23866.000       10625.000        5414.000      -17001.000       27304.000       13152.000       -1490.000       40526.000 
-12435  
-1  22  10           28.873         12          11.948         64          63.999          39.204         -37.340      -68951.000      -87168.000      119115.000      -69535.000       72862.000       86414.000     -105505.000       55361.000 
-12435  
-1  12  11           31.513          4           4.292         64          64.004          32.401         -49.597      -23277.000       11599.000        4101.000      -16982.000       27287.000       12142.000          38.000       39957.000 
-12435  
-1  22  12           28.923         12          11.947         64          64.001          39.242         -37.374      -63027.000      -91556.000      121494.000      -61096.000       66311.000       90866.000     -109399.000       49137.000 
-12435  
-1  12  13           31.857          4           4.296         64          63.994          32.262         -49.553      -23484.000       12073.000        4423.000      -16671.000       26977.000       12542.000       -1136.000       40301.000 
-12435  
-1  22  14           28.923         12          11.949         64          64.002          39.415         -37.346      -69530.000      -86759.000      117638.000      -70319.000       73121.000       85360.000     -106259.000       56556.000 
-12435  
-1  12  15           31.320          4           4.285         64          64.004          32.339         -49.558      -23948.000       10453.000        4672.000      -16969.000       27205.000       12641.000        -777.000       40097.000 
-12435  
-1  22  16           28.930         12          11.946         64          64.003          39.406         -37.354      -62604.000      -91474.000      121585.000      -62304.000       66771.000       90973.000     -109955.000       48839.000 
-12435  
-1  12  17           31.367          4           4.292         64          64.009          32.559         -49.493      -23766.000       11423.000        5149.000      -17047.000       27898.000       11970.000        -415.000       40250.000 
-12435  
-1  22  18           28.893         12          11.947         64          64.001          39.756         -37.335      -70454.000      -85699.000      116957.000      -72235.000       75230.000       84204.000     -105306.000       58007.000 
-12435  
-1  12  19           31.370          4           4.293         64          64.003          32.432         -49.512      -24432.000       10609.000        5614.000      -16907.000       27063.000       13269.000       -1320.000       40014.000 
-12435  
-1  22  20           28.937         12          11.951         64          64.001          39.512         -37.308      -62690.000      -92028.000      122989.000      -61273.000       66501.000       91815.000     -111124.000       47919.000 
-12435  
-1  12  21           31.573          4           4.289         64          63.998          32.584         -49.510      -23411.000       11282.000        5232.000      -16219.000       27931.000       13195.000       -1556.000       40220.000 
-12435  
-1  22  22           28.900         12          11.947         64          64.000          39.367         -37.350      -60438.000      -93427.000      123644.000      -58535.000       64320.000       93021.000     -110402.000       46189.000 
-12435  
-1  12  23           31.680          4           4.298         64          63.997          32.280         -49.562      -23953.000       10905.000        4353.000      -16285.000       26765.000       12665.000       -1163.000       40528.000 
-12435  
-1  22  24           28.910         12          11.948         64          64.000          39.165         -37.342      -67288.000      -87808.000      118832.000      -68150.000       72398.000       87288.000     -107461.000       53904.000 
-12435  
-1  12  25           31.567          4           4.291         64          64.002          32.481         -49.532      -24046.000       11281.000        4972.000      -16349.000       27683.000       12410.000        -878.000       40039.000 
-12435  
-1  22  26           28.907         12          11.949         64          64.001          39.700         -37.306      -71812.000      -84979.000      115843.000      -73550.000       76349.000       84395.000     -105136.000       59920.000 
-12435  
-1  12  27           31.457          4           4.284         64          63.998          32.435         -49.508      -23460.000       11017.000        4002.000      -16726.000       27775.000       12510.000        -436.000       40572.000 
-12435  
-1  22  28           28.850         12          11.950         64          64.002          39.231         -37.328      -62214.000      -92449.000      123241.000      -60556.000       67027.000       91245.000     -109742.000       48753.000 
-12435  
-1  12  29           31.313          4           4.297         64          63.996          32.185         -49.536      -24102.000       10022.000        5500.000      -16764.000       26985.000       12904.000       -1857.000       40345.000 
-12435  
-1  22  30           28.910         12          11.946         64          64.002          39.170         -37.344      -61596.000      -92665.000      122995.000      -61070.000       66546.000       90679.000     -110316.000       47190.000 
-12435  
-1  12  31           31.313          4           4.298         64          63.999          32.304         -49.507      -23473.000       10737.000        5147.000      -16846.000       27278.000       12449.000        -855.000       40820.000 
-12435  
-1  22  32           28.953         12          11.947         64          64.001          39.495         -37.345      -69782.000      -87189.000      116713.000      -70798.000       73014.000       86115.000     -106188.000       56104.000 
-12435  
-1  12  33           31.457          4           4.295         64          64.001          32.498         -49.510      -23751.000       11243.000        5276.000      -16664.000       27272.000       12915.000        -725.000       40407.000 
-12435  
-1  22  34           28.873         12          11.953         64          63.999          39.480         -37.316      -63396.000      -92045.000      122137.000      -62633.000       67867.000       90750.000     -109333.000       50463.000 
-12435  
-1  12  35           31.437          4           4.288         64          64.006          32.450         -49.524      -24070.000       10941.000        4424.000      -16720.000       27655.000       12293.000        -446.000       40182.000 
-12435  
-1  22  36           28.897         12          11.951         64          64.003          39.199         -37.344      -61290.000      -92696.000      122309.000      -60420.000       66571.000       91971.000     -110253.000       47763.000 
-12435  
-1  12  37           31.680          4           4.288         64          63.996          32.484         -49.526      -24046.000       11105.000        4592.000      -16717.000       27194.000       12949.000       -1669.000       40189.000 
-12435  
-1  22  38           28.917         12          11.949         64          64.001          39.307         -37.312      -72207.000      -84967.000      116193.000      -73561.000       76653.000       84243.000     -104809.000       58481.000 
-12435  
-1  12  39           31.533          4           4.286         64          63.996          32.578         -49.474      -23385.000       12028.000        5097.000      -17024.000       27295.000       12382.000        -143.000       40788.000 
-12435  
-1  22  40           28.910         12          11.949         64          64.002          39.366         -37.318      -60696.000      -93617.000      123719.000      -60169.000       65741.000       92342.000     -110825.000       46198.000 
-12435  
-1  12  41           31.457          4           4.290         64          64.008          32.416         -49.609      -23608.000       10570.000        4469.000      -16549.000       27542.000       13039.000       -1354.000       39582.000 
-12435  
-1  22  42           28.910         12          11.949         64          64.006          39.459         -37.321      -70027.000      -85796.000      118081.000      -70769.000       73871.000       86269.000     -106135.000       56794.000 
-12435  
-1  12  43           31.573          4           4.289         64          64.001          32.609         -49.465      -24016.000       10735.000        5423.000      -16541.000       27175.000       13703.000       -2236.000       40630.000 
-12435  
-1  22  44           28.897         12          11.948         64          63.997          39.278         -37.331      -68761.000      -87536.000      118480.000      -69579.000       72739.000       85850.000     -106557.000       56384.000 
-12435  
-1  12  45           31.757          4           4.297         64          64.003          32.427         -49.486      -24221.000       11774.000        4270.000      -16336.000       27152.000       11861.000        -192.000       40883.000 
-12435  
-1  22  46           28.903         12          11.948         64          63.998          39.332         -37.330      -61756.000      -93073.000      123169.000      -59427.000       65707.000       92347.000     -110446.000       47575.000 
-12435  
-1  12  47           31.537          4           4.290         64          64.006          32.472         -49.436      -23897.000       11994.000        4401.000      -16865.000       28028.000       12272.000         371.000       40569.000 
-12435  
-1  22  48           28.947         12          11.948         64          63.999          39.505         -37.346      -65853.000      -89515.000      119482.000      -66158.000       69666.000       88187.000     -109064.000       52362.000 
-12435  
-1  12  49           31.690          4           4.301         64          63.997          32.512         -49.488      -23437.000       12380.000        4496.000      -16532.000       28153.000       11986.000         -20.000       40321.000 
-12435  
-1  22  50           28.923         12          11.947         64          64.002          39.243         -37.312      -63689.000      -91910.000      122572.000      -62599.000       67447.000       90977.000     -109781.000       48981.000 
-12435  
-1  12  51           31.623          4           4.294         64          64.012          32.488         -49.488      -23524.000       12288.000        4288.000      -16790.000       28116.000       11918.000         235.000       40262.000 
-12435  
-1  22  52           28.903         12          11.951         64          64.001          39.201         -37.324      -61923.000      -92207.000      122588.000      -62006.000       66932.000       91428.000     -110290.000       48391.000 
-12435  
-1  12  53           31.497          4           4.298         64          64.000          32.698         -49.573      -23928.000        9959.000        4431.000      -16479.000       27448.000       13676.000       -2343.000       39753.000 
-12435  
-1  22  54           28.913         12          11.946         64          64.002          39.281         -37.321      -69134.000      -86828.000      117897.000      -70962.000       73580.000       85707.000     -106631.000       56760.000 
-12435  
-1  12  55           31.520          4           4.304         64          64.008          32.375         -49.519      -23643.000       10854.000        4796.000      -16699.000       27197.000       13805.000       -1476.000       40265.000 
-12435  
-1  22  56           28.950         12          11.948         64          64.001          39.273         -37.299      -67948.000      -89659.000      118807.000      -67976.000       71217.000       88249.000     -108221.000       54190.000 
-12435  
-1  12  57           31.607          4           4.290         64          64.002          32.322         -49.438      -24450.000       10870.000        5018.000      -16908.000       27296.000       14178.000       -1999.000       40271.000 
-12435  
-1  22  58           28.910         12          11.946         64          64.000          39.307         -37.342      -68660.000      -87026.000      118415.000      -69130.000       72713.000       86843.000     -106511.000       55316.000 
-12435  
-1  12  59           31.643          4           4.299         64          64.000          32.265         -49.554      -24228.000       10682.000        4606.000      -16585.000       26881.000       12816.000       -1766.000       40214.000 
-12435  
-1  22  60           28.900         12          11.949         64          63.998          39.120         -37.276      -73790.000      -84422.000      115859.000      -75961.000       77292.000       82742.000     -104013.000       61718.000 
-12435  
-1  12  61           31.577          4           4.291         64          64.006          32.968         -49.538      -24055.000       11144.000        4900.000      -16478.000       27240.000       12665.000        -965.000       40190.000 
-12435  
-1  22  62           28.897         12          11.950         64          64.001          39.351         -37.326      -75669.000      -81589.000      112275.000      -78675.000       80173.000       79299.000     -102089.000       64974.000 
-12435  
-1  12  63           31.777          4           4.295         64          64.007          32.524         -49.474      -24514.000       11126.000        4728.000      -16592.000       27020.000       13314.000       -1950.000       40444.000 
-12435  
-1  22  64           28.910         12          11.947         64          64.000          39.339         -37.372      -61099.000      -92134.000      122740.000      -59495.000       65473.000       92243.000     -110110.000       46636.000 
-12435  
-1  12  65           31.603          4           4.295         64          64.007          32.627         -49.547      -23744.000       11562.000        4349.000      -16630.000       27423.000       12702.000        -335.000       40043.000 
-12435  
-1  22  66           28.903         12          11.950         64          64.003          39.660         -37.317      -70169.000      -87536.000      118046.000      -70518.000       73095.000       86119.000     -105452.000       57268.000 
-12435  
-1  12  67           31.520          4           4.285         64          64.004          32.353         -49.439      -24036.000       11354.000        4715.000      -16969.000       27651.000       13080.000        -759.000       40563.000 
-12435  
-1  22  68           28.927         12          11.952         64          64.003          39.191         -37.302      -59400.000      -94127.000      125092.000      -57181.000       63536.000       93686.000     -112908.000       44628.000 
-12435  
-1  12  69           31.390          4           4.291         64          63.997          32.351         -49.603      -22909.000       11558.000        5241.000      -16765.000       27440.000       12529.000        -427.000       39852.000 
-12435  
-1  22  70           28.900         12          11.951         64          64.001          39.367         -37.331      -64082.000      -91756.000      122260.000      -62478.000       67605.000       90914.000     -108611.000       49543.000 
-12435  
-1  12  71           31.627          4           4.293         64          64.002          32.212         -49.543      -23227.000       12181.000        4751.000      -16474.000       27450.000       11792.000         196.000       40484.000 
-12435  
-1  22  72           28.913         12          11.950         64          63.998          39.428         -37.344      -60691.000      -92205.000      122676.000      -60765.000       65752.000       92204.000     -110896.000       47334.000 
-12435  
-1  12  73           31.687          4           4.299         64          64.007          32.349         -49.531      -23866.000       12106.000        4167.000      -16987.000       27381.000       12088.000         -33.000       40062.000 
-12435  
-1  22  74           28.927         12          11.950         64          64.001          39.476         -37.325      -62470.000      -93003.000      123004.000      -59630.000       66024.000       92087.000     -110578.000       47376.000 
-12435  
-1  12  75           31.447          4           4.297         64          64.003          32.300         -49.539      -23475.000       10720.000        4681.000      -16666.000       27208.000       12217.000       -1142.000       40743.000 
-12435  
-1  22  76           28.850         12          11.949         64          64.001          39.222         -37.350      -76435.000      -80158.000      109721.000      -81043.000       82340.000       78751.000      -99601.000       66611.000 
-12435  
-1  12  77           31.710          4           4.295         64          63.994          32.548         -49.569      -23646.000       11639.000        4549.000      -16964.000       26767.000       12747.000       -1083.000       40108.000 
-12435  
-1  22  78           28.903         12          11.947         64          64.000          39.292         -37.325      -60270.000      -94055.000      124070.000      -59166.000       64543.000       92570.000     -110941.000       46206.000 
-12435  
-1  12  79           31.697          4           4.293         64          64.001          32.892         -49.421      -24350.000       11301.000        4166.000      -16642.000       27597.000       12196.000        -998.000       41074.000 
-12435  
-1  22  80           28.943         12          11.950         64          64.001          39.341         -37.324      -69917.000      -87623.000      117871.000      -70186.000       72572.000       85991.000     -106594.000       56176.000 
-12435  
-1  12  81           31.413          4           4.305         64          64.000          32.486         -49.474      -24014.000       11271.000        4934.000      -17268.000       27509.000       12349.000        -623.000       40421.000 
-12435  
-1  22  82           28.907         12          11.951         64          64.003          39.304         -37.344      -64576.000      -91017.000      121196.000      -63099.000       68702.000       89896.000     -108721.000       50452.000 
-12435  
-1  12  83           31.163          4           4.291         64          63.999          32.364         -49.517      -23424.000       10549.000        5773.000      -16799.000       27932.000       13024.000       -1191.000       40098.000 
-12435  
-1  22  84           28.943         12          11.948         64          64.003          39.197         -37.341      -67488.000      -89297.000      119059.000      -66732.000       71145.000       87098.000     -108252.000       53029.000 
-12435  
-1  12  85           31.567          4           4.296         64          63.995          32.487         -49.512      -24555.000       10739.000        5049.000      -16562.000       27396.000       13504.000       -1686.000       39802.000 
-12435  
-1  22  86           28.923         12          11.950         64          64.002          39.419         -37.340      -62647.000      -92965.000      123214.000      -59645.000       65890.000       91095.000     -110254.000       47420.000 
-12435  
-1  12  87           31.823          4           4.297         64          64.007          32.554         -49.562      -23559.000       11877.000        3796.000      -16408.000       27145.000       12764.000        -484.000       40226.000 
-12435  
-1  22  88           28.927         12          11.946         64          64.002          39.455         -37.314      -71046.000      -86250.000      116515.000      -71351.000       74269.000       85468.000     -106010.000       59002.000 
-12435  
-1  12  89           31.573          4           4.287         64          64.010          32.239         -49.548      -23778.000       11381.000        4431.000      -16704.000       27139.000       12875.000        -415.000       40159.000 
-12435  
-1  22  90           28.947         12          11.949         64          64.001          39.089         -37.337      -71931.000      -85506.000      115441.000      -73830.000       75381.000       83598.000     -105038.000       58518.000 
-12435  
-1  12  91           31.647          4           4.286         64          63.995          32.795         -49.551      -23387.000       11904.000        4709.000      -16925.000       27245.000       12654.000        -691.000       40082.000 
-12435  
-1  22  92           28.927         12          11.948         64          63.999          39.256         -37.348      -64438.000      -90074.000      120823.000      -64129.000       68673.000       89599.000     -109305.000       50722.000 
-12435  
-1  12  93           31.570          4           4.292         64          64.002          32.599         -49.506      -23691.000       11005.000        4435.000      -16468.000       27419.000       12344.000        -986.000       40799.000 
-12435  
-1  22  94           28.947         12          11.950         64          64.000          39.494         -37.331      -72972.000      -84331.000      114826.000      -74611.000       75846.000       84298.000     -104182.000       59691.000 
-12435  
-1  12  95           31.483          4           4.297         64          64.004          32.337         -49.487      -24622.000       10107.000        5800.000      -16780.000       26682.000       13438.000       -2673.000       40439.000 
-12435  
-1  22  96           28.940         12          11.946         64          64.001          39.317         -37.318      -63833.000      -91343.000      121897.000      -63006.000       68414.000       90835.000     -110125.000       48369.000 
-12435  
-1  12  97           31.430          4           4.292         64          63.996          32.609         -49.516      -23723.000       11135.000        4939.000      -16429.000       27487.000       12185.000        -307.000       40615.000 
-12435  
-1  22  98           28.887         12          11.945         64          64.000          39.237         -37.331      -62655.000      -91900.000      121925.000      -62462.000       67628.000       90833.000     -109660.000       49726.000 
-12435  
-1  12  99           31.610          4           4.292         64          64.003          32.323         -49.488      -24096.000       11359.000        4699.000      -16514.000       27828.000       12840.000        -988.000       40165.000 
-12435  
