-1  12  1           16.267          4           4.287         64          63.997          35.081         -46.977      -10904.000      -34146.000       24954.000      -29642.000       28767.000      -16446.000       39679.000       29732.000 
-12435  
-1  22  2           15.000         12          11.962         64          64.006          40.499         -36.005      -29772.000      109556.000     -134797.000       43153.000     -123636.000        4341.000      -90653.000     -151343.000 
-12435  
-1  12  3           16.323          4           4.291         64          64.002          34.957         -47.040      -11992.000      -33404.000       24032.000      -30369.000       28127.000      -17241.000       40023.000       28317.000 
-12435  
-1  22  4           15.000         12          11.962         64          64.003          40.646         -36.043      -44027.000      104665.000     -137487.000       26498.000     -124122.000      -11425.000      -70334.000     -160195.000 
-12435  
-1  12  5           16.383          4           4.289         64          64.003          34.868         -47.035      -11024.000      -33964.000       24510.000      -29293.000       28202.000      -16537.000       39634.000       29749.000 
-12435  
-1  22  6           15.000         12          11.961         64          64.001          40.481         -36.011      -32779.000      108789.000     -134346.000       40975.000     -125212.000        2040.000      -88047.000     -152161.000 
-12435  
-1  12  7           16.197          4           4.285         64          64.009          34.828         -47.070      -10071.000      -34210.000       24559.000      -29518.000       28366.000      -16356.000       38851.000       29681.000 
-12435  
-1  22  8           15.000         12          11.962         64          63.999          40.493         -35.992      -33281.000      108900.000     -134998.000       39976.000     -125568.000        1671.000      -86893.000     -153206.000 
-12435  
-1  12  9           16.263          4           4.289         64          64.000          34.914         -47.031      -12544.000      -33628.000       23487.000      -30186.000       27692.000      -17644.000       40878.000       27653.000 
-12435  
-1  22  10           15.000         12          11.961         64          64.002          40.613         -35.998      -31754.000      109339.000     -134214.000       42563.000     -125091.000        2834.000      -90020.000     -151408.000 
-12435  
-1  12  11           16.167          4           4.288         64          64.004          35.045         -47.031       -9203.000      -34678.000       25874.000      -28888.000       28632.000      -15768.000       38070.000       30906.000 
-12435  
-1  22  12           15.000         12          11.961         64          64.000          40.532         -36.049      -27361.000      110054.000     -132147.000       46792.000     -124381.000        7418.000      -93757.000     -147333.000 
-12435  
-1  12  13           16.293          4           4.288         64          64.000          35.114         -47.039       -9620.000      -34394.000       26325.000      -27883.000       29416.000      -14963.000       38028.000       31167.000 
-12435  
-1  22  14           15.000         12          11.961         64          64.002          40.505         -36.028      -29894.000      110185.000     -132714.000       44727.000     -124654.000        4693.000      -92632.000     -148762.000 
-12435  
-1  12  15           16.250          4           4.288         64          64.005          35.001         -47.035      -10459.000      -33881.000       24568.000      -29354.000       28381.000      -16553.000       39497.000       29954.000 
-12435  
-1  22  16           15.000         12          11.960         64          64.001          40.716         -36.023      -40646.000      106322.000     -136763.000       31328.000     -124508.000       -6116.000      -76549.000     -158003.000 
-12435  
-1  12  17           16.360          4           4.288         64          63.998          34.949         -46.970      -12571.000      -33750.000       23886.000      -30510.000       27627.000      -17625.000       41013.000       28269.000 
-12435  
-1  22  18           15.000         12          11.964         64          63.999          40.651         -36.021      -20819.000      112253.000     -128546.000       55126.000     -123467.000       15869.000     -103519.000     -142250.000 
-12435  
-1  12  19           16.317          4           4.289         64          64.001          35.040         -47.094      -11431.000      -33476.000       23474.000      -29773.000       27429.000      -17170.000       40150.000       28755.000 
-12435  
-1  22  20           15.000         12          11.964         64          64.002          40.732         -36.003      -28024.000      110961.000     -132788.000       47042.000     -124559.000        7327.000      -94665.000     -148011.000 
-12435  
-1  12  21           16.490          4           4.288         64          64.008          35.041         -47.031      -10245.000      -34058.000       25588.000      -28400.000       28628.000      -15523.000       38899.000       31063.000 
-12435  
-1  22  22           15.000         12          11.962         64          64.000          40.602         -36.024      -28828.000      110052.000     -132884.000       45198.000     -124911.000        6418.000      -93025.000     -148481.000 
-12435  
-1  12  23           16.303          4           4.283         64          64.006          34.847         -47.033       -8936.000      -34377.000       26158.000      -27642.000       28985.000      -15211.000       38025.000       32159.000 
-12435  
-1  22  24           15.000         12          11.963         64          64.001          40.545         -36.023      -29700.000      109422.000     -133122.000       45002.000     -125209.000        4894.000      -91937.000     -149203.000 
-12435  
-1  12  25           16.273          4           4.291         64          64.005          35.080         -47.021      -11601.000      -33314.000       24476.000      -30223.000       28432.000      -16710.000       40104.000       28746.000 
-12435  
-1  22  26           15.000         12          11.961         64          64.005          40.569         -36.007      -30189.000      110399.000     -134375.000       43387.000     -124846.000        4978.000      -91053.000     -149557.000 
-12435  
-1  12  27           16.310          4           4.289         64          64.003          34.857         -47.061       -9682.000      -33951.000       24793.000      -29331.000       28143.000      -15776.000       38954.000       30696.000 
-12435  
-1  22  28           15.000         12          11.964         64          64.003          40.451         -36.023      -39873.000      107174.000     -136284.000       33297.000     -124564.000       -6304.000      -77749.000     -157022.000 
-12435  
-1  12  29           16.263          4           4.290         64          63.998          35.101         -46.967      -11448.000      -33780.000       24637.000      -29717.000       28514.000      -17137.000       40281.000       29427.000 
-12435  
-1  22  30           15.000         12          11.962         64          64.001          40.342         -36.022      -32647.000      109306.000     -133859.000       41749.000     -124944.000        2442.000      -88264.000     -151491.000 
-12435  
-1  12  31           16.160          4           4.287         64          64.000          34.813         -47.074      -11122.000      -33861.000       24374.000      -29453.000       27677.000      -16610.000       40129.000       28604.000 
-12435  
-1  22  32           15.000         12          11.962         64          64.003          40.584         -36.015      -29734.000      110331.000     -132403.000       44824.000     -124704.000        5166.000      -92835.000     -149533.000 
-12435  
-1  12  33           16.177          4           4.289         64          64.005          34.960         -47.054      -10439.000      -33723.000       25053.000      -28915.000       28384.000      -16490.000       39377.000       29888.000 
-12435  
-1  22  34           15.000         12          11.963         64          64.000          40.872         -35.997      -28974.000      111156.000     -133109.000       45562.000     -124583.000        5515.000      -92270.000     -149807.000 
-12435  
-1  12  35           16.237          4           4.283         64          63.997          34.972         -47.025       -9865.000      -33846.000       25389.000      -28779.000       28984.000      -15997.000       38904.000       30801.000 
-12435  
-1  22  36           15.000         12          11.960         64          64.001          40.298         -36.032      -30557.000      109568.000     -133378.000       43887.000     -124389.000        4435.000      -90601.000     -149958.000 
-12435  
-1  12  37           16.547          4           4.287         64          64.003          34.852         -47.070      -11540.000      -33678.000       24087.000      -29640.000       27919.000      -15856.000       40073.000       29085.000 
-12435  
-1  22  38           14.997         12          11.962         64          64.004          40.589         -35.997      -31568.000      109639.000     -133784.000       42837.000     -124874.000        4459.000      -90809.000     -151262.000 
-12435  
-1  12  39           16.713          4           4.286         64          64.000          34.856         -47.032      -12448.000      -33526.000       23188.000      -30284.000       27913.000      -17200.000       40471.000       28572.000 
-12435  
-1  22  40           14.997         12          11.961         64          64.001          40.909         -36.011      -31553.000      109658.000     -133763.000       41953.000     -125445.000        3377.000      -90243.000     -150567.000 
-12435  
-1  12  41           16.110          4           4.286         64          64.003          34.808         -47.068      -11111.000      -33122.000       24729.000      -29855.000       27961.000      -17193.000       39823.000       28724.000 
-12435  
-1  22  42           15.000         12          11.961         64          64.002          40.504         -36.007      -45646.000      103880.000     -138477.000       23550.000     -124629.000      -13630.000      -68408.000     -162203.000 
-12435  
-1  12  43           16.087          4           4.290         64          64.003          34.910         -46.977      -11641.000      -33744.000       24354.000      -30040.000       28268.000      -17677.000       40865.000       28138.000 
-12435  
-1  22  44           15.000         12          11.962         64          64.003          40.508         -36.004      -30911.000      109743.000     -134021.000       43083.000     -125261.000        3933.000      -90677.000     -150357.000 
-12435  
-1  12  45           16.247          4           4.284         64          63.996          34.869         -47.058      -11245.000      -33132.000       24081.000      -30352.000       27925.000      -17080.000       39924.000       28894.000 
-12435  
-1  22  46           15.000         12          11.960         64          64.003          40.538         -36.008      -30818.000      109031.000     -134513.000       42085.000     -125247.000        2262.000      -89183.000     -151434.000 
-12435  
-1  12  47           16.427          4           4.287         64          64.000          35.040         -47.050      -11257.000      -33715.000       24581.000      -29421.000       28539.000      -16471.000       39415.000       29418.000 
-12435  
-1  22  48           15.000         12          11.959         64          64.002          40.802         -36.019      -32328.000      109354.000     -133759.000       41667.000     -125125.000        3001.000      -88782.000     -151357.000 
-12435  
-1  12  49           16.297          4           4.296         64          64.005          34.708         -47.069      -10223.000      -34194.000       25077.000      -29031.000       28542.000      -15514.000       38857.000       29996.000 
-12435  
-1  22  50           15.000         12          11.962         64          64.002          40.793         -36.015      -25674.000      111457.000     -131588.000       49779.000     -124571.000       10414.000      -98042.000     -145085.000 
-12435  
-1  12  51           16.283          4           4.285         64          64.008          35.133         -47.051      -10907.000      -33702.000       24556.000      -29484.000       27695.000      -16475.000       39919.000       29620.000 
-12435  
-1  22  52           15.000         12          11.963         64          64.002          40.352         -35.998      -28593.000      110501.000     -132808.000       46145.000     -125231.000        8408.000      -93892.000     -148657.000 
-12435  
-1  12  53           16.383          4           4.291         64          64.003          34.632         -47.075       -9675.000      -34256.000       25625.000      -28508.000       29105.000      -14960.000       38033.000       30777.000 
-12435  
-1  22  54           15.000         12          11.960         64          64.003          40.611         -36.011      -36816.000      107606.000     -135897.000       36544.000     -125161.000       -2569.000      -82033.000     -155236.000 
-12435  
-1  12  55           16.493          4           4.288         64          64.003          34.602         -47.068      -11022.000      -33948.000       24813.000      -28787.000       28493.000      -16129.000       39122.000       29834.000 
-12435  
-1  22  56           15.000         12          11.962         64          64.003          40.583         -36.006      -26814.000      110392.000     -132728.000       46145.000     -124362.000        7817.000      -95784.000     -148225.000 
-12435  
-1  12  57           16.510          4           4.300         64          64.003          34.974         -47.054      -11150.000      -33748.000       24677.000      -29538.000       28284.000      -16238.000       39330.000       29610.000 
-12435  
-1  22  58           15.000         12          11.959         64          64.003          40.680         -36.042      -39995.000      106652.000     -135877.000       30580.000     -124395.000       -7218.000      -76585.000     -157807.000 
-12435  
-1  12  59           16.190          4           4.282         64          64.005          34.907         -47.059      -10428.000      -33896.000       24728.000      -28834.000       28546.000      -16752.000       39213.000       29847.000 
-12435  
-1  22  60           15.000         12          11.961         64          64.002          40.767         -36.021      -31079.000      109510.000     -133146.000       43951.000     -124731.000        3643.000      -91145.000     -150166.000 
-12435  
-1  12  61           16.207          4           4.290         64          64.000          35.137         -47.037      -10478.000      -34088.000       25041.000      -29002.000       28327.000      -15870.000       39682.000       29774.000 
-12435  
-1  22  62           15.000         12          11.964         64          64.001          40.551         -36.001      -17394.000      112749.000     -128024.000       58186.000     -123624.000       19293.000     -107599.000     -139283.000 
-12435  
-1  12  63           16.317          4           4.288         64          64.007          34.901         -47.023      -11332.000      -33773.000       25090.000      -29594.000       28085.000      -16532.000       39656.000       29440.000 
-12435  
-1  22  64           15.000         12          11.961         64          64.001          40.793         -36.015      -28546.000      110741.000     -132686.000       45389.000     -124739.000        5957.000      -92825.000     -149034.000 
-12435  
-1  12  65           16.293          4           4.286         64          64.000          35.030         -47.091      -10593.000      -33529.000       24567.000      -29030.000       28578.000      -16736.000       38877.000       29801.000 
-12435  
-1  22  66           14.997         12          11.960         64          64.002          40.852         -36.001      -41114.000      106527.000     -137860.000       30984.000     -123959.000       -6991.000      -77266.000     -158216.000 
-12435  
-1  12  67           16.137          4           4.288         64          64.001          34.713         -47.049       -9484.000      -34031.000       25163.000      -29007.000       28537.000      -16157.000       38897.000       30448.000 
-12435  
-1  22  68           15.000         12          11.960         64          64.002          40.587         -36.014      -41552.000      105922.000     -137724.000       29935.000     -124652.000       -7980.000      -75271.000     -158438.000 
-12435  
-1  12  69           16.343          4           4.291         64          64.000          35.042         -46.985      -11131.000      -34094.000       24859.000      -29929.000       28137.000      -16333.000       39924.000       29660.000 
-12435  
-1  22  70           15.000         12          11.961         64          64.002          40.928         -36.016      -38955.000      106905.000     -136690.000       33457.000     -124749.000       -4757.000      -79172.000     -156658.000 
-12435  
-1  12  71           16.327          4           4.282         64          64.003          34.878         -47.009      -11557.000      -33606.000       24130.000      -30358.000       28078.000      -17006.000       40175.000       28938.000 
-12435  
-1  22  72           15.000         12          11.960         64          64.001          40.446         -35.994      -23215.000      111655.000     -130855.000       53106.000     -124878.000       12762.000     -100767.000     -143817.000 
-12435  
-1  12  73           16.097          4           4.292         64          63.997          34.821         -47.092       -9809.000      -33120.000       25085.000      -29511.000       28133.000      -16370.000       39172.000       29824.000 
-12435  
-1  22  74           15.000         12          11.960         64          64.001          40.448         -36.031      -36266.000      108369.000     -135547.000       36838.000     -123656.000       -1688.000      -81903.000     -155171.000 
-12435  
-1  12  75           16.400          4           4.285         64          64.001          34.864         -47.047      -10273.000      -33594.000       25430.000      -28603.000       28637.000      -15466.000       39185.000       30785.000 
-12435  
-1  22  76           14.997         12          11.959         64          64.003          40.958         -36.001      -31906.000      109655.000     -133512.000       42940.000     -125242.000        3860.000      -91360.000     -150547.000 
-12435  
-1  12  77           16.357          4           4.294         64          64.003          34.954         -47.041      -10724.000      -33282.000       24915.000      -29228.000       28545.000      -16591.000       39370.000       30205.000 
-12435  
-1  22  78           14.997         12          11.964         64          64.001          40.554         -35.987      -33788.000      109240.000     -135007.000       40161.000     -125149.000        2312.000      -87846.000     -152853.000 
-12435  
-1  12  79           16.213          4           4.290         64          63.996          35.055         -47.014      -11607.000      -33647.000       24501.000      -29757.000       28000.000      -16902.000       40481.000       28786.000 
-12435  
-1  22  80           15.000         12          11.962         64          64.003          40.508         -36.005      -27176.000      110462.000     -132246.000       47248.000     -124533.000        8648.000      -95342.000     -148344.000 
-12435  
-1  12  81           16.220          4           4.287         64          64.005          34.678         -47.085      -11048.000      -33529.000       24881.000      -29676.000       28413.000      -16306.000       39150.000       28910.000 
-12435  
-1  22  82           15.000         12          11.962         64          63.997          40.466         -36.032      -43200.000      105100.000     -137152.000       27230.000     -124508.000      -10701.000      -72476.000     -159729.000 
-12435  
-1  12  83           16.500          4           4.292         64          64.001          34.989         -46.968      -10718.000      -33840.000       25156.000      -29030.000       28979.000      -16166.000       39651.000       30788.000 
-12435  
-1  22  84           15.000         12          11.963         64          64.002          40.686         -36.010      -29242.000      110101.000     -133075.000       45685.000     -125388.000        6110.000      -93072.000     -148487.000 
-12435  
-1  12  85           16.147          4           4.287         64          64.001          34.933         -47.023       -8801.000      -34033.000       26319.000      -28586.000       29414.000      -14777.000       38276.000       31331.000 
-12435  
-1  22  86           15.000         12          11.964         64          63.999          40.638         -36.021      -30938.000      108979.000     -133885.000       43080.000     -124277.000        4151.000      -90891.000     -150703.000 
-12435  
-1  12  87           16.167          4           4.282         64          64.003          35.121         -47.019       -9164.000      -34665.000       26738.000      -27944.000       29125.000      -14982.000       38041.000       31311.000 
-12435  
-1  22  88           15.000         12          11.959         64          64.003          40.760         -36.016      -39212.000      106356.000     -136504.000       32135.000     -124973.000       -6228.000      -77864.000     -157821.000 
-12435  
-1  12  89           16.310          4           4.293         64          64.002          35.259         -46.990       -9764.000      -34497.000       26259.000      -28587.000       28813.000      -15096.000       38691.000       31251.000 
-12435  
-1  22  90           15.000         12          11.961         64          64.002          40.616         -36.036      -24950.000      110928.000     -131124.000       48931.000     -124267.000       10282.000      -97208.000     -145818.000 
-12435  
-1  12  91           16.190          4           4.284         64          64.000          34.841         -47.065      -10538.000      -33834.000       25042.000      -29208.000       28163.000      -16013.000       39472.000       29534.000 
-12435  
-1  22  92           15.000         12          11.961         64          64.000          40.896         -36.017      -38283.000      106990.000     -136425.000       33072.000     -125231.000       -5199.000      -79105.000     -156668.000 
-12435  
-1  12  93           16.240          4           4.285         64          64.004          34.775         -47.056      -10988.000      -33591.000       24639.000      -29706.000       28305.000      -16248.000       39701.000       29142.000 
-12435  
-1  22  94           15.000         12          11.962         64          64.000          40.667         -35.995      -38945.000      107307.000     -136867.000       31705.000     -125376.000       -5988.000      -78825.000     -157422.000 
-12435  
-1  12  95           16.433          4           4.290         64          63.996          34.887         -47.082      -10671.000      -33406.000       24520.000      -29607.000       27974.000      -16394.000       39199.000       29938.000 
-12435  
-1  22  96           14.997         12          11.961         64          64.000          40.661         -36.027      -30876.000      109657.000     -133305.000       43262.000     -124587.000        4811.000      -91420.000     -149731.000 
-12435  
-1  12  97           16.770          4           4.294         64          63.995          34.761         -47.019      -12058.000      -33636.000       24568.000      -29511.000       28255.000      -16328.000       39857.000       29619.000 
-12435  
-1  22  98           15.000         12          11.959         64          64.002          40.338         -35.979      -18366.000      112935.000     -128933.000       58016.000     -123425.000       17680.000     -107107.000     -140392.000 
-12435  
-1  12  99           16.303          4           4.284         64          64.001          34.798         -47.032      -11749.000      -33322.000       23678.000      -30092.000       28015.000      -17586.000       40374.000       28710.000 
-12435  
