-1  22  1          -21.023         12          12.011         64          63.992          40.252         -36.423     -113969.000      -50522.000      -70631.000       84627.000       72957.000      139048.000      136194.000      -34145.000 
-12435  
-1  12  2          -22.677          4           4.323         64          63.990          38.417         -43.391        -549.000      -55201.000      -42079.000       -9962.000      -30282.000       59598.000       52062.000       48852.000 
-12435  
-1  22  3          -21.023         12          12.011         64          63.993          40.035         -36.403      -97574.000      -78528.000      -90456.000       63419.000       35038.000      153861.000      139972.000        2174.000 
-12435  
-1  12  4          -22.660          4           4.323         64          64.002          38.271         -43.387        3869.000      -54774.000      -41508.000      -14097.000      -35781.000       56542.000       47978.000       52744.000 
-12435  
-1  22  5          -21.017         12          12.010         64          64.002          40.180         -36.412      -94417.000      -82473.000      -92881.000       59310.000       28004.000      154318.000      140386.000        8410.000 
-12435  
-1  12  6          -22.540          4           4.323         64          64.009          38.321         -43.404        -779.000      -55183.000      -42581.000       -9898.000      -30493.000       59270.000       51409.000       48964.000 
-12435  
-1  22  7          -21.020         12          12.008         64          64.008          40.234         -36.438     -101799.000      -72033.000      -85540.000       69523.000       43499.000      151119.000      139068.000       -6794.000 
-12435  
-1  12  8          -22.637          4           4.326         64          64.005          38.470         -43.379       -3596.000      -54750.000      -43186.000       -7340.000      -27507.000       61183.000       54766.000       45773.000 
-12435  
-1  22  9          -21.023         12          12.008         64          64.002          39.833         -36.401     -114642.000      -51408.000      -70688.000       83289.000       72252.000      139364.000      137568.000      -33693.000 
-12435  
-1  12  10          -22.520          4           4.323         64          64.000          38.195         -43.371       -4939.000      -54480.000      -43171.000       -6335.000      -26045.000       62031.000       55417.000       45360.000 
-12435  
-1  22  11          -21.010         12          12.010         64          63.997          40.085         -36.400     -106960.000      -64120.000      -80439.000       75623.000       54251.000      148132.000      139867.000      -16116.000 
-12435  
-1  12  12          -22.623          4           4.322         64          63.997          38.736         -43.399       -2038.000      -55191.000      -42419.000       -8687.000      -29471.000       60185.000       53034.000       47222.000 
-12435  
-1  22  13          -21.023         12          12.009         64          63.997          40.497         -36.428     -100057.000      -74299.000      -88046.000       66681.000       40295.000      151601.000      140121.000       -3403.000 
-12435  
-1  12  14          -22.733          4           4.323         64          64.002          38.359         -43.358        3578.000      -55163.000      -41805.000      -12712.000      -34733.000       58021.000       48800.000       51742.000 
-12435  
-1  22  15          -21.017         12          12.010         64          64.004          40.050         -36.435      -98763.000      -76247.000      -87923.000       65509.000       37328.000      152126.000      140510.000        -656.000 
-12435  
-1  12  16          -22.667          4           4.327         64          64.005          38.462         -43.357       -2929.000      -54991.000      -43214.000       -8937.000      -28540.000       60636.000       54387.000       46558.000 
-12435  
-1  22  17          -21.020         12          12.007         64          64.006          40.184         -36.388     -108045.000      -63294.000      -80545.000       75651.000       56950.000      147565.000      139350.000      -17977.000 
-12435  
-1  12  18          -22.547          4           4.324         64          64.006          38.495         -43.331       -3682.000      -55175.000      -43340.000       -7267.000      -27666.000       61971.000       54408.000       46145.000 
-12435  
-1  22  19          -21.023         12          12.009         64          64.003          40.277         -36.405     -104369.000      -68503.000      -84509.000       72362.000       49901.000      149140.000      139809.000      -11134.000 
-12435  
-1  12  20          -22.523          4           4.322         64          64.004          38.333         -43.380       -4803.000      -54824.000      -42863.000       -6535.000      -26626.000       61582.000       55212.000       45402.000 
-12435  
-1  22  21          -21.020         12          12.014         64          63.998          40.056         -36.394     -105995.000      -66026.000      -82104.000       74254.000       52791.000      148727.000      139926.000      -14644.000 
-12435  
-1  12  22          -22.697          4           4.327         64          63.999          38.658         -43.358       -2280.000      -55279.000      -43298.000       -8540.000      -28604.000       60587.000       53948.000       46773.000 
-12435  
-1  22  23          -21.023         12          12.010         64          63.999          40.011         -36.421     -108504.000      -61133.000      -78981.000       76803.000       59135.000      145762.000      138828.000      -20708.000 
-12435  
-1  12  24          -22.703          4           4.319         64          63.999          38.630         -43.389       -1041.000      -54964.000      -42609.000      -10363.000      -30010.000       59504.000       52741.000       48195.000 
-12435  
-1  22  25          -21.023         12          12.011         64          64.005          40.298         -36.396     -106706.000      -63912.000      -80553.000       75516.000       56244.000      147802.000      139791.000      -17063.000 
-12435  
-1  12  26          -22.530          4           4.322         64          64.004          38.457         -43.350         483.000      -54959.000      -42567.000      -11219.000      -32352.000       58970.000       50720.000       50650.000 
-12435  
-1  22  27          -21.017         12          12.010         64          64.006          40.098         -36.406     -107523.000      -61577.000      -80593.000       76021.000       57782.000      146966.000      139390.000      -18664.000 
-12435  
-1  12  28          -22.673          4           4.322         64          64.004          38.564         -43.342       -2291.000      -55280.000      -43035.000       -8511.000      -29252.000       60596.000       54066.000       47050.000 
-12435  
-1  22  29          -21.023         12          12.007         64          64.003          40.050         -36.396     -108572.000      -62429.000      -78938.000       77428.000       58330.000      145879.000      139703.000      -19944.000 
-12435  
-1  12  30          -22.590          4           4.323         64          64.002          38.299         -43.366       -2808.000      -54593.000      -43231.000       -8248.000      -28757.000       60853.000       54005.000       46856.000 
-12435  
-1  22  31          -21.027         12          12.007         64          64.001          40.175         -36.378     -108144.000      -63918.000      -80051.000       75307.000       57511.000      147507.000      139878.000      -17937.000 
-12435  
-1  12  32          -22.677          4           4.327         64          64.001          38.532         -43.338       -2590.000      -54820.000      -43091.000       -8211.000      -28765.000       61255.000       54418.000       46763.000 
-12435  
-1  22  33          -21.013         12          12.012         64          64.002          40.425         -36.387     -107120.000      -64386.000      -80981.000       75010.000       55042.000      147519.000      140800.000      -15638.000 
-12435  
-1  12  34          -22.693          4           4.325         64          64.000          38.582         -43.398         973.000      -54785.000      -42483.000      -10810.000      -32158.000       58985.000       50828.000       49415.000 
-12435  
-1  22  35          -21.020         12          12.010         64          64.001          40.154         -36.374     -107051.000      -64470.000      -80808.000       75405.000       55463.000      147969.000      140711.000      -16493.000 
-12435  
-1  12  36          -22.617          4           4.325         64          63.999          38.395         -43.405         337.000      -54651.000      -42077.000      -10707.000      -32423.000       58536.000       51193.000       49673.000 
-12435  
-1  22  37          -21.013         12          12.009         64          64.003          40.223         -36.418     -103209.000      -69526.000      -84476.000       69837.000       46568.000      150581.000      140439.000       -8537.000 
-12435  
-1  12  38          -22.727          4           4.325         64          64.001          38.187         -43.382       -1112.000      -54595.000      -42955.000       -9562.000      -30060.000       59915.000       53257.000       47611.000 
-12435  
-1  22  39          -21.020         12          12.009         64          64.002          40.293         -36.392     -108223.000      -61734.000      -79590.000       77290.000       58793.000      146273.000      139635.000      -19706.000 
-12435  
-1  12  40          -22.700          4           4.323         64          63.999          38.578         -43.341       -1510.000      -54672.000      -43123.000       -9512.000      -29791.000       60442.000       53689.000       47841.000 
-12435  
-1  22  41          -21.020         12          12.009         64          64.003          40.022         -36.419     -111486.000      -55575.000      -74165.000       81545.000       67195.000      142142.000      137757.000      -27690.000 
-12435  
-1  12  42          -22.723          4           4.325         64          63.999          38.570         -43.353       -4097.000      -54910.000      -43146.000       -6814.000      -26421.000       62010.000       55767.000       44934.000 
-12435  
-1  22  43          -21.017         12          12.010         64          64.000          40.174         -36.432     -106213.000      -65096.000      -81280.000       74464.000       53785.000      147447.000      139191.000      -15075.000 
-12435  
-1  12  44          -22.607          4           4.323         64          64.003          38.617         -43.404       -3316.000      -54645.000      -42585.000       -8050.000      -28036.000       60773.000       54158.000       46407.000 
-12435  
-1  22  45          -21.020         12          12.007         64          63.998          40.089         -36.413     -101666.000      -72195.000      -86175.000       68778.000       43555.000      151303.000      140343.000       -6189.000 
-12435  
-1  12  46          -22.620          4           4.323         64          64.006          38.607         -43.402       -2029.000      -54971.000      -42709.000       -9061.000      -29673.000       59826.000       53123.000       47260.000 
-12435  
-1  22  47          -21.020         12          12.010         64          63.998          40.153         -36.387     -108158.000      -63627.000      -80317.000       75937.000       55741.000      147077.000      140033.000      -18607.000 
-12435  
-1  12  48          -22.730          4           4.327         64          64.001          38.354         -43.406         604.000      -54696.000      -42156.000      -10357.000      -31317.000       59304.000       51442.000       49128.000 
-12435  
-1  22  49          -21.013         12          12.010         64          64.002          40.235         -36.383     -111830.000      -56718.000      -76045.000       81391.000       64868.000      143427.000      138331.000      -26185.000 
-12435  
-1  12  50          -22.693          4           4.320         64          63.999          38.259         -43.402          47.000      -54851.000      -42368.000      -10216.000      -31376.000       59561.000       51545.000       48474.000 
-12435  
-1  22  51          -21.030         12          12.009         64          64.000          40.408         -36.404     -107576.000      -62033.000      -79664.000       77087.000       58162.000      146053.000      139772.000      -20579.000 
-12435  
-1  12  52          -22.620          4           4.324         64          64.005          38.493         -43.365       -1280.000      -54887.000      -42384.000       -9157.000      -30382.000       60495.000       52658.000       48188.000 
-12435  
-1  22  53          -21.030         12          12.010         64          64.002          40.451         -36.387     -105152.000      -67519.000      -83067.000       72882.000       51996.000      149167.000      140371.000      -13443.000 
-12435  
-1  12  54          -22.660          4           4.319         64          63.998          38.462         -43.367       -1633.000      -55484.000      -42747.000       -9060.000      -29909.000       60035.000       53110.000       47494.000 
-12435  
-1  22  55          -21.020         12          12.008         64          64.004          39.839         -36.412     -100888.000      -72765.000      -86940.000       68478.000       42279.000      151392.000      140648.000       -5302.000 
-12435  
-1  12  56          -22.700          4           4.321         64          63.999          38.758         -43.360       -2263.000      -55116.000      -43513.000       -8448.000      -28671.000       60536.000       54033.000       46639.000 
-12435  
-1  22  57          -21.013         12          12.009         64          64.002          40.046         -36.402     -111875.000      -55560.000      -74347.000       80359.000       65748.000      143177.000      138825.000      -27060.000 
-12435  
-1  12  58          -22.637          4           4.325         64          64.000          38.395         -43.372       -1230.000      -55187.000      -42860.000       -9666.000      -30622.000       59894.000       52555.000       47780.000 
-12435  
-1  22  59          -21.013         12          12.005         64          63.999          40.002         -36.409     -107496.000      -62669.000      -80354.000       75750.000       56765.000      146616.000      140009.000      -17263.000 
-12435  
-1  12  60          -22.747          4           4.324         64          64.006          38.334         -43.383         333.000      -55097.000      -42590.000       -9995.000      -30758.000       58747.000       52242.000       49344.000 
-12435  
-1  22  61          -21.010         12          12.009         64          64.000          40.245         -36.394     -115779.000      -47488.000      -69773.000       85792.000       75464.000      138526.000      135857.000      -36344.000 
-12435  
-1  12  62          -22.640          4           4.325         64          64.003          38.442         -43.396       -1785.000      -55262.000      -42713.000       -9221.000      -29504.000       59964.000       52821.000       47395.000 
-12435  
-1  22  63          -21.023         12          12.011         64          64.003          40.260         -36.419     -110481.000      -58313.000      -76942.000       78783.000       63427.000      143598.000      138416.000      -24351.000 
-12435  
-1  12  64          -22.747          4           4.323         64          64.000          38.279         -43.386        -102.000      -55068.000      -42550.000      -10380.000      -30586.000       59553.000       52179.000       48442.000 
-12435  
-1  22  65          -21.013         12          12.011         64          64.001          39.983         -36.395     -107838.000      -62838.000      -80722.000       76132.000       56989.000      146679.000      139903.000      -17377.000 
-12435  
-1  12  66          -22.650          4           4.325         64          64.002          38.344         -43.368       -3211.000      -55071.000      -43041.000       -7900.000      -27744.000       61193.000       54355.000       46213.000 
-12435  
-1  22  67          -21.017         12          12.011         64          64.000          40.320         -36.423     -101931.000      -71615.000      -85454.000       68471.000       43884.000      151013.000      140662.000       -6364.000 
-12435  
-1  12  68          -22.703          4           4.323         64          64.003          38.549         -43.381        -453.000      -55104.000      -42684.000       -9619.000      -30447.000       59304.000       52506.000       48638.000 
-12435  
-1  22  69          -21.010         12          12.009         64          64.002          39.874         -36.448     -107936.000      -62959.000      -79480.000       75871.000       56221.000      145781.000      138802.000      -16994.000 
-12435  
-1  12  70          -22.650          4           4.321         64          64.002          38.282         -43.366       -2696.000      -55085.000      -43282.000       -8242.000      -28338.000       60694.000       54027.000       46690.000 
-12435  
-1  22  71          -21.013         12          12.005         64          64.001          40.143         -36.407     -110124.000      -58092.000      -75224.000       79871.000       63305.000      144658.000      138832.000      -24109.000 
-12435  
-1  12  72          -22.753          4           4.321         64          64.002          38.485         -43.371         119.000      -54967.000      -42705.000       -9853.000      -30879.000       59499.000       52411.000       48672.000 
-12435  
-1  22  73          -21.013         12          12.009         64          63.999          40.316         -36.402     -105704.000      -67051.000      -82699.000       72435.000       51773.000      149595.000      139450.000      -12347.000 
-12435  
-1  12  74          -22.583          4           4.323         64          64.001          38.614         -43.392       -1276.000      -55114.000      -42749.000       -9080.000      -30616.000       59601.000       52385.000       47941.000 
-12435  
-1  22  75          -21.023         12          12.009         64          64.000          40.104         -36.414     -107273.000      -64182.000      -80599.000       75348.000       55312.000      146547.000      139887.000      -17623.000 
-12435  
-1  12  76          -22.563          4           4.325         64          64.001          38.565         -43.400       -2372.000      -54778.000      -42409.000       -8693.000      -29604.000       59990.000       53319.000       47494.000 
-12435  
-1  22  77          -21.023         12          12.011         64          63.999          40.232         -36.409     -105095.000      -68312.000      -83794.000       71939.000       49295.000      148931.000      140091.000      -12370.000 
-12435  
-1  12  78          -22.670          4           4.325         64          63.999          38.401         -43.354       -3954.000      -54900.000      -43180.000       -7330.000      -26679.000       61587.000       55350.000       45735.000 
-12435  
-1  22  79          -21.020         12          12.009         64          64.001          40.006         -36.394     -105248.000      -67943.000      -83237.000       72146.000       50865.000      149529.000      140078.000      -12065.000 
-12435  
-1  12  80          -22.613          4           4.322         64          64.002          38.562         -43.407       -2489.000      -54281.000      -42828.000       -7723.000      -28695.000       60425.000       53851.000       46995.000 
-12435  
-1  22  81          -21.020         12          12.011         64          64.002          40.050         -36.386     -106018.000      -67657.000      -82302.000       73070.000       51890.000      149360.000      139894.000      -13249.000 
-12435  
-1  12  82          -22.617          4           4.321         64          64.003          38.598         -43.345       -3403.000      -54937.000      -43470.000       -8077.000      -28406.000       61116.000       54657.000       46098.000 
-12435  
-1  22  83          -21.017         12          12.009         64          64.005          40.578         -36.409     -102161.000      -70751.000      -86515.000       68793.000       44982.000      150934.000      140691.000       -6369.000 
-12435  
-1  12  84          -22.567          4           4.324         64          63.997          38.152         -43.343       -2292.000      -55046.000      -43076.000       -8318.000      -29779.000       60148.000       53835.000       47767.000 
-12435  
-1  22  85          -21.020         12          12.011         64          64.002          40.370         -36.385     -108655.000      -64009.000      -80723.000       75143.000       56012.000      147063.000      139799.000      -17830.000 
-12435  
-1  12  86          -22.540          4           4.323         64          64.003          38.566         -43.366       -2139.000      -55160.000      -42884.000       -8969.000      -29463.000       60135.000       53007.000       48044.000 
-12435  
-1  22  87          -21.020         12          12.008         64          64.005          40.807         -36.393     -103194.000      -70980.000      -85221.000       69996.000       46292.000      150367.000      141024.000       -8000.000 
-12435  
-1  12  88          -22.657          4           4.324         64          64.002          38.260         -43.408       -2142.000      -55019.000      -42628.000       -8097.000      -28899.000       60058.000       53476.000       47033.000 
-12435  
-1  22  89          -21.020         12          12.007         64          64.002          40.542         -36.405     -105394.000      -66854.000      -82113.000       73673.000       52423.000      148705.000      139875.000      -13367.000 
-12435  
-1  12  90          -22.640          4           4.324         64          64.002          38.372         -43.405       -2346.000      -54709.000      -42699.000       -8677.000      -29223.000       60224.000       53540.000       46828.000 
-12435  
-1  22  91          -21.020         12          12.010         64          63.999          40.313         -36.373     -108097.000      -63495.000      -80888.000       76488.000       56485.000      147058.000      140096.000      -18337.000 
-12435  
-1  12  92          -22.647          4           4.322         64          64.001          38.549         -43.389        -451.000      -54681.000      -42626.000      -10016.000      -31188.000       58929.000       52298.000       49027.000 
-12435  
-1  22  93          -21.020         12          12.010         64          64.003          40.707         -36.409     -102828.000      -70213.000      -85152.000       70687.000       46424.000      149804.000      140943.000       -8834.000 
-12435  
-1  12  94          -22.620          4           4.321         64          63.998          38.407         -43.363       -3120.000      -54902.000      -43246.000       -8204.000      -28251.000       60939.000       54273.000       46467.000 
-12435  
-1  22  95          -21.020         12          12.006         64          64.005          40.067         -36.388     -103300.000      -70809.000      -85447.000       69829.000       46261.000      150591.000      141042.000       -8136.000 
-12435  
-1  12  96          -22.657          4           4.323         64          64.000          38.307         -43.372       -1738.000      -55512.000      -42858.000       -8511.000      -29466.000       60087.000       53174.000       47398.000 
-12435  
-1  22  97          -21.027         12          12.009         64          64.002          40.281         -36.388     -102075.000      -72592.000      -86603.000       68885.000       43512.000      151062.000      141242.000       -7096.000 
-12435  
-1  12  98          -22.633          4           4.324         64          64.002          38.266         -43.343       -3366.000      -55486.000      -43321.000       -8258.000      -27693.000       61274.000       54324.000       46252.000 
-12435  
-1  22  99          -21.013         12          12.007         64          64.001          40.327         -36.407     -107135.000      -65040.000      -80290.000       74795.000       54111.000      147854.000      139841.000      -15400.000 
-12435  
