-1  22  1           13.197         12          11.964         64          64.000          40.946         -35.692      108220.000      -43884.000      136782.000       53737.000      105710.000       84456.000       -8015.000      177972.000 
-12435  
-1  12  2           13.997          4           4.294         64          64.005          27.837         -54.078       10511.000      -14856.000       17489.000       -3774.000       14077.000         408.000        8522.000       17724.000 
-12435  
-1  22  3           13.163         12          11.963         64          64.002          40.860         -35.689      108307.000      -43567.000      136292.000       55145.000      105611.000       84675.000       -8645.000      178024.000 
-12435  
-1  12  4           13.990          4           4.284         64          63.998          28.429         -54.019       10131.000      -15008.000       18025.000       -3907.000       14403.000         675.000        8828.000       17305.000 
-12435  
-1  22  5           13.240         12          11.962         64          64.001          40.694         -35.699      111190.000      -37897.000      132807.000       62515.000       99567.000       90791.000      -18937.000      176816.000 
-12435  
-1  12  6           13.987          4           4.287         64          64.002          28.006         -54.166       10697.000      -14253.000       17485.000       -3403.000       13798.000         513.000        8068.000       17921.000 
-12435  
-1  22  7           13.353         12          11.964         64          63.998          40.675         -35.691      110097.000      -39309.000      133916.000       60580.000      100065.000       90614.000      -17034.000      177491.000 
-12435  
-1  12  8           13.973          4           4.289         64          64.008          27.991         -54.225        9749.000      -15147.000       17053.000       -4542.000       14536.000         -16.000        9043.000       16323.000 
-12435  
-1  22  9           13.163         12          11.961         64          64.001          40.816         -35.707      109656.000      -38992.000      134385.000       59726.000      101990.000       88684.000      -15301.000      176918.000 
-12435  
-1  12  10           14.047          4           4.284         64          64.002          28.042         -54.120        9487.000      -15455.000       17218.000       -4632.000       14505.000         569.000        9114.000       16850.000 
-12435  
-1  22  11           13.193         12          11.964         64          64.003          40.799         -35.710      111661.000      -34951.000      131532.000       65940.000       96257.000       93218.000      -22370.000      176429.000 
-12435  
-1  12  12           13.983          4           4.290         64          63.995          27.968         -54.112       10386.000      -14199.000       17401.000       -3780.000       14729.000         850.000        8350.000       17689.000 
-12435  
-1  22  13           13.257         12          11.960         64          64.000          40.825         -35.673      102704.000      -56431.000      142888.000       37700.000      114592.000       72554.000       12220.000      177571.000 
-12435  
-1  12  14           14.060          4           4.284         64          63.990          27.722         -54.132        9158.000      -15112.000       17579.000       -4081.000       13878.000         121.000        8936.000       17629.000 
-12435  
-1  22  15           13.140         12          11.966         64          64.002          40.898         -35.725      109729.000      -37724.000      133556.000       60831.000      101915.000       89344.000      -16754.000      176017.000 
-12435  
-1  12  16           14.047          4           4.280         64          64.000          28.062         -54.074        8678.000      -15424.000       17354.000       -5373.000       14202.000        -484.000        9805.000       17217.000 
-12435  
-1  22  17           13.190         12          11.964         64          63.999          41.092         -35.704      106739.000      -47762.000      139266.000       49559.000      107883.000       80628.000       -1720.000      177120.000 
-12435  
-1  12  18           14.103          4           4.273         64          64.006          27.711         -54.093        9492.000      -14934.000       17749.000       -4312.000       14160.000         296.000        8304.000       17773.000 
-12435  
-1  22  19           13.260         12          11.966         64          63.998          40.833         -35.699      110044.000      -38302.000      133156.000       61439.000      100842.000       91096.000      -18101.000      176811.000 
-12435  
-1  12  20           14.043          4           4.280         64          63.993          28.022         -54.110       10212.000      -14803.000       17481.000       -3252.000       14767.000        1034.000        7620.000       17629.000 
-12435  
-1  22  21           13.210         12          11.962         64          64.002          40.848         -35.717      109862.000      -40047.000      134468.000       58937.000      102468.000       88345.000      -14711.000      176160.000 
-12435  
-1  12  22           14.213          4           4.287         64          64.009          28.067         -54.161        9479.000      -14364.000       17793.000       -3352.000       14008.000        1627.000        7927.000       18095.000 
-12435  
-1  22  23           13.327         12          11.964         64          64.000          40.887         -35.710      110755.000      -35307.000      131021.000       65971.000       97534.000       93104.000      -24087.000      176442.000 
-12435  
-1  12  24           14.090          4           4.290         64          64.001          27.914         -54.141        9758.000      -14588.000       17631.000       -4304.000       14480.000        1082.000        8095.000       17463.000 
-12435  
-1  22  25           13.183         12          11.963         64          64.003          40.830         -35.684      111516.000      -37770.000      133726.000       63308.000      100049.000       90631.000      -18806.000      176327.000 
-12435  
-1  12  26           14.017          4           4.285         64          64.008          27.885         -54.125        9609.000      -14917.000       17178.000       -4209.000       14354.000         525.000        9173.000       17470.000 
-12435  
-1  22  27           13.237         12          11.963         64          64.003          40.914         -35.683      102820.000      -55448.000      142303.000       38968.000      114120.000       72662.000       10701.000      177830.000 
-12435  
-1  12  28           14.047          4           4.306         64          64.005          27.886         -54.171        8841.000      -14948.000       17483.000       -4442.000       14311.000         516.000        9170.000       17149.000 
-12435  
-1  22  29           13.160         12          11.962         64          64.002          40.680         -35.694      106143.000      -48925.000      139012.000       48142.000      109001.000       79912.000         785.000      177917.000 
-12435  
-1  12  30           14.050          4           4.284         64          64.003          27.780         -54.141        9599.000      -14856.000       17330.000       -4255.000       14333.000         399.000        8592.000       17553.000 
-12435  
-1  22  31           13.193         12          11.964         64          64.000          40.800         -35.715      107284.000      -45817.000      137440.000       51653.000      106216.000       82618.000       -4660.000      177523.000 
-12435  
-1  12  32           14.097          4           4.290         64          64.013          27.926         -54.081        9584.000      -15026.000       17850.000       -3551.000       14372.000         969.000        8139.000       17694.000 
-12435  
-1  22  33           13.210         12          11.963         64          64.000          40.852         -35.680      109565.000      -38867.000      133441.000       60636.000      102363.000       89718.000      -16958.000      178047.000 
-12435  
-1  12  34           14.057          4           4.286         64          64.012          27.888         -54.033        9493.000      -15359.000       17644.000       -4168.000       14564.000         386.000        8690.000       17516.000 
-12435  
-1  22  35           13.330         12          11.963         64          64.003          40.788         -35.677      107815.000      -47066.000      137800.000       51392.000      107041.000       82167.000       -5273.000      178498.000 
-12435  
-1  12  36           14.003          4           4.297         64          64.002          28.107         -53.948        9898.000      -14927.000       17943.000       -3701.000       15062.000         416.000        8502.000       17842.000 
-12435  
-1  22  37           13.207         12          11.964         64          64.001          41.293         -35.693      112746.000      -32375.000      129557.000       69141.000       95116.000       95448.000      -27362.000      176117.000 
-12435  
-1  12  38           14.037          4           4.277         64          63.996          28.029         -54.045        9386.000      -15190.000       17667.000       -3999.000       14724.000         710.000        8840.000       17425.000 
-12435  
-1  22  39           13.230         12          11.963         64          64.001          41.071         -35.702      107247.000      -48212.000      137684.000       49726.000      107545.000       80994.000       -2070.000      178027.000 
-12435  
-1  12  40           13.967          4           4.290         64          63.998          27.773         -54.146        9793.000      -14395.000       17783.000       -3577.000       14445.000         141.000        8961.000       17211.000 
-12435  
-1  22  41           13.263         12          11.961         64          63.999          40.669         -35.697      106403.000      -48455.000      138534.000       49105.000      108739.000       80998.000       -1904.000      177499.000 
-12435  
-1  12  42           14.017          4           4.291         64          63.995          27.789         -54.194        9636.000      -14654.000       17814.000       -3990.000       13975.000         419.000        8377.000       17247.000 
-12435  
-1  22  43           13.233         12          11.962         64          64.002          40.763         -35.688      110935.000      -38310.000      133775.000       62466.000      100645.000       90558.000      -18542.000      176340.000 
-12435  
-1  12  44           13.977          4           4.295         64          63.997          27.754         -54.243        9640.000      -14728.000       17522.000       -4562.000       13970.000         300.000        9114.000       16568.000 
-12435  
-1  22  45           13.207         12          11.960         64          64.003          40.903         -35.720      105922.000      -46770.000      137529.000       50442.000      107397.000       81071.000       -3372.000      178139.000 
-12435  
-1  12  46           14.007          4           4.278         64          63.998          27.969         -54.039       10628.000      -14603.000       17857.000       -3596.000       14258.000        1410.000        8351.000       17737.000 
-12435  
-1  22  47           13.183         12          11.964         64          64.002          40.728         -35.715      106108.000      -46943.000      138365.000       49902.000      107503.000       81031.000       -2392.000      177770.000 
-12435  
-1  12  48           14.053          4           4.287         64          64.005          28.064         -54.073        9308.000      -15002.000       17208.000       -4179.000       14906.000         358.000        8723.000       17724.000 
-12435  
-1  22  49           13.223         12          11.963         64          64.005          41.080         -35.687      108264.000      -45294.000      137836.000       51695.000      106538.000       83360.000       -5904.000      177722.000 
-12435  
-1  12  50           14.007          4           4.307         64          63.996          27.833         -54.007        9555.000      -15477.000       17714.000       -4360.000       14641.000         499.000        9352.000       17063.000 
-12435  
-1  22  51           13.167         12          11.966         64          64.001          40.796         -35.683      109875.000      -42310.000      135646.000       56641.000      103251.000       86800.000      -10297.000      178004.000 
-12435  
-1  12  52           14.013          4           4.291         64          63.994          28.058         -54.133        9627.000      -14820.000       18224.000       -3215.000       13545.000         991.000        8777.000       17458.000 
-12435  
-1  22  53           13.320         12          11.960         64          64.001          40.857         -35.697      111486.000      -36098.000      132197.000       63200.000       98350.000       92917.000      -21621.000      176598.000 
-12435  
-1  12  54           14.077          4           4.277         64          63.995          27.818         -54.041        9838.000      -14987.000       17756.000       -3917.000       14322.000         678.000        8316.000       17902.000 
-12435  
-1  22  55           13.263         12          11.960         64          63.999          40.881         -35.688      107836.000      -46419.000      137781.000       51136.000      106935.000       81856.000       -5217.000      178331.000 
-12435  
-1  12  56           14.030          4           4.291         64          64.004          27.869         -54.042       10024.000      -15521.000       17953.000       -4183.000       14190.000         677.000        8663.000       16990.000 
-12435  
-1  22  57           13.247         12          11.965         64          64.001          40.838         -35.707      110659.000      -35859.000      132971.000       63820.000       98362.000       92701.000      -21143.000      175974.000 
-12435  
-1  12  58           14.003          4           4.282         64          64.011          27.687         -54.207        9749.000      -14396.000       17720.000       -3932.000       14267.000         310.000        8178.000       17268.000 
-12435  
-1  22  59           13.243         12          11.964         64          64.000          40.783         -35.671      107853.000      -46559.000      138237.000       51030.000      107547.000       82386.000       -4775.000      178291.000 
-12435  
-1  12  60           14.010          4           4.300         64          63.999          27.857         -54.197        9790.000      -14291.000       17602.000       -3959.000       14444.000         590.000        8141.000       17385.000 
-12435  
-1  22  61           13.213         12          11.962         64          64.005          41.015         -35.678      110662.000      -40314.000      135327.000       58751.000      101738.000       88660.000      -14077.000      177462.000 
-12435  
-1  12  62           14.083          4           4.279         64          64.000          27.949         -53.995       10134.000      -15318.000       17667.000       -3990.000       14587.000         342.000        7991.000       17841.000 
-12435  
-1  22  63           13.340         12          11.964         64          64.003          40.843         -35.698      103617.000      -55404.000      141281.000       39106.000      112323.000       74494.000       10093.000      177743.000 
-12435  
-1  12  64           14.003          4           4.283         64          63.999          28.145         -54.066       10103.000      -15683.000       17241.000       -3873.000       14541.000         492.000        8950.000       16965.000 
-12435  
-1  22  65           13.197         12          11.962         64          64.002          40.737         -35.696      109734.000      -40615.000      134509.000       58748.000      102888.000       88011.000      -13944.000      177260.000 
-12435  
-1  12  66           14.043          4           4.290         64          64.025          27.945         -54.112        9955.000      -14832.000       17338.000       -3860.000       14735.000         658.000        8075.000       17593.000 
-12435  
-1  22  67           13.233         12          11.962         64          64.000          41.081         -35.672      107838.000      -47374.000      138554.000       51137.000      107015.000       81677.000       -3717.000      178460.000 
-12435  
-1  12  68           14.043          4           4.277         64          63.991          28.097         -54.185        9984.000      -14564.000       17592.000       -3497.000       14357.000        1071.000        7816.000       17449.000 
-12435  
-1  22  69           13.213         12          11.960         64          63.999          40.944         -35.693      106204.000      -49115.000      138488.000       49408.000      108941.000       80817.000        -699.000      177614.000 
-12435  
-1  12  70           14.010          4           4.274         64          64.008          28.062         -53.955        9339.000      -15517.000       17484.000       -4516.000       15177.000         208.000        9415.000       17291.000 
-12435  
-1  22  71           13.217         12          11.962         64          64.001          41.151         -35.663      108328.000      -45537.000      138445.000       52280.000      106516.000       84072.000       -5661.000      178020.000 
-12435  
-1  12  72           14.120          4           4.285         64          63.996          27.692         -54.049        9106.000      -15395.000       17496.000       -4600.000       14212.000         178.000        9113.000       17680.000 
-12435  
-1  22  73           13.177         12          11.964         64          63.999          40.907         -35.676      112685.000      -34864.000      131205.000       66315.000       97942.000       94061.000      -23094.000      176319.000 
-12435  
-1  12  74           14.003          4           4.295         64          64.004          27.942         -53.976       10251.000      -15667.000       17795.000       -4062.000       14216.000         206.000        8933.000       17329.000 
-12435  
-1  22  75           13.203         12          11.965         64          64.001          40.785         -35.695      111462.000      -35569.000      131809.000       65151.000       98701.000       92574.000      -22282.000      176361.000 
-12435  
-1  12  76           13.993          4           4.284         64          64.008          28.149         -54.072        9734.000      -15165.000       17771.000       -4356.000       14272.000         175.000        9120.000       17081.000 
-12435  
-1  22  77           13.220         12          11.965         64          64.003          41.106         -35.705      106508.000      -47405.000      139015.000       49823.000      107393.000       80892.000       -2477.000      177587.000 
-12435  
-1  12  78           13.997          4           4.278         64          64.010          27.866         -54.161        9450.000      -14960.000       17542.000       -4064.000       14739.000          10.000        8688.000       16825.000 
-12435  
-1  22  79           13.267         12          11.963         64          64.000          41.066         -35.703      110914.000      -37675.000      132958.000       60914.000       99774.000       90392.000      -18615.000      177423.000 
-12435  
-1  12  80           14.030          4           4.286         64          64.001          28.136         -54.084        9559.000      -14940.000       17827.000       -4013.000       14648.000        1015.000        8604.000       17228.000 
-12435  
-1  22  81           13.210         12          11.965         64          64.002          40.944         -35.664      104451.000      -53748.000      141356.000       42231.000      112700.000       74314.000        7304.000      178829.000 
-12435  
-1  12  82           14.013          4           4.290         64          63.998          28.167         -54.083       10637.000      -14654.000       17637.000       -3730.000       14323.000         844.000        8037.000       17659.000 
-12435  
-1  22  83           13.280         12          11.964         64          64.001          40.869         -35.732      107015.000      -45900.000      137338.000       51086.000      105306.000       82042.000       -5173.000      177793.000 
-12435  
-1  12  84           14.053          4           4.287         64          63.991          27.982         -54.099        9573.000      -14438.000       18107.000       -3922.000       14302.000        1219.000        8276.000       17683.000 
-12435  
-1  22  85           13.207         12          11.964         64          64.003          40.999         -35.697      106466.000      -49522.000      138615.000       48398.000      108674.000       79811.000         304.000      177924.000 
-12435  
-1  12  86           14.003          4           4.289         64          63.996          27.714         -54.185        9414.000      -14920.000       17107.000       -4022.000       14790.000         314.000        8886.000       16991.000 
-12435  
-1  22  87           13.280         12          11.964         64          64.002          41.022         -35.682      111357.000      -37552.000      133356.000       62138.000       99107.000       91515.000      -19217.000      177321.000 
-12435  
-1  12  88           14.007          4           4.283         64          64.005          27.943         -54.086        9332.000      -15017.000       17586.000       -4167.000       14812.000         257.000        8926.000       17204.000 
-12435  
-1  22  89           13.203         12          11.963         64          64.006          40.726         -35.697      110537.000      -37193.000      132871.000       63399.000       99784.000       91214.000      -19570.000      176767.000 
-12435  
-1  12  90           14.090          4           4.288         64          63.993          28.163         -54.071        8814.000      -15271.000       17329.000       -4912.000       14696.000          28.000        9157.000       17416.000 
-12435  
-1  22  91           13.233         12          11.962         64          64.004          41.234         -35.678      110024.000      -42547.000      135573.000       55944.000      103989.000       87031.000      -10995.000      177809.000 
-12435  
-1  12  92           14.030          4           4.294         64          64.013          28.205         -54.005        9755.000      -15263.000       17576.000       -3954.000       14427.000         520.000        9004.000       17754.000 
-12435  
-1  22  93           13.293         12          11.962         64          63.998          41.143         -35.696      111615.000      -36770.000      132032.000       63337.000       98718.000       92089.000      -21040.000      176843.000 
-12435  
-1  12  94           14.087          4           4.292         64          64.013          28.054         -54.005        9963.000      -15496.000       17707.000       -4051.000       13998.000         556.000        8745.000       17760.000 
-12435  
-1  22  95           13.187         12          11.965         64          64.001          40.914         -35.699      107941.000      -45598.000      137468.000       53447.000      105406.000       83726.000       -5585.000      177469.000 
-12435  
-1  12  96           13.987          4           4.288         64          64.004          27.966         -54.072       10641.000      -14525.000       17984.000       -3194.000       14464.000        1182.000        8123.000       17426.000 
-12435  
-1  22  97           13.237         12          11.962         64          64.003          40.890         -35.683      111043.000      -36922.000      132773.000       63180.000       98455.000       91927.000      -19795.000      177784.000 
-12435  
-1  12  98           14.027          4           4.291         64          64.006          27.940         -54.057       10399.000      -14351.000       17546.000       -2994.000       14777.000        1489.000        7816.000       18165.000 
-12435  
-1  22  99           13.290         12          11.962         64          64.003          40.904         -35.681      105338.000      -51635.000      140585.000       44678.000      109970.000       78217.000        3783.000      178174.000 
-12435  
