-1  12  1          -38.010          4           4.197         64          63.982          25.628         -56.209      -10699.000      -11648.000       -6630.000       12681.000        8829.000       -8308.000       -9431.000       -8132.000 
-12435  
-1  22  2          -38.143         12          12.089         64          64.001          28.066         -48.628       -6383.000      -32967.000      -16209.000       27057.000       36710.000      -11549.000      -14400.000      -22951.000 
-12435  
-1  12  3          -38.203          4           4.211         64          64.006          25.978         -56.064      -10696.000      -12039.000       -6813.000       13214.000        8560.000       -9027.000       -9316.000       -7797.000 
-12435  
-1  22  4          -38.637         12          12.083         64          64.017          28.229         -48.604      -13657.000      -30802.000       -9491.000       29666.000       33242.000      -19425.000      -20758.000      -18499.000 
-12435  
-1  12  5          -38.263          4           4.199         64          64.018          26.002         -56.118      -12735.000       -9442.000       -2940.000       13651.000        6797.000      -10984.000      -11179.000       -5914.000 
-12435  
-1  22  6          -38.560         12          12.086         64          63.993          28.132         -48.631      -12423.000      -31226.000      -11012.000       29163.000       33861.000      -18855.000      -19427.000      -18812.000 
-12435  
-1  12  7          -38.223          4           4.217         64          63.996          25.476         -56.246      -13055.000       -9579.000       -3440.000       13279.000        6503.000      -10703.000      -10416.000       -5902.000 
-12435  
-1  22  8          -38.907         12          12.082         64          64.000          27.938         -48.640      -12136.000      -31396.000      -10553.000       29904.000       33282.000      -18723.000      -20222.000      -17875.000 
-12435  
-1  12  9          -38.177          4           4.205         64          64.008          25.678         -56.293      -11724.000      -10394.000       -4483.000       13608.000        7522.000       -9445.000      -10156.000       -6544.000 
-12435  
-1  22  10          -38.263         12          12.074         64          63.991          28.096         -48.670       -5224.000      -32518.000      -17964.000       26007.000       36228.000       -9814.000      -14570.000      -24292.000 
-12435  
-1  12  11          -38.217          4           4.215         64          64.012          25.709         -56.262      -11313.000      -11573.000       -4942.000       13217.000        8055.000       -9095.000       -9332.000       -7213.000 
-12435  
-1  22  12          -38.250         12          12.091         64          64.007          28.002         -48.643       -9738.000      -31445.000      -13177.000       28882.000       35215.000      -14852.000      -18200.000      -20958.000 
-12435  
-1  12  13          -37.783          4           4.201         64          64.025          25.563         -56.243      -12306.000      -10019.000       -4330.000       13293.000        7759.000       -9823.000       -9995.000       -6874.000 
-12435  
-1  22  14          -38.593         12          12.092         64          64.011          28.404         -48.603      -12593.000      -30707.000       -9809.000       30333.000       33389.000      -19759.000      -20115.000      -18294.000 
-12435  
-1  12  15          -38.057          4           4.208         64          64.006          25.679         -56.254      -12724.000       -9698.000       -3641.000       13537.000        6443.000      -10408.000      -10244.000       -6481.000 
-12435  
-1  22  16          -38.173         12          12.103         64          64.002          27.948         -48.641      -15836.000      -28707.000       -6810.000       31253.000       31175.000      -22172.000      -21760.000      -17006.000 
-12435  
-1  12  17          -38.213          4           4.211         64          64.008          25.942         -56.089      -12172.000      -10795.000       -4630.000       13618.000        7563.000       -9635.000      -10365.000       -7010.000 
-12435  
-1  22  18          -38.100         12          12.078         64          64.005          28.299         -48.631      -16151.000      -28971.000       -7359.000       30609.000       32150.000      -21742.000      -21227.000      -16905.000 
-12435  
-1  12  19          -38.457          4           4.186         64          64.005          25.744         -56.278      -11287.000      -10928.000       -4822.000       13103.000        7714.000       -9928.000      -10034.000       -6678.000 
-12435  
-1  22  20          -38.100         12          12.097         64          64.008          28.128         -48.650       -7436.000      -31799.000      -14240.000       28814.000       35449.000      -13264.000      -15932.000      -23017.000 
-12435  
-1  12  21          -37.883          4           4.226         64          63.993          26.001         -56.183      -12284.000      -10071.000       -3750.000       14050.000        7208.000       -9689.000      -10232.000       -6876.000 
-12435  
-1  22  22          -38.480         12          12.076         64          64.004          28.253         -48.604      -11770.000      -31514.000      -11543.000       29815.000       33860.000      -16840.000      -19481.000      -19954.000 
-12435  
-1  12  23          -37.940          4           4.192         64          64.017          25.964         -56.203      -12049.000       -9911.000       -3897.000       13572.000        7453.000      -10182.000      -10443.000       -6849.000 
-12435  
-1  22  24          -38.273         12          12.080         64          63.989          28.031         -48.572      -15265.000      -29397.000       -7065.000       31881.000       31105.000      -22079.000      -21631.000      -17513.000 
-12435  
-1  12  25          -38.170          4           4.190         64          64.007          25.862         -56.220      -12176.000      -10617.000       -4031.000       13570.000        7027.000       -9742.000      -10028.000       -6993.000 
-12435  
-1  22  26          -38.480         12          12.078         64          64.002          27.902         -48.696      -11589.000      -31137.000      -11902.000       29296.000       33598.000      -15983.000      -19507.000      -20025.000 
-12435  
-1  12  27          -38.120          4           4.194         64          64.006          25.678         -56.190      -11548.000      -10603.000       -4716.000       13744.000        7752.000       -9068.000      -10449.000       -7203.000 
-12435  
-1  22  28          -38.273         12          12.092         64          63.998          28.410         -48.621      -11147.000      -31399.000      -13026.000       29246.000       34087.000      -16572.000      -18572.000      -20672.000 
-12435  
-1  12  29          -38.313          4           4.196         64          64.003          25.635         -56.230      -12201.000      -10363.000       -4340.000       13189.000        6841.000      -10022.000      -10433.000       -6943.000 
-12435  
-1  22  30          -38.713         12          12.086         64          64.006          28.306         -48.557      -10154.000      -32512.000      -12704.000       29380.000       34598.000      -15316.000      -18765.000      -20983.000 
-12435  
-1  12  31          -38.253          4           4.183         64          64.006          25.895         -56.177      -12220.000      -10273.000       -3826.000       14159.000        6797.000       -9792.000      -10438.000       -6446.000 
-12435  
-1  22  32          -38.260         12          12.090         64          63.996          28.055         -48.717       -8177.000      -31276.000      -14079.000       29160.000       34985.000      -13954.000      -17346.000      -20891.000 
-12435  
-1  12  33          -37.883          4           4.191         64          64.008          25.946         -56.083      -12506.000      -10959.000       -4439.000       13499.000        7915.000       -9504.000       -9729.000       -7294.000 
-12435  
-1  22  34          -38.057         12          12.090         64          64.000          28.022         -48.540      -16861.000      -28675.000       -6929.000       31513.000       31457.000      -22923.000      -21742.000      -17041.000 
-12435  
-1  12  35          -38.460          4           4.185         64          64.008          25.691         -56.279      -11817.000      -10737.000       -4341.000       13172.000        6897.000       -9882.000      -10212.000       -6935.000 
-12435  
-1  22  36          -38.420         12          12.091         64          64.001          28.016         -48.643      -13580.000      -30703.000       -9010.000       30865.000       32798.000      -19072.000      -20137.000      -17791.000 
-12435  
-1  12  37          -38.183          4           4.193         64          64.007          25.678         -56.368      -11009.000      -10705.000       -4592.000       13352.000        7514.000       -9530.000       -9803.000       -7156.000 
-12435  
-1  22  38          -38.557         12          12.100         64          64.004          28.346         -48.645      -13758.000      -30901.000       -9547.000       29547.000       32193.000      -19931.000      -20161.000      -19283.000 
-12435  
-1  12  39          -37.750          4           4.185         64          63.998          25.888         -56.198      -12170.000       -9772.000       -4761.000       13833.000        6935.000       -9794.000      -10214.000       -7276.000 
-12435  
-1  22  40          -38.497         12          12.087         64          64.011          28.146         -48.713      -11436.000      -31967.000      -11864.000       28886.000       33777.000      -16618.000      -18074.000      -19533.000 
-12435  
-1  12  41          -38.060          4           4.201         64          64.009          25.910         -56.240      -11727.000       -9905.000       -4141.000       13580.000        7181.000      -10138.000      -10579.000       -6935.000 
-12435  
-1  22  42          -38.103         12          12.091         64          64.011          28.016         -48.631      -12059.000      -31012.000      -11802.000       29954.000       34576.000      -16446.000      -18906.000      -19170.000 
-12435  
-1  12  43          -38.247          4           4.200         64          64.003          25.817         -56.268      -12773.000       -9737.000       -2937.000       13195.000        6551.000      -10711.000      -10482.000       -6212.000 
-12435  
-1  22  44          -38.387         12          12.078         64          63.995          28.017         -48.703      -13157.000      -30623.000      -10681.000       29757.000       32888.000      -18374.000      -19763.000      -18500.000 
-12435  
-1  12  45          -38.503          4           4.207         64          64.003          26.058         -56.097      -12977.000      -10235.000       -3235.000       13648.000        6622.000      -10382.000      -10854.000       -6122.000 
-12435  
-1  22  46          -38.447         12          12.091         64          63.993          28.264         -48.538       -8670.000      -32513.000      -14276.000       28108.000       35889.000      -14538.000      -17455.000      -22302.000 
-12435  
-1  12  47          -38.430          4           4.206         64          63.994          25.784         -56.120      -11666.000      -11077.000       -4420.000       13490.000        7207.000      -10160.000      -10258.000       -7209.000 
-12435  
-1  22  48          -38.710         12          12.073         64          63.995          27.919         -48.663      -12305.000      -30610.000      -10548.000       29688.000       33483.000      -18706.000      -20333.000      -18358.000 
-12435  
-1  12  49          -38.173          4           4.213         64          64.002          25.858         -56.041      -11805.000      -10795.000       -4556.000       13901.000        7987.000       -9645.000      -10543.000       -6996.000 
-12435  
-1  22  50          -38.103         12          12.087         64          64.005          28.025         -48.605      -11675.000      -30846.000      -12747.000       29921.000       34462.000      -16369.000      -18959.000      -19984.000 
-12435  
-1  12  51          -38.107          4           4.194         64          64.005          25.999         -56.129      -11558.000      -10500.000       -5219.000       13676.000        7363.000       -9790.000      -10399.000       -7406.000 
-12435  
-1  22  52          -38.013         12          12.092         64          64.009          27.907         -48.657      -11012.000      -31206.000      -12801.000       29456.000       34855.000      -14767.000      -17757.000      -20815.000 
-12435  
-1  12  53          -38.410          4           4.189         64          63.995          25.913         -56.129      -12416.000      -10590.000       -3818.000       13185.000        7261.000      -10291.000      -10621.000       -6708.000 
-12435  
-1  22  54          -38.807         12          12.085         64          63.997          28.329         -48.539      -13829.000      -30763.000       -9523.000       31141.000       32095.000      -20386.000      -21497.000      -17906.000 
-12435  
-1  12  55          -38.530          4           4.197         64          64.009          25.768         -56.137      -12625.000      -10831.000       -3833.000       13592.000        6686.000      -10073.000      -10280.000       -6461.000 
-12435  
-1  22  56          -38.120         12          12.087         64          64.004          28.164         -48.602      -11369.000      -30961.000      -12320.000       29422.000       34635.000      -17218.000      -18500.000      -20481.000 
-12435  
-1  12  57          -38.323          4           4.189         64          63.981          25.871         -56.201      -12168.000      -10822.000       -4657.000       13415.000        7261.000       -9426.000      -10168.000       -6827.000 
-12435  
-1  22  58          -38.087         12          12.090         64          63.999          28.197         -48.541      -11979.000      -31199.000      -11597.000       29826.000       34226.000      -17558.000      -18696.000      -21322.000 
-12435  
-1  12  59          -38.277          4           4.195         64          63.997          25.661         -56.356      -10897.000      -10284.000       -4313.000       13704.000        7619.000       -9485.000      -10438.000       -6625.000 
-12435  
-1  22  60          -38.803         12          12.100         64          63.994          27.962         -48.773      -11667.000      -30489.000      -10170.000       29458.000       33131.000      -17354.000      -20230.000      -18688.000 
-12435  
-1  12  61          -38.113          4           4.186         64          63.995          26.061         -56.235      -12055.000      -10479.000       -4248.000       13739.000        7096.000       -9807.000       -9918.000       -6754.000 
-12435  
-1  22  62          -38.400         12          12.079         64          64.002          28.249         -48.525      -11476.000      -31457.000      -11967.000       29229.000       35213.000      -17285.000      -19571.000      -20024.000 
-12435  
-1  12  63          -38.107          4           4.197         64          63.991          25.804         -56.042      -11856.000      -10534.000       -4706.000       14064.000        7891.000       -9767.000      -10556.000       -6787.000 
-12435  
-1  22  64          -38.163         12          12.097         64          64.008          28.142         -48.601      -13424.000      -30060.000       -8554.000       31024.000       32900.000      -20122.000      -20259.000      -18615.000 
-12435  
-1  12  65          -38.110          4           4.188         64          63.990          25.666         -56.299      -11523.000      -10378.000       -4047.000       13814.000        7069.000       -9364.000      -10226.000       -7177.000 
-12435  
-1  22  66          -38.270         12          12.085         64          64.002          28.005         -48.638      -12706.000      -30841.000       -9820.000       30410.000       33349.000      -19090.000      -19280.000      -18565.000 
-12435  
-1  12  67          -38.230          4           4.210         64          64.015          25.740         -56.173      -12330.000      -10560.000       -4441.000       12972.000        7631.000      -10010.000      -10333.000       -6827.000 
-12435  
-1  22  68          -38.500         12          12.100         64          64.002          27.794         -48.745      -14986.000      -30121.000       -8525.000       30021.000       31337.000      -20660.000      -20274.000      -17209.000 
-12435  
-1  12  69          -38.380          4           4.185         64          64.004          25.901         -56.197      -12277.000      -10104.000       -3625.000       13511.000        7102.000       -9951.000      -10951.000       -6416.000 
-12435  
-1  22  70          -38.103         12          12.091         64          63.995          28.233         -48.603      -10928.000      -30779.000      -11106.000       29987.000       34840.000      -17688.000      -18531.000      -20062.000 
-12435  
-1  12  71          -38.137          4           4.207         64          63.997          25.952         -56.184      -12190.000       -9673.000       -3600.000       14112.000        7165.000      -10312.000      -10697.000       -5913.000 
-12435  
-1  22  72          -38.293         12          12.081         64          64.000          28.173         -48.580      -12431.000      -31208.000      -10749.000       30346.000       33438.000      -18351.000      -19396.000      -19737.000 
-12435  
-1  12  73          -38.020          4           4.205         64          64.027          25.656         -56.345      -11998.000       -9935.000       -4211.000       13267.000        7690.000       -9755.000      -10150.000       -6319.000 
-12435  
-1  22  74          -37.997         12          12.091         64          64.008          28.290         -48.591      -13140.000      -30408.000      -10123.000       31040.000       33469.000      -18736.000      -18914.000      -19534.000 
-12435  
-1  12  75          -37.807          4           4.189         64          63.986          25.812         -56.293      -11835.000      -10121.000       -4440.000       13572.000        7541.000       -9801.000       -9766.000       -6912.000 
-12435  
-1  22  76          -38.187         12          12.080         64          64.004          28.282         -48.559      -11977.000      -31142.000      -11857.000       30342.000       34050.000      -16940.000      -19419.000      -20218.000 
-12435  
-1  12  77          -38.150          4           4.212         64          63.999          25.767         -56.263      -12330.000      -10324.000       -4046.000       13178.000        7626.000       -9778.000      -10180.000       -6456.000 
-12435  
-1  22  78          -38.250         12          12.088         64          63.996          28.020         -48.575      -15287.000      -29519.000       -6864.000       31621.000       31860.000      -21739.000      -21517.000      -16969.000 
-12435  
-1  12  79          -38.447          4           4.211         64          64.006          26.248         -56.096      -12392.000      -10842.000       -4113.000       13407.000        7486.000      -10225.000      -10380.000       -6397.000 
-12435  
-1  22  80          -38.863         12          12.102         64          64.006          28.085         -48.602      -11854.000      -31115.000       -9722.000       30770.000       32553.000      -19951.000      -20228.000      -18601.000 
-12435  
-1  12  81          -38.303          4           4.217         64          63.981          25.703         -56.214      -11786.000      -10605.000       -4243.000       13354.000        7501.000       -9635.000      -10513.000       -6984.000 
-12435  
-1  22  82          -38.200         12          12.081         64          64.000          28.378         -48.621      -10376.000      -31437.000      -12607.000       29773.000       34561.000      -16506.000      -17974.000      -20315.000 
-12435  
-1  12  83          -38.350          4           4.219         64          63.982          25.781         -56.233      -11726.000      -10308.000       -4041.000       13515.000        7447.000      -10134.000      -10549.000       -6381.000 
-12435  
-1  22  84          -38.290         12          12.092         64          64.001          28.473         -48.689      -11044.000      -31497.000      -13054.000       28648.000       34170.000      -14991.000      -18549.000      -20870.000 
-12435  
-1  12  85          -38.297          4           4.205         64          64.006          25.752         -56.207      -12943.000       -9985.000       -3247.000       13737.000        6469.000      -10292.000      -10347.000       -6006.000 
-12435  
-1  22  86          -38.210         12          12.094         64          64.002          28.232         -48.576      -13984.000      -30371.000       -9103.000       31355.000       32563.000      -19458.000      -20554.000      -18542.000 
-12435  
-1  12  87          -38.313          4           4.195         64          63.992          25.760         -56.176      -12124.000      -10031.000       -3855.000       13554.000        7158.000      -10149.000      -10950.000       -6513.000 
-12435  
-1  22  88          -38.713         12          12.084         64          63.993          28.272         -48.588       -9832.000      -32318.000      -12912.000       29229.000       34629.000      -15689.000      -18469.000      -20697.000 
-12435  
-1  12  89          -38.090          4           4.215         64          64.013          25.720         -56.223      -11928.000      -10598.000       -5052.000       12798.000        7945.000       -9874.000      -10021.000       -7046.000 
-12435  
-1  22  90          -38.080         12          12.092         64          64.002          28.247         -48.654      -12278.000      -30367.000      -11145.000       30557.000       33465.000      -18167.000      -18884.000      -19322.000 
-12435  
-1  12  91          -38.097          4           4.196         64          64.010          25.789         -56.283      -11530.000      -10422.000       -4548.000       13532.000        7908.000       -9363.000      -10184.000       -6707.000 
-12435  
-1  22  92          -37.960         12          12.099         64          64.004          28.234         -48.675      -12713.000      -28362.000       -9761.000       30870.000       33277.000      -19545.000      -20346.000      -19313.000 
-12435  
-1  12  93          -38.163          4           4.197         64          64.007          26.127         -56.143      -12315.000      -10596.000       -4020.000       13383.000        7235.000       -9504.000      -10551.000       -7444.000 
-12435  
-1  22  94          -38.340         12          12.101         64          64.012          28.322         -48.579      -14775.000      -30124.000       -8718.000       31179.000       32435.000      -21624.000      -20471.000      -16533.000 
-12435  
-1  12  95          -37.977          4           4.192         64          64.011          25.784         -56.238      -12067.000       -9843.000       -4022.000       13506.000        7320.000      -10420.000      -10278.000       -6569.000 
-12435  
-1  22  96          -38.477         12          12.076         64          64.008          28.078         -48.590       -9960.000      -32229.000      -13407.000       29308.000       34437.000      -14397.000      -18446.000      -21562.000 
-12435  
-1  12  97          -38.190          4           4.196         64          64.002          26.052         -56.155      -12776.000      -10029.000       -3625.000       13588.000        7065.000      -10358.000      -10456.000       -6191.000 
-12435  
-1  22  98          -38.723         12          12.084         64          64.008          27.997         -48.642       -9373.000      -32021.000      -13147.000       28626.000       34711.000      -15825.000      -18227.000      -20730.000 
-12435  
-1  12  99          -38.410          4           4.205         64          63.995          26.008         -56.034      -11888.000      -11267.000       -4568.000       13549.000        7642.000      -10269.000      -10168.000       -6946.000 
-12435  
