-1  22  1           50.167         12          11.821         64          64.026          18.505         -58.117        -678.000        5776.000       -4946.000       -9726.000       10650.000        8555.000      -11654.000       -3544.000 
-12435  
-12435  
-1  22  3           49.357         12          11.854         64          64.020          18.497         -58.350        -867.000        5980.000       -4280.000       -9771.000       10481.000        7304.000      -11854.000       -2892.000 
-12435  
-12435  
-1  22  5           50.490         12          11.881         64          64.028          18.368         -58.372        -216.000        6267.000       -4803.000       -8755.000       11534.000        7562.000      -11143.000       -2567.000 
-12435  
-12435  
-1  22  7           49.877         12          11.817         64          63.992          18.208         -58.546         970.000        5257.000       -6433.000       -7927.000       11477.000        5320.000      -12212.000        -233.000 
-12435  
-12435  
-1  22  9           51.307         12          11.848         64          64.003          18.635         -58.258        1057.000        5917.000       -6220.000       -8313.000       11761.000        6175.000      -12271.000       -1159.000 
-12435  
-12435  
-1  22  11           49.803         12          11.847         64          63.973          18.432         -58.252        -605.000        6156.000       -5334.000       -9661.000       11124.000        7573.000      -11157.000       -2702.000 
-12435  
-12435  
-1  22  13           46.993         12          11.823         64          64.049          18.335         -58.512       -1075.000        5370.000       -3249.000      -10052.000       10799.000        8480.000      -10228.000       -3273.000 
-12435  
-12435  
-1  22  15           49.317         12          11.841         64          63.980          18.239         -58.499        -141.000        6311.000       -6027.000       -8415.000       11320.000        6366.000      -11434.000        -655.000 
-12435  
-12435  
-1  22  17           48.117         12          11.852         64          63.992          18.759         -58.070        -796.000        5296.000       -4646.000      -10075.000       11170.000        7967.000      -11994.000       -3058.000 
-12435  
-12435  
-1  22  19           49.660         12          11.830         64          63.989          18.360         -58.322        -333.000        6007.000       -4510.000       -9910.000       11074.000        7153.000      -11325.000       -2920.000 
-12435  
-12435  
-1  22  21           47.867         12          11.828         64          64.016          18.498         -58.330        -146.000        5639.000       -5326.000       -9524.000       11695.000        7420.000      -10896.000       -1764.000 
-12435  
-12435  
-1  22  23           47.083         12          11.828         64          64.004          18.672         -58.241       -1141.000        5496.000       -6061.000      -10135.000       11140.000        7578.000      -10859.000       -1939.000 
-12435  
-12435  
-1  22  25           51.807         12          11.829         64          64.026          18.514         -58.203         -20.000        6848.000       -5452.000       -9351.000       11054.000        7867.000      -11086.000       -2702.000 
-12435  
-12435  
-1  22  27           49.670         12          11.806         64          63.996          18.706         -58.202         -60.000        6680.000       -4640.000       -9606.000       11418.000        7426.000      -11419.000       -2013.000 
-12435  
-12435  
-1  22  29           48.870         12          11.850         64          63.982          18.653         -58.305         -52.000        5920.000       -5129.000       -9221.000       11981.000        6168.000      -11680.000       -1684.000 
-12435  
-12435  
-1  22  31           48.137         12          11.834         64          64.028          18.018         -58.656       -1021.000        5641.000       -4333.000       -9356.000       10650.000        7460.000      -10805.000       -2428.000 
-12435  
-12435  
-1  22  33           49.940         12          11.826         64          64.012          18.479         -58.384         248.000        5761.000       -5481.000       -9010.000       11317.000        5986.000      -12150.000       -1676.000 
-12435  
-12435  
-1  22  35           52.153         12          11.835         64          64.010          18.711         -58.100          76.000        6434.000       -4550.000      -10184.000        9963.000        8593.000      -11658.000       -3863.000 
-12435  
-12435  
-1  22  37           49.953         12          11.849         64          64.005          18.553         -58.104       -1297.000        6543.000       -4749.000      -10098.000       11019.000        7676.000      -11339.000       -3377.000 
-12435  
-12435  
-1  22  39           51.227         12          11.851         64          63.998          18.556         -58.329         276.000        6433.000       -5873.000       -9122.000       11314.000        5506.000      -11992.000       -1823.000 
-12435  
-12435  
-1  22  41           48.680         12          11.834         64          64.011          18.791         -57.965        -969.000        6586.000       -4285.000      -10381.000       11416.000        7809.000      -11672.000       -2696.000 
-12435  
-12435  
-1  22  43           49.817         12          11.823         64          64.025          18.240         -58.515          87.000        6082.000       -4480.000      -10238.000       10008.000        7176.000      -11198.000       -2483.000 
-12435  
-12435  
-1  22  45           49.000         12          11.862         64          63.986          18.622         -58.222          81.000        5594.000       -5928.000      -10040.000       11127.000        7153.000      -11383.000       -2103.000 
-12435  
-12435  
-1  22  47           50.110         12          11.826         64          64.021          18.385         -58.557        -315.000        6923.000       -4708.000       -8634.000       11216.000        7020.000      -10887.000       -1573.000 
-12435  
-12435  
-1  22  49           51.110         12          11.870         64          63.983          18.470         -58.252        -480.000        6573.000       -5787.000       -8740.000       11399.000        7434.000      -11335.000       -2436.000 
-12435  
-12435  
-1  22  51           48.487         12          11.863         64          64.010          18.875         -58.122       -1812.000        6776.000       -5674.000       -9801.000       11783.000        7005.000      -10782.000       -2390.000 
-12435  
-12435  
-1  22  53           50.857         12          11.866         64          63.999          18.648         -58.150         216.000        7285.000       -5122.000       -8588.000       12095.000        6576.000      -11827.000       -1285.000 
-12435  
-12435  
-1  22  55           51.200         12          11.850         64          64.006          18.535         -58.162         -97.000        6431.000       -5710.000       -9498.000       11062.000        6609.000      -12101.000       -2483.000 
-12435  
-12435  
-1  22  57           49.537         12          11.822         64          64.023          18.688         -58.380         281.000        5414.000       -5424.000       -9224.000       11267.000        6917.000      -11663.000       -2126.000 
-12435  
-12435  
-1  22  59           48.517         12          11.802         64          64.002          18.868         -58.079        -836.000        6047.000       -3927.000      -10092.000       11404.000        8380.000      -11271.000       -3209.000 
-12435  
-12435  
-1  22  61           50.993         12          11.843         64          64.001          18.175         -58.526         412.000        6179.000       -4862.000       -8957.000       10979.000        6972.000      -11300.000       -2228.000 
-12435  
-12435  
-1  22  63           50.927         12          11.838         64          64.003          18.503         -58.282         968.000        6767.000       -7043.000       -8379.000       12188.000        5969.000      -10894.000        -543.000 
-12435  
-12435  
-1  22  65           52.467         12          11.813         64          63.982          18.279         -58.247         144.000        6502.000       -4820.000       -9020.000       11494.000        7198.000      -11460.000       -3374.000 
-12435  
-12435  
-1  22  67           50.647         12          11.866         64          63.957          18.952         -58.045         202.000        7013.000       -4945.000       -9727.000       11632.000        7347.000      -11565.000       -2157.000 
-12435  
-12435  
-1  22  69           49.297         12          11.823         64          63.974          18.164         -58.468        -108.000        6672.000       -5246.000       -8918.000       11414.000        6683.000      -11061.000       -1079.000 
-12435  
-12435  
-1  22  71           47.890         12          11.856         64          63.995          18.201         -58.448       -1505.000        5877.000       -5058.000       -9209.000       11245.000        7422.000      -10894.000       -2154.000 
-12435  
-12435  
-1  22  73           49.253         12          11.888         64          64.025          18.124         -58.636        -559.000        5947.000       -3918.000       -9918.000       10594.000        7175.000      -10516.000       -3037.000 
-12435  
-12435  
-1  22  75           50.163         12          11.855         64          63.980          18.626         -58.265        -394.000        5842.000       -4971.000      -10115.000       10505.000        8127.000      -11065.000       -3375.000 
-12435  
-12435  
-1  22  77           49.503         12          11.865         64          64.015          18.343         -58.375         138.000        6507.000       -6036.000       -9152.000       11534.000        6209.000      -11158.000       -1031.000 
-12435  
-12435  
-1  22  79           48.097         12          11.840         64          64.035          18.004         -58.554        -577.000        5663.000       -4309.000       -9526.000       10661.000        7131.000      -11437.000       -2041.000 
-12435  
-12435  
-1  22  81           51.553         12          11.840         64          63.992          18.986         -58.021         292.000        6761.000       -6483.000       -8926.000       12011.000        6533.000      -11867.000       -1862.000 
-12435  
-12435  
-1  22  83           47.537         12          11.844         64          64.009          18.667         -58.431        1358.000        5418.000       -6563.000       -8682.000       11943.000        5863.000      -11253.000         770.000 
-12435  
-12435  
-1  22  85           50.760         12          11.889         64          63.980          18.598         -58.120         160.000        5807.000       -6438.000       -9549.000       11038.000        6535.000      -12314.000       -2232.000 
-12435  
-12435  
-1  22  87           49.843         12          11.828         64          64.002          18.251         -58.602        -914.000        6075.000       -3410.000       -9611.000       10409.000        7730.000      -10661.000       -3587.000 
-12435  
-12435  
-1  22  89           49.453         12          11.855         64          64.029          18.465         -58.193       -1098.000        6460.000       -3631.000      -10312.000       10593.000        8128.000      -11246.000       -3495.000 
-12435  
-12435  
-1  22  91           50.123         12          11.872         64          64.003          18.632         -58.263         -63.000        6215.000       -5363.000       -8146.000       12249.000        6300.000      -12074.000       -1562.000 
-12435  
-12435  
-1  22  93           49.080         12          11.811         64          64.006          18.299         -58.520        1165.000        5348.000       -6599.000       -8037.000       12277.000        5718.000      -11094.000        -164.000 
-12435  
-12435  
-1  22  95           50.880         12          11.842         64          64.032          18.498         -58.400         341.000        6512.000       -5683.000       -8293.000       11740.000        6492.000      -11474.000       -1360.000 
-12435  
-12435  
-1  22  97           49.327         12          11.853         64          63.993          18.455         -58.212        -377.000        5931.000       -4139.000      -10695.000       10209.000        7792.000      -11618.000       -3248.000 
-12435  
-12435  
-1  22  99           50.997         12          11.842         64          64.007          18.581         -58.195        -617.000        7205.000       -4156.000       -9548.000       10640.000        8248.000      -11361.000       -2848.000 
-12435  
