-1  22  1           29.870         12          11.954         64          64.002          38.294         -38.343      -27042.000       92508.000     -106823.000      -55062.000       39814.000      -97029.000       84045.000       67241.000 
-12435  
-1  12  2           36.200          4           4.279         64          63.996          31.420         -50.403       26431.000       16662.000       -7172.000       20187.000       -3227.000      -13042.000       34954.000       -6670.000 
-12435  
-1  22  3           29.883         12          11.949         64          64.001          38.299         -38.396      -25475.000       91896.000     -107443.000      -52377.000       38103.000      -97719.000       83767.000       65978.000 
-12435  
-1  12  4           36.373          4           4.291         64          64.001          31.670         -50.266       25892.000       18769.000       -8376.000       19896.000        -921.000      -13551.000       35840.000       -4108.000 
-12435  
-1  22  5           29.893         12          11.948         64          63.997          38.225         -38.365      -23358.000       92071.000     -108448.000      -50006.000       35247.000      -98856.000       86821.000       65150.000 
-12435  
-1  12  6           36.280          4           4.277         64          64.010          31.551         -50.297       24601.000       18547.000       -9356.000       18606.000       -1012.000      -14588.000       36678.000       -3395.000 
-12435  
-1  22  7           29.927         12          11.945         64          64.004          38.412         -38.362      -13922.000       94793.000     -112347.000      -41497.000       27919.000     -101242.000       91031.000       57233.000 
-12435  
-1  12  8           36.163          4           4.291         64          64.000          31.759         -50.320       24091.000       19398.000       -9808.000       18223.000        -332.000      -14496.000       36512.000       -3009.000 
-12435  
-1  22  9           29.917         12          11.945         64          64.006          38.244         -38.355      -24509.000       92542.000     -108249.000      -51456.000       37060.000      -98132.000       85253.000       66194.000 
-12435  
-1  12  10           36.277          4           4.283         64          63.997          31.498         -50.303       24860.000       18418.000       -8527.000       18904.000        -996.000      -14361.000       36559.000       -4238.000 
-12435  
-1  22  11           29.887         12          11.949         64          63.998          38.172         -38.341      -27456.000       91735.000     -106965.000      -54684.000       40066.000      -96794.000       84457.000       67981.000 
-12435  
-1  12  12           36.313          4           4.283         64          63.995          31.686         -50.321       26108.000       17106.000       -7831.000       20214.000       -2253.000      -13401.000       35729.000       -5621.000 
-12435  
-1  22  13           29.923         12          11.948         64          63.999          38.412         -38.340      -17206.000       94144.000     -112322.000      -42112.000       29755.000     -101010.000       90707.000       58997.000 
-12435  
-1  12  14           36.273          4           4.278         64          64.005          31.809         -50.335       25540.000       18325.000       -7986.000       19891.000       -2292.000      -13350.000       35718.000       -4555.000 
-12435  
-1  22  15           29.883         12          11.948         64          64.001          38.275         -38.330      -23089.000       92953.000     -108378.000      -51317.000       36833.000      -99821.000       85699.000       65102.000 
-12435  
-1  12  16           36.307          4           4.289         64          63.995          31.588         -50.404       25730.000       17032.000       -7041.000       19551.000       -1808.000      -13492.000       35687.000       -6223.000 
-12435  
-1  22  17           29.890         12          11.946         64          64.004          38.648         -38.357      -21406.000       92768.000     -110019.000      -47082.000       35116.000      -99955.000       87603.000       62319.000 
-12435  
-1  12  18           36.347          4           4.288         64          64.007          31.553         -50.355       25166.000       17697.000       -8241.000       18997.000       -1195.000      -14173.000       36264.000       -4642.000 
-12435  
-1  22  19           29.913         12          11.948         64          63.999          38.839         -38.343      -25969.000       92473.000     -107654.000      -53394.000       39655.000      -96987.000       84888.000       66831.000 
-12435  
-1  12  20           36.230          4           4.295         64          63.999          31.579         -50.310       25209.000       18198.000       -8805.000       18784.000       -1448.000      -14455.000       36286.000       -4465.000 
-12435  
-1  22  21           29.883         12          11.945         64          64.003          38.194         -38.363      -27520.000       92221.000     -106488.000      -54063.000       39161.000      -97030.000       84209.000       67318.000 
-12435  
-1  12  22           36.357          4           4.293         64          64.000          31.679         -50.264       25637.000       18056.000       -8161.000       19624.000       -1638.000      -14277.000       36263.000       -4421.000 
-12435  
-1  22  23           29.897         12          11.946         64          64.000          38.409         -38.315      -18394.000       94239.000     -112192.000      -44479.000       31206.000     -100768.000       89932.000       60085.000 
-12435  
-1  12  24           36.267          4           4.285         64          64.004          31.424         -50.316       25637.000       18059.000       -7557.000       19656.000       -1818.000      -13419.000       36059.000       -5441.000 
-12435  
-1  22  25           29.870         12          11.952         64          63.998          38.057         -38.323      -29818.000       91406.000     -104553.000      -58889.000       43395.000      -96902.000       81310.000       70723.000 
-12435  
-1  12  26           36.323          4           4.276         64          64.007          31.510         -50.347       25365.000       17873.000       -8009.000       19469.000       -1580.000      -13726.000       36052.000       -4784.000 
-12435  
-1  22  27           29.877         12          11.948         64          63.998          38.443         -38.348      -21086.000       93239.000     -109943.000      -48853.000       33400.000      -99219.000       87926.000       62937.000 
-12435  
-1  12  28           36.340          4           4.294         64          64.010          31.710         -50.304       25946.000       17299.000       -8138.000       19365.000       -1728.000      -14186.000       36096.000       -5271.000 
-12435  
-1  22  29           29.870         12          11.946         64          64.002          38.221         -38.365      -18424.000       93516.000     -110867.000      -45557.000       31520.000     -101154.000       88057.000       60426.000 
-12435  
-1  12  30           36.317          4           4.293         64          64.001          31.912         -50.344       25260.000       18064.000       -8202.000       19100.000       -1593.000      -13714.000       36238.000       -4636.000 
-12435  
-1  22  31           29.867         12          11.946         64          64.004          38.174         -38.335      -11420.000       94887.000     -114376.000      -36989.000       23299.000     -102947.000       93846.000       53497.000 
-12435  
-1  12  32           36.223          4           4.290         64          63.997          32.014         -50.357       25052.000       18103.000       -8429.000       19369.000       -1650.000      -13736.000       36030.000       -4680.000 
-12435  
-1  22  33           29.800         12          11.949         64          64.000          38.519         -38.357      -32662.000       88801.000     -103553.000      -61107.000       46391.000      -95235.000       79191.000       72530.000 
-12435  
-1  12  34           36.337          4           4.293         64          64.003          31.553         -50.292       25708.000       17448.000       -7586.000       19788.000       -2339.000      -13931.000       36270.000       -5239.000 
-12435  
-1  22  35           29.903         12          11.950         64          64.004          38.180         -38.350      -21262.000       92997.000     -109441.000      -48156.000       35111.000     -100298.000       86822.000       63328.000 
-12435  
-1  12  36           36.307          4           4.289         64          64.004          31.617         -50.286       25395.000       17660.000       -8061.000       19869.000       -1826.000      -14453.000       36191.000       -4691.000 
-12435  
-1  22  37           29.933         12          11.947         64          64.003          38.335         -38.332      -28443.000       91486.000     -106084.000      -55938.000       42127.000      -96670.000       82659.000       70140.000 
-12435  
-1  12  38           36.150          4           4.277         64          64.004          31.446         -50.389       24727.000       18159.000       -8929.000       18955.000       -1319.000      -14045.000       35939.000       -4522.000 
-12435  
-1  22  39           29.880         12          11.950         64          63.998          38.367         -38.348      -19906.000       93851.000     -110793.000      -45515.000       32836.000     -100090.000       89320.000       60270.000 
-12435  
-1  12  40           36.270          4           4.288         64          64.013          31.955         -50.368       25413.000       18167.000       -8476.000       18909.000       -1329.000      -13707.000       35891.000       -4740.000 
-12435  
-1  22  41           29.830         12          11.948         64          64.000          38.316         -38.376      -29762.000       90350.000     -104482.000      -58326.000       43167.000      -95790.000       81748.000       69775.000 
-12435  
-1  12  42           36.263          4           4.285         64          64.006          31.875         -50.383       23864.000       19565.000       -9437.000       18098.000       -1020.000      -14182.000       36315.000       -2280.000 
-12435  
-1  22  43           29.870         12          11.948         64          64.004          38.248         -38.324      -20381.000       93784.000     -110547.000      -47586.000       33317.000     -100450.000       88282.000       61868.000 
-12435  
-1  12  44           36.413          4           4.285         64          64.004          31.681         -50.340       25742.000       17027.000       -7733.000       19421.000       -2008.000      -13646.000       36275.000       -5332.000 
-12435  
-1  22  45           29.827         12          11.947         64          64.002          38.293         -38.322      -21130.000       92905.000     -109918.000      -48203.000       34491.000     -100884.000       88277.000       62396.000 
-12435  
-1  12  46           36.303          4           4.291         64          64.012          31.606         -50.379       25669.000       16570.000       -7589.000       19512.000       -1989.000      -13987.000       35915.000       -6075.000 
-12435  
-1  22  47           29.827         12          11.949         64          64.004          38.527         -38.305      -23194.000       92632.000     -109772.000      -50192.000       35802.000     -100150.000       87066.000       64324.000 
-12435  
-1  12  48           36.493          4           4.292         64          63.993          31.707         -50.274       25785.000       17617.000       -7517.000       19770.000       -1826.000      -14063.000       36398.000       -4536.000 
-12435  
-1  22  49           29.847         12          11.950         64          64.000          38.398         -38.375      -21911.000       92971.000     -109902.000      -47871.000       34117.000      -99307.000       87258.000       61992.000 
-12435  
-1  12  50           36.313          4           4.282         64          63.989          31.683         -50.339       25302.000       18251.000       -8415.000       19076.000       -1619.000      -14346.000       35944.000       -4092.000 
-12435  
-1  22  51           29.757         12          11.948         64          63.998          38.335         -38.335      -30441.000       89868.000     -105871.000      -59188.000       43599.000      -95942.000       81413.000       70364.000 
-12435  
-1  12  52           36.320          4           4.293         64          63.999          31.598         -50.318       25358.000       17314.000       -8020.000       20007.000       -1456.000      -13762.000       36238.000       -5188.000 
-12435  
-1  22  53           29.823         12          11.952         64          63.999          38.406         -38.350      -29823.000       89822.000     -105454.000      -58261.000       43451.000      -95946.000       81982.000       70375.000 
-12435  
-1  12  54           36.293          4           4.289         64          63.995          31.684         -50.299       24677.000       18112.000       -8713.000       19593.000       -1162.000      -13842.000       36673.000       -4129.000 
-12435  
-1  22  55           29.863         12          11.948         64          64.003          38.167         -38.327      -27287.000       90998.000     -107095.000      -54833.000       41444.000      -97561.000       84184.000       68262.000 
-12435  
-1  12  56           36.253          4           4.278         64          64.005          31.502         -50.301       25469.000       17614.000       -7483.000       19240.000       -1346.000      -13997.000       36489.000       -5996.000 
-12435  
-1  22  57           29.833         12          11.947         64          64.002          38.049         -38.360      -27480.000       91138.000     -106560.000      -55364.000       41112.000      -96714.000       83895.000       67560.000 
-12435  
-1  12  58           36.430          4           4.292         64          63.999          31.760         -50.394       26148.000       16623.000       -7635.000       19677.000       -2171.000      -13511.000       35563.000       -5530.000 
-12435  
-1  22  59           29.893         12          11.947         64          64.000          38.346         -38.327      -22284.000       93499.000     -109596.000      -49672.000       35847.000      -99239.000       87084.000       63626.000 
-12435  
-1  12  60           36.423          4           4.287         64          64.008          31.868         -50.296       26003.000       17391.000       -7967.000       19873.000       -1642.000      -14073.000       35956.000       -4808.000 
-12435  
-1  22  61           29.853         12          11.951         64          64.004          38.345         -38.335      -33159.000       90173.000     -103338.000      -61922.000       47012.000      -94908.000       78462.000       72651.000 
-12435  
-1  12  62           36.480          4           4.290         64          64.000          31.766         -50.375       25942.000       16997.000       -7666.000       19419.000       -1543.000      -13437.000       35945.000       -5263.000 
-12435  
-1  22  63           29.867         12          11.948         64          64.003          38.131         -38.343      -24930.000       92573.000     -108812.000      -51321.000       37705.000      -98858.000       84877.000       65192.000 
-12435  
-1  12  64           36.380          4           4.295         64          64.000          31.682         -50.286       26143.000       17046.000       -7291.000       19613.000       -1851.000      -13427.000       36420.000       -6213.000 
-12435  
-1  22  65           29.790         12          11.948         64          64.001          38.218         -38.329       -9660.000       94277.000     -115095.000      -34893.000       21869.000     -104535.000       94703.000       51416.000 
-12435  
-1  12  66           36.193          4           4.291         64          64.002          31.763         -50.296       24979.000       18484.000       -9062.000       19025.000       -1374.000      -14546.000       36247.000       -4083.000 
-12435  
-1  22  67           29.887         12          11.948         64          64.004          38.349         -38.355      -15953.000       94110.000     -112355.000      -42724.000       29766.000     -101073.000       90408.000       57886.000 
-12435  
-1  12  68           36.217          4           4.286         64          63.998          31.682         -50.402       24290.000       18451.000       -9268.000       18811.000        -783.000      -13931.000       36114.000       -3702.000 
-12435  
-1  22  69           29.920         12          11.948         64          64.005          38.431         -38.361      -27096.000       92226.000     -106587.000      -54946.000       40381.000      -96578.000       83017.000       68230.000 
-12435  
-1  12  70           36.377          4           4.294         64          63.993          31.444         -50.303       25616.000       17021.000       -8061.000       19931.000       -2584.000      -13916.000       36287.000       -4871.000 
-12435  
-1  22  71           29.830         12          11.951         64          64.003          38.247         -38.359      -22379.000       92521.000     -109621.000      -49086.000       34813.000      -99456.000       87085.000       63012.000 
-12435  
-1  12  72           36.340          4           4.284         64          64.004          31.857         -50.289       26151.000       17652.000       -8011.000       19709.000       -1765.000      -13619.000       35969.000       -5294.000 
-12435  
-1  22  73           29.833         12          11.949         64          64.001          38.299         -38.356      -29400.000       90829.000     -105183.000      -57923.000       42214.000      -96487.000       81842.000       69643.000 
-12435  
-1  12  74           36.160          4           4.287         64          64.005          31.696         -50.251       26007.000       16912.000       -8270.000       20092.000       -2360.000      -13631.000       36294.000       -6440.000 
-12435  
-1  22  75           29.887         12          11.947         64          64.000          38.348         -38.315      -17372.000       93892.000     -113448.000      -43747.000       29851.000     -100714.000       90123.000       59613.000 
-12435  
-1  12  76           36.260          4           4.289         64          63.994          31.963         -50.294       25169.000       17813.000       -9197.000       19041.000        -935.000      -14374.000       36467.000       -4493.000 
-12435  
-1  22  77           29.860         12          11.949         64          64.000          38.117         -38.337      -28591.000       90435.000     -106111.000      -56621.000       41821.000      -97173.000       82659.000       69921.000 
-12435  
-1  12  78           36.277          4           4.285         64          63.996          31.799         -50.300       25633.000       17887.000       -7978.000       19643.000       -2053.000      -13852.000       36098.000       -5039.000 
-12435  
-1  22  79           29.713         12          11.945         64          63.999          38.186         -38.334      -32069.000       89650.000     -104354.000      -60357.000       45319.000      -96010.000       80525.000       71111.000 
-12435  
-1  12  80           36.333          4           4.288         64          64.003          31.781         -50.272       25537.000       17752.000       -8241.000       19358.000       -1507.000      -14630.000       36365.000       -4662.000 
-12435  
-1  22  81           29.807         12          11.950         64          64.000          38.303         -38.357      -19784.000       92808.000     -111057.000      -47936.000       34406.000      -99609.000       87889.000       60823.000 
-12435  
-1  12  82           36.240          4           4.287         64          64.001          31.744         -50.298       25308.000       18270.000       -8433.000       19143.000       -1493.000      -13874.000       36373.000       -4829.000 
-12435  
-1  22  83           29.867         12          11.947         64          64.003          38.504         -38.353      -19346.000       93110.000     -111119.000      -47606.000       33519.000      -99740.000       87760.000       61437.000 
-12435  
-1  12  84           36.353          4           4.296         64          64.008          31.523         -50.366       24909.000       18137.000       -8406.000       19058.000       -1091.000      -14427.000       36045.000       -3852.000 
-12435  
-1  22  85           29.897         12          11.950         64          64.002          38.250         -38.336      -18798.000       93147.000     -110923.000      -45979.000       31910.000     -100709.000       89290.000       61672.000 
-12435  
-1  12  86           36.257          4           4.289         64          63.999          31.855         -50.301       25526.000       17576.000       -8678.000       19512.000       -1689.000      -13730.000       36285.000       -5105.000 
-12435  
-1  22  87           29.817         12          11.949         64          64.004          38.262         -38.357      -32528.000       88965.000     -103822.000      -61352.000       46428.000      -94694.000       79200.000       72508.000 
-12435  
-1  12  88           36.370          4           4.289         64          63.998          31.616         -50.310       25526.000       17491.000       -7875.000       19855.000       -1287.000      -13707.000       36265.000       -5116.000 
-12435  
-1  22  89           29.850         12          11.951         64          63.999          38.442         -38.331      -30942.000       91243.000     -104768.000      -59199.000       44475.000      -96051.000       80710.000       70401.000 
-12435  
-1  12  90           36.267          4           4.286         64          64.003          31.570         -50.332       24959.000       18997.000       -8820.000       19170.000       -1498.000      -14046.000       35904.000       -3446.000 
-12435  
-1  22  91           29.887         12          11.947         64          64.001          38.398         -38.354      -20950.000       93248.000     -109900.000      -46847.000       33301.000      -99992.000       88514.000       62005.000 
-12435  
-1  12  92           36.613          4           4.291         64          64.004          31.689         -50.339       26208.000       16720.000       -7584.000       19515.000       -1904.000      -13941.000       36054.000       -4733.000 
-12435  
-1  22  93           29.897         12          11.946         64          64.001          38.548         -38.332      -25131.000       91415.000     -107870.000      -52894.000       38490.000      -98369.000       85299.000       67615.000 
-12435  
-1  12  94           36.193          4           4.276         64          63.993          31.526         -50.386       24614.000       17693.000       -8275.000       19829.000       -2148.000      -13847.000       35986.000       -4624.000 
-12435  
-1  22  95           29.877         12          11.947         64          63.998          38.219         -38.329      -17270.000       94192.000     -112105.000      -42975.000       29651.000     -101401.000       90989.000       58663.000 
-12435  
-1  12  96           36.297          4           4.291         64          64.001          31.602         -50.333       25055.000       18384.000       -8521.000       19229.000       -1199.000      -14244.000       36061.000       -4020.000 
-12435  
-1  22  97           29.903         12          11.948         64          64.000          38.044         -38.375      -20359.000       93375.000     -110325.000      -45826.000       33488.000      -99698.000       88208.000       61048.000 
-12435  
-1  12  98           36.363          4           4.287         64          64.003          31.555         -50.359       25931.000       16699.000       -7898.000       19624.000       -1949.000      -13498.000       35961.000       -5774.000 
-12435  
-1  22  99           29.837         12          11.946         64          63.999          38.331         -38.363      -28174.000       90579.000     -105471.000      -56684.000       41788.000      -97005.000       82742.000       68974.000 
-12435  
