-1  22  1           -8.003         12          12.003         64          64.001          42.442         -33.920      183266.000      -71941.000       57540.000     -138400.000       15734.000     -196078.000      -78644.000     -148775.000 
-12435  
-1  12  2            3.120          5           4.812         64          64.008          21.231         -60.153         943.000        4436.000        2900.000        8824.000        2663.000        8086.000        1011.000       11178.000 
-12435  
-1  22  3           -8.003         12          12.006         64          63.993          42.481         -33.904      190732.000      -54831.000       71082.000     -132005.000       34598.000     -192246.000      -64918.000     -156445.000 
-12435  
-1  12  4            3.207          5           4.850         64          63.993          21.455         -59.863        1141.000        4713.000        1920.000        9231.000        2780.000        8492.000         -81.000       11579.000 
-12435  
-1  22  5           -8.003         12          12.005         64          63.996          42.430         -33.905      193027.000      -39566.000       80775.000     -126337.000       49700.000     -190080.000      -52458.000     -161244.000 
-12435  
-1  12  6            3.667          5           4.861         64          64.013          21.111         -60.185        1162.000        4457.000        2548.000        8272.000        2394.000        8698.000         585.000       11188.000 
-12435  
-1  22  7           -8.003         12          12.005         64          64.005          42.497         -33.912      189808.000      -51379.000       74639.000     -130224.000       38640.000     -193397.000      -61287.000     -156937.000 
-12435  
-1  12  8            2.930          5           4.867         64          64.048          21.276         -60.016         858.000        5168.000        2731.000        8671.000        2284.000        8691.000        1238.000       11077.000 
-12435  
-1  22  9           -8.003         12          12.003         64          64.006          42.723         -33.894      184950.000      -68487.000       61113.000     -137189.000       21099.000     -196215.000      -76507.000     -150791.000 
-12435  
-1  12  10            3.000          5           4.858         64          64.026          21.506         -59.829        1070.000        4692.000        2476.000        8958.000        2808.000        8137.000         967.000       12014.000 
-12435  
-1  22  11           -8.000         12          12.003         64          63.999          42.494         -33.917      188584.000      -59201.000       67258.000     -133133.000       31379.000     -193734.000      -67481.000     -154682.000 
-12435  
-1  12  12            3.063          5           4.801         64          64.002          20.872         -60.288         745.000        4304.000        2587.000        8313.000        2353.000        8214.000         935.000       11278.000 
-12435  
-1  22  13           -8.003         12          12.004         64          63.999          42.583         -33.923      186105.000      -63925.000       63215.000     -135413.000       24526.000     -194776.000      -73050.000     -152340.000 
-12435  
-1  12  14            3.767          5           4.838         64          63.981          21.374         -59.905        1537.000        4529.000        2511.000        9002.000        2082.000        8598.000         848.000       11577.000 
-12435  
-1  22  15           -8.000         12          12.005         64          64.002          42.519         -33.927      194211.000      -28294.000       87794.000     -121108.000       61300.000     -186641.000      -42200.000     -163557.000 
-12435  
-1  12  16            2.940          5           4.855         64          63.995          21.201         -60.030         996.000        4926.000        1616.000        8980.000        2322.000        8528.000         286.000       11283.000 
-12435  
-1  22  17           -8.003         12          12.005         64          64.006          42.832         -33.901      195795.000      -26658.000       89532.000     -119370.000       63100.000     -186972.000      -41330.000     -163801.000 
-12435  
-1  12  18            3.133          5           4.791         64          64.039          21.210         -60.007        1144.000        4199.000        2989.000        8438.000        2690.000        8537.000        1678.000       11564.000 
-12435  
-1  22  19           -8.000         12          12.008         64          64.004          42.730         -33.903      185255.000      -67985.000       61116.000     -136781.000       21699.000     -195489.000      -75229.000     -151653.000 
-12435  
-1  12  20            2.620          5           4.844         64          63.994          21.227         -59.989        1347.000        4493.000        2950.000        8758.000        3500.000        8670.000        2251.000       10822.000 
-12435  
-1  22  21           -8.000         12          12.003         64          63.995          42.616         -33.932      190174.000      -51441.000       72627.000     -130832.000       37666.000     -192250.000      -61285.000     -156638.000 
-12435  
-1  12  22            3.597          5           4.816         64          64.006          21.030         -60.471        1715.000        4114.000        1959.000        8655.000        2683.000        8187.000         539.000       10515.000 
-12435  
-1  22  23           -8.003         12          12.003         64          63.997          42.526         -33.913      184909.000      -68621.000       60369.000     -135717.000       19826.000     -196185.000      -75762.000     -151202.000 
-12435  
-1  12  24            3.533          5           4.879         64          64.002          21.267         -60.012        1025.000        4791.000        1381.000        8828.000        1793.000        9203.000        -605.000       11101.000 
-12435  
-1  22  25           -8.003         12          12.004         64          64.001          42.886         -33.916      177546.000      -85063.000       48340.000     -141313.000        3157.000     -196855.000      -89833.000     -143011.000 
-12435  
-1  12  26            3.367          5           4.821         64          64.005          20.554         -60.648         651.000        4482.000        1930.000        8810.000        1624.000        7328.000        -372.000       10680.000 
-12435  
-1  22  27           -8.003         12          12.004         64          64.008          42.463         -33.921      186598.000      -62630.000       64421.000     -134375.000       26309.000     -195323.000      -71375.000     -152744.000 
-12435  
-1  12  28            3.333          5           4.829         64          64.009          21.511         -59.997        1448.000        4538.000        1970.000        8845.000        2199.000        8524.000         583.000       11568.000 
-12435  
-1  22  29           -8.000         12          12.005         64          64.007          42.731         -33.904      179423.000      -81534.000       51239.000     -140990.000        7901.000     -197111.000      -85988.000     -145101.000 
-12435  
-1  12  30            3.720          5           4.820         64          63.979          21.451         -59.730        1565.000        4583.000        2938.000        9119.000        2829.000        8552.000         944.000       11799.000 
-12435  
-1  22  31           -8.000         12          12.005         64          64.002          42.432         -33.892      193904.000      -37282.000       82077.000     -125012.000       51577.000     -189735.000      -50141.000     -162892.000 
-12435  
-1  12  32            3.020          5           4.849         64          64.007          21.260         -59.974        1013.000        4603.000        3007.000        8912.000        2901.000        8436.000        1310.000       11232.000 
-12435  
-1  22  33           -8.003         12          12.006         64          64.000          42.598         -33.923      193967.000      -33813.000       84430.000     -123513.000       55692.000     -188164.000      -47768.000     -161899.000 
-12435  
-1  12  34            2.537          5           4.854         64          64.005          21.291         -59.951         676.000        5185.000        2338.000        9163.000        2394.000        8750.000        1078.000       10936.000 
-12435  
-1  22  35           -8.000         12          12.006         64          63.998          42.379         -33.912      181577.000      -77101.000       54085.000     -139796.000       12012.000     -195922.000      -82874.000     -147285.000 
-12435  
-1  12  36            3.087          5           4.818         64          64.003          21.102         -60.035        1292.000        4833.000        2495.000        8639.000        2110.000        8202.000        1141.000       11609.000 
-12435  
-1  22  37           -8.003         12          12.003         64          64.001          42.397         -33.913      190740.000      -48060.000       74743.000     -129421.000       41663.000     -192245.000      -59627.000     -158623.000 
-12435  
-1  12  38            4.143          5           4.824         64          64.010          20.949         -60.114        1411.000        4486.000        2125.000        9205.000        1744.000        8060.000        -660.000       11323.000 
-12435  
-1  22  39           -8.003         12          12.002         64          64.002          42.577         -33.914      189756.000      -50895.000       73095.000     -130618.000       38304.000     -193176.000      -61757.000     -157520.000 
-12435  
-1  12  40            3.027          5           4.833         64          63.988          20.887         -60.221         365.000        4681.000        2421.000        8681.000        1989.000        7619.000         179.000       11630.000 
-12435  
-1  22  41           -8.000         12          12.006         64          64.005          42.788         -33.928      185242.000      -65903.000       62133.000     -135101.000       23365.000     -195680.000      -73217.000     -151729.000 
-12435  
-1  12  42            3.390          5           4.819         64          63.977          20.937         -60.040        1231.000        4723.000        2020.000        8951.000        1848.000        8353.000         323.000       11491.000 
-12435  
-1  22  43           -8.003         12          12.004         64          64.003          42.610         -33.921      191870.000      -44289.000       77848.000     -127260.000       45265.000     -191863.000      -55237.000     -158960.000 
-12435  
-1  12  44            2.937          5           4.828         64          63.979          21.497         -59.970         591.000        4289.000        2678.000        9011.000        2098.000        8415.000        1252.000       11600.000 
-12435  
-1  22  45           -8.003         12          12.005         64          64.002          42.772         -33.907      186196.000      -62765.000       65181.000     -135371.000       26290.000     -194791.000      -71738.000     -153826.000 
-12435  
-1  12  46            3.590          5           4.820         64          64.002          21.384         -60.003        1300.000        4468.000        2605.000        8957.000        2875.000        8660.000         439.000       11130.000 
-12435  
-1  22  47           -8.003         12          12.004         64          64.000          42.453         -33.919      191052.000      -47509.000       75592.000     -129166.000       41247.000     -191710.000      -59046.000     -158646.000 
-12435  
-1  12  48            2.340          5           4.837         64          63.998          21.227         -59.966        1074.000        4889.000        1951.000        8874.000        2408.000        8412.000        1566.000       11492.000 
-12435  
-1  22  49           -8.000         12          12.003         64          64.000          42.545         -33.910      185620.000      -66416.000       62640.000     -135501.000       23595.000     -195353.000      -73834.000     -152359.000 
-12435  
-1  12  50            3.470          5           4.835         64          63.991          21.002         -60.142        1096.000        4918.000        2775.000        8630.000        2209.000        8575.000         615.000       10941.000 
-12435  
-1  22  51           -8.000         12          12.005         64          64.000          42.586         -33.922      190223.000      -51751.000       72853.000     -130281.000       38142.000     -192586.000      -61854.000     -157076.000 
-12435  
-1  12  52            3.090          5           4.898         64          64.003          21.458         -59.799        1226.000        4840.000        2079.000        9299.000        2718.000        9051.000         460.000       11223.000 
-12435  
-1  22  53           -8.003         12          12.007         64          64.003          42.540         -33.908      188013.000      -60450.000       66043.000     -133733.000       28664.000     -194559.000      -69951.000     -154135.000 
-12435  
-1  12  54            3.140          5           4.876         64          64.005          21.353         -59.950        1369.000        4578.000        2729.000        9095.000        2883.000        8553.000        1166.000       11137.000 
-12435  
-1  22  55           -8.003         12          12.005         64          64.003          42.741         -33.920      192015.000      -42702.000       78335.000     -127062.000       46312.000     -191264.000      -54597.000     -159846.000 
-12435  
-1  12  56            3.033          5           4.819         64          64.031          21.483         -60.048         750.000        4814.000        2602.000        8472.000        1998.000        8602.000         988.000       11467.000 
-12435  
-1  22  57           -8.003         12          12.005         64          64.003          42.655         -33.887      189895.000      -54148.000       71244.000     -132142.000       34802.000     -194665.000      -64717.000     -156210.000 
-12435  
-1  12  58            3.083          5           4.864         64          64.011          21.133         -60.015        1335.000        4731.000        2830.000        8776.000        3048.000        8244.000        1215.000       11280.000 
-12435  
-1  22  59           -8.003         12          12.006         64          64.002          42.633         -33.893      188608.000      -58470.000       68852.000     -134046.000       31349.000     -194471.000      -67550.000     -154777.000 
-12435  
-1  12  60            3.547          5           4.803         64          63.975          20.737         -60.429        1679.000        4284.000        2109.000        8381.000        2353.000        8042.000         890.000       10936.000 
-12435  
-1  22  61           -8.003         12          12.005         64          64.002          42.485         -33.901      190165.000      -52370.000       73002.000     -131602.000       36563.000     -193650.000      -63098.000     -156304.000 
-12435  
-1  12  62            3.483          5           4.805         64          64.006          20.999         -60.343        1342.000        4408.000        2697.000        8205.000        2592.000        7751.000         972.000       11343.000 
-12435  
-1  22  63           -8.000         12          12.003         64          64.000          42.435         -33.920      191051.000      -46938.000       75274.000     -128950.000       43199.000     -191846.000      -58139.000     -158721.000 
-12435  
-1  12  64            3.343          5           4.865         64          64.036          21.182         -59.964        1193.000        4702.000        2235.000        8699.000        2689.000        8886.000         274.000       11332.000 
-12435  
-1  22  65           -8.003         12          12.006         64          64.000          42.702         -33.924      176700.000      -84821.000       47207.000     -141757.000        1495.000     -197131.000      -89824.000     -142970.000 
-12435  
-1  12  66            3.813          5           4.852         64          64.008          21.018         -60.260        1428.000        4644.000        2834.000        8652.000        2437.000        7622.000         689.000       11264.000 
-12435  
-1  22  67           -8.003         12          12.004         64          64.001          42.560         -33.919      191075.000      -49497.000       73905.000     -130206.000       39538.000     -191799.000      -60428.000     -157711.000 
-12435  
-1  12  68            3.273          5           4.872         64          64.015          21.489         -59.889        1502.000        4889.000        2626.000        8790.000        2490.000        8394.000        1022.000       11679.000 
-12435  
-1  22  69           -8.003         12          12.005         64          64.006          42.408         -33.902      189720.000      -52935.000       71867.000     -131314.000       36861.000     -193939.000      -63595.000     -156712.000 
-12435  
-1  12  70            3.170          5           4.855         64          64.025          21.271         -59.953        1179.000        4010.000        3088.000        8498.000        3007.000        8723.000        1760.000       11497.000 
-12435  
-1  22  71           -8.003         12          12.005         64          64.000          42.689         -33.898      181702.000      -78058.000       54569.000     -139924.000       10576.000     -196601.000      -83432.000     -146595.000 
-12435  
-1  12  72            2.877          5           4.832         64          64.024          21.094         -60.250         905.000        4765.000        2624.000        8750.000        3045.000        7547.000         946.000       11155.000 
-12435  
-1  22  73           -8.000         12          12.006         64          64.001          42.598         -33.907      189042.000      -54560.000       70584.000     -131783.000       35517.000     -193997.000      -64215.000     -156642.000 
-12435  
-1  12  74            2.953          5           4.846         64          63.991          20.998         -60.093         824.000        4424.000        2643.000        8455.000        2404.000        8469.000        1409.000       11458.000 
-12435  
-1  22  75           -8.003         12          12.006         64          64.003          42.521         -33.903      181779.000      -76872.000       54321.000     -139991.000       11441.000     -196028.000      -83903.000     -147106.000 
-12435  
-1  12  76            2.950          5           4.831         64          63.993          21.179         -60.018         679.000        3843.000        2571.000        9268.000        2257.000        8619.000        1235.000       11236.000 
-12435  
-1  22  77           -8.003         12          12.005         64          64.002          42.897         -33.901      187102.000      -60803.000       67083.000     -133833.000       29331.000     -195272.000      -70066.000     -154232.000 
-12435  
-1  12  78            2.950          5           4.841         64          63.994          20.824         -60.449         647.000        4110.000        2486.000        8181.000        2509.000        8026.000        1057.000       11086.000 
-12435  
-1  22  79           -8.000         12          12.006         64          64.001          42.510         -33.912      191278.000      -46473.000       76439.000     -128798.000       44325.000     -191993.000      -57228.000     -158679.000 
-12435  
-1  12  80            3.140          5           4.849         64          64.015          21.575         -59.816        1646.000        5016.000        3038.000        9119.000        2800.000        8260.000        1499.000       11462.000 
-12435  
-1  22  81           -8.003         12          12.004         64          64.001          42.756         -33.932      193430.000      -34635.000       83837.000     -123644.000       54636.000     -188814.000      -48680.000     -161055.000 
-12435  
-1  12  82            3.440          5           4.837         64          64.019          20.923         -60.037        1355.000        4382.000        2499.000        8882.000        2073.000        8294.000        1003.000       11546.000 
-12435  
-1  22  83           -8.003         12          12.005         64          64.003          42.456         -33.931      187462.000      -57181.000       68577.000     -132888.000       31813.000     -193782.000      -66818.000     -155239.000 
-12435  
-1  12  84            3.870          5           4.811         64          64.005          21.015         -60.197        1345.000        4203.000        2417.000        8608.000        2010.000        8815.000         529.000       10989.000 
-12435  
-1  22  85           -8.007         12          12.004         64          64.003          42.395         -33.891      181124.000      -78695.000       53386.000     -139521.000        8759.000     -197186.000      -85288.000     -146753.000 
-12435  
-1  12  86            3.897          5           4.812         64          63.996          21.052         -60.100        1770.000        4337.000        2508.000        8761.000        2063.000        8338.000        1003.000       11370.000 
-12435  
-1  22  87           -8.000         12          12.003         64          64.000          42.534         -33.920      186695.000      -63458.000       64962.000     -135306.000       27168.000     -194929.000      -70707.000     -151938.000 
-12435  
-1  12  88            3.123          5           4.803         64          63.974          21.257         -60.219        1483.000        4135.000        2237.000        8384.000        2588.000        8155.000        1333.000       11449.000 
-12435  
-1  22  89           -8.003         12          12.003         64          64.003          42.696         -33.916      186325.000      -64424.000       63330.000     -135410.000       24220.000     -195055.000      -72509.000     -152504.000 
-12435  
-1  12  90            3.100          5           4.820         64          63.964          20.994         -60.171        1183.000        5052.000        1916.000        8940.000        2393.000        7578.000          19.000       11417.000 
-12435  
-1  22  91           -8.000         12          12.003         64          63.999          42.390         -33.896      186502.000      -63452.000       64735.000     -134881.000       27228.000     -195158.000      -71936.000     -154073.000 
-12435  
-1  12  92            2.933          5           4.822         64          64.013          21.550         -59.991         873.000        4502.000        1797.000        8897.000        2139.000        8764.000         645.000       11474.000 
-12435  
-1  22  93           -8.007         12          12.004         64          64.005          42.812         -33.909      190262.000      -50906.000       73594.000     -130258.000       37700.000     -192877.000      -62778.000     -157505.000 
-12435  
-1  12  94            3.020          5           4.852         64          64.000          21.036         -60.067        1308.000        4894.000        2251.000        9498.000        2046.000        7857.000         989.000       11114.000 
-12435  
-1  22  95           -8.003         12          12.006         64          64.001          42.504         -33.896      190626.000      -53576.000       72082.000     -130694.000       36215.000     -193431.000      -64352.000     -156793.000 
-12435  
-1  12  96            2.787          5           4.814         64          64.001          21.063         -60.114         717.000        4304.000        2952.000        8388.000        2647.000        8485.000        1920.000       11279.000 
-12435  
-1  22  97           -8.003         12          12.003         64          63.999          42.469         -33.900      188924.000      -58470.000       68530.000     -133533.000       31446.000     -193934.000      -67496.000     -154987.000 
-12435  
-1  12  98            2.880          5           4.821         64          64.005          21.660         -60.020        1252.000        4976.000        2297.000        8966.000        2408.000        8592.000        1361.000       11014.000 
-12435  
-1  22  99           -8.003         12          12.004         64          63.999          42.856         -33.900      191945.000      -46732.000       76343.000     -128459.000       42983.000     -192616.000      -58343.000     -158443.000 
-12435  
