-1  22  1           23.037         12          11.932         64          63.996          42.970         -33.275      -67716.000     -181732.000      192524.000      -85092.000      133186.000       67889.000      -46724.000      205735.000 
-12435  
-1  12  2           24.893          4           4.283         64          64.005          37.471         -44.529      -22011.000       58089.000      -52439.000      -12967.000       -9863.000      -32339.000       51458.000      -24037.000 
-12435  
-1  22  3           23.037         12          11.935         64          64.006          43.377         -33.263      -79339.000     -178001.000      186955.000      -96930.000      137700.000       59127.000      -33753.000      207948.000 
-12435  
-1  12  4           24.903          4           4.282         64          64.001          37.270         -44.564      -18547.000       58715.000      -52915.000      -10839.000      -12029.000      -31251.000       50272.000      -26432.000 
-12435  
-1  22  5           23.043         12          11.932         64          64.002          43.106         -33.244     -101629.000     -167182.000      173876.000     -119841.000      144528.000       41054.000       -7950.000      210517.000 
-12435  
-1  12  6           24.917          4           4.284         64          63.999          37.415         -44.527      -20366.000       58256.000      -52623.000      -11730.000      -11049.000      -32189.000       51435.000      -25108.000 
-12435  
-1  22  7           23.043         12          11.934         64          64.000          43.071         -33.268      -68023.000     -181869.000      192190.000      -85329.000      134114.000       67599.000      -47247.000      205655.000 
-12435  
-1  12  8           24.847          4           4.283         64          64.002          37.204         -44.554      -21714.000       57892.000      -52200.000      -12799.000      -10733.000      -31933.000       51263.000      -24643.000 
-12435  
-1  22  9           23.040         12          11.936         64          64.001          43.058         -33.254      -93689.000     -171355.000      178542.000     -112146.000      142227.000       48452.000      -16931.000      209825.000 
-12435  
-1  12  10           24.873          4           4.283         64          64.006          37.268         -44.530      -22738.000       57252.000      -52136.000      -14587.000       -9817.000      -32510.000       52232.000      -23129.000 
-12435  
-1  22  11           23.040         12          11.933         64          64.001          43.401         -33.262      -86101.000     -175226.000      183078.000     -104090.000      140433.000       53286.000      -26241.000      208543.000 
-12435  
-1  12  12           24.917          4           4.279         64          63.999          37.285         -44.553      -22724.000       57463.000      -51460.000      -14409.000       -9586.000      -32550.000       52252.000      -22972.000 
-12435  
-1  22  13           23.047         12          11.932         64          64.001          43.122         -33.281      -84010.000     -175359.000      183058.000     -101786.000      139946.000       56289.000      -28962.000      208060.000 
-12435  
-1  12  14           24.870          4           4.287         64          63.999          37.475         -44.522      -23270.000       57362.000      -52267.000      -14552.000       -9392.000      -31760.000       52451.000      -23264.000 
-12435  
-1  22  15           23.033         12          11.933         64          64.004          42.971         -33.287      -71112.000     -180370.000      190921.000      -87766.000      134870.000       65133.000      -42999.000      205746.000 
-12435  
-1  12  16           24.860          4           4.283         64          64.001          37.268         -44.541      -22466.000       57259.000      -52659.000      -13959.000       -9887.000      -32380.000       51697.000      -23327.000 
-12435  
-1  22  17           23.040         12          11.934         64          64.002          43.281         -33.258      -80443.000     -177373.000      186207.000      -98424.000      139249.000       57543.000      -33058.000      208022.000 
-12435  
-1  12  18           24.860          4           4.284         64          63.993          37.431         -44.529      -21005.000       58009.000      -53062.000      -12328.000      -11179.000      -31427.000       51341.000      -24989.000 
-12435  
-1  22  19           23.047         12          11.931         64          63.998          43.286         -33.274      -69308.000     -181994.000      191904.000      -86237.000      134068.000       65799.000      -46030.000      205355.000 
-12435  
-1  12  20           24.887          4           4.288         64          63.999          37.296         -44.559      -21920.000       57838.000      -52376.000      -12778.000      -10273.000      -32096.000       51253.000      -23942.000 
-12435  
-1  22  21           23.040         12          11.934         64          64.000          43.418         -33.259      -58889.000     -185339.000      196585.000      -76392.000      130993.000       74431.000      -57281.000      202557.000 
-12435  
-1  12  22           24.827          4           4.280         64          64.002          37.510         -44.529      -22892.000       57793.000      -52238.000      -14255.000       -9667.000      -32227.000       51472.000      -23811.000 
-12435  
-1  22  23           23.027         12          11.933         64          64.000          43.208         -33.271      -88989.000     -172899.000      181205.000     -108108.000      141257.000       51715.000      -21195.000      208527.000 
-12435  
-1  12  24           24.867          4           4.281         64          64.006          37.231         -44.547      -21802.000       57499.000      -52314.000      -13673.000      -10370.000      -32127.000       51739.000      -24035.000 
-12435  
-1  22  25           23.043         12          11.932         64          64.001          43.106         -33.269      -69956.000     -181521.000      191555.000      -87954.000      134570.000       65298.000      -45001.000      205706.000 
-12435  
-1  12  26           24.803          4           4.283         64          64.004          37.143         -44.545      -21567.000       57533.000      -52967.000      -12728.000      -11147.000      -31283.000       51336.000      -24965.000 
-12435  
-1  22  27           23.040         12          11.933         64          64.000          43.338         -33.263      -68062.000     -182346.000      192794.000      -84893.000      133721.000       67789.000      -47218.000      205472.000 
-12435  
-1  12  28           24.833          4           4.283         64          64.001          37.337         -44.523      -21318.000       58426.000      -52870.000      -12973.000      -10947.000      -32001.000       50692.000      -24794.000 
-12435  
-1  22  29           23.037         12          11.933         64          64.001          42.908         -33.267      -86302.000     -174154.000      182914.000     -104375.000      140539.000       52754.000      -25717.000      209101.000 
-12435  
-1  12  30           24.910          4           4.286         64          64.002          37.096         -44.593      -24205.000       56335.000      -51844.000      -16174.000       -8468.000      -32487.000       52109.000      -20765.000 
-12435  
-1  22  31           23.050         12          11.932         64          64.001          43.085         -33.272      -67677.000     -182577.000      192336.000      -84916.000      132876.000       68476.000      -47715.000      205214.000 
-12435  
-1  12  32           24.850          4           4.283         64          64.002          37.355         -44.529      -23710.000       57476.000      -51978.000      -14779.000       -9377.000      -32064.000       52086.000      -23023.000 
-12435  
-1  22  33           23.037         12          11.931         64          64.001          43.185         -33.268      -82528.000     -176167.000      185249.000     -100989.000      138925.000       56383.000      -30164.000      207963.000 
-12435  
-1  12  34           24.900          4           4.283         64          64.002          37.613         -44.514      -22968.000       57866.000      -52135.000      -14331.000       -9352.000      -32302.000       52095.000      -23224.000 
-12435  
-1  22  35           23.047         12          11.931         64          64.005          43.260         -33.260     -103301.000     -166014.000      171840.000     -121971.000      145102.000       39914.000       -5963.000      209653.000 
-12435  
-1  12  36           24.917          4           4.284         64          63.999          37.191         -44.518      -21010.000       58236.000      -52425.000      -12652.000      -10470.000      -32373.000       51661.000      -24612.000 
-12435  
-1  22  37           23.047         12          11.933         64          64.001          43.191         -33.280      -79617.000     -177812.000      185826.000      -97172.000      137659.000       59613.000      -33693.000      207409.000 
-12435  
-1  12  38           24.863          4           4.287         64          63.998          37.380         -44.525      -21632.000       58295.000      -52951.000      -12558.000      -10371.000      -32067.000       50916.000      -24468.000 
-12435  
-1  22  39           23.040         12          11.933         64          63.999          42.995         -33.264      -77716.000     -178373.000      187747.000      -95741.000      136712.000       60365.000      -35595.000      208029.000 
-12435  
-1  12  40           24.837          4           4.279         64          64.000          37.312         -44.550      -22958.000       57304.000      -51392.000      -14266.000      -10368.000      -33126.000       51836.000      -23339.000 
-12435  
-1  22  41           23.050         12          11.933         64          64.002          42.979         -33.270      -98114.000     -168345.000      175277.000     -116422.000      142665.000       43647.000      -12057.000      210448.000 
-12435  
-1  12  42           24.833          4           4.282         64          64.002          37.244         -44.589      -22930.000       56623.000      -52086.000      -14631.000       -9699.000      -32398.000       51639.000      -22855.000 
-12435  
-1  22  43           23.043         12          11.934         64          64.002          43.436         -33.264      -80429.000     -176831.000      185974.000      -98321.000      138909.000       57419.000      -33381.000      208429.000 
-12435  
-1  12  44           24.817          4           4.281         64          64.005          37.442         -44.547      -23715.000       56742.000      -51902.000      -15235.000       -8808.000      -32941.000       52047.000      -22792.000 
-12435  
-1  22  45           23.047         12          11.933         64          64.002          43.103         -33.257      -87513.000     -173557.000      182251.000     -106452.000      140632.000       52936.000      -25057.000      209404.000 
-12435  
-1  12  46           24.830          4           4.281         64          64.002          37.583         -44.506      -21603.000       57840.000      -53110.000      -13523.000      -10464.000      -31781.000       51561.000      -24709.000 
-12435  
-1  22  47           23.043         12          11.931         64          64.000          43.154         -33.275      -79543.000     -176980.000      186016.000      -98557.000      137194.000       59295.000      -33297.000      208254.000 
-12435  
-1  12  48           24.847          4           4.286         64          64.001          37.259         -44.559      -21012.000       57830.000      -52585.000      -12818.000      -10780.000      -31846.000       51036.000      -24883.000 
-12435  
-1  22  49           23.047         12          11.932         64          64.000          43.479         -33.254      -67946.000     -182585.000      192806.000      -85268.000      134223.000       68080.000      -47968.000      205268.000 
-12435  
-1  12  50           24.847          4           4.281         64          64.004          37.128         -44.539      -22721.000       57258.000      -51955.000      -14503.000       -9687.000      -32852.000       51900.000      -23400.000 
-12435  
-1  22  51           23.033         12          11.932         64          64.001          43.108         -33.277      -82296.000     -175202.000      184489.000     -100505.000      139434.000       56716.000      -30099.000      208635.000 
-12435  
-1  12  52           24.840          4           4.282         64          63.996          37.478         -44.528      -23440.000       57160.000      -51944.000      -14753.000      -10238.000      -32758.000       52123.000      -22803.000 
-12435  
-1  22  53           23.030         12          11.935         64          64.002          43.003         -33.252      -77129.000     -178964.000      188776.000      -94604.000      137852.000       60759.000      -36128.000      207334.000 
-12435  
-1  12  54           24.877          4           4.283         64          64.004          37.180         -44.548      -23982.000       56755.000      -51691.000      -15467.000       -8644.000      -32656.000       52523.000      -22105.000 
-12435  
-1  22  55           23.040         12          11.934         64          64.004          43.218         -33.272      -81961.000     -176395.000      185543.000      -99256.000      138581.000       56446.000      -31099.000      208292.000 
-12435  
-1  12  56           24.810          4           4.284         64          64.006          37.293         -44.545      -23665.000       57201.000      -52381.000      -14970.000       -9553.000      -32399.000       51435.000      -22755.000 
-12435  
-1  22  57           23.057         12          11.935         64          64.003          43.093         -33.264      -85836.000     -175345.000      182797.000     -103623.000      140075.000       53951.000      -27763.000      208768.000 
-12435  
-1  12  58           24.863          4           4.280         64          64.004          37.347         -44.549      -22057.000       57658.000      -52547.000      -13707.000       -9820.000      -32342.000       51253.000      -23762.000 
-12435  
-1  22  59           23.037         12          11.934         64          64.001          43.100         -33.255      -80528.000     -176671.000      185084.000      -99287.000      138832.000       57691.000      -32040.000      209790.000 
-12435  
-1  12  60           24.800          4           4.282         64          64.004          37.340         -44.543      -20986.000       57718.000      -52948.000      -12267.000      -11610.000      -32362.000       50748.000      -25019.000 
-12435  
-1  22  61           23.043         12          11.934         64          64.000          43.269         -33.257      -68335.000     -182518.000      192880.000      -84962.000      134003.000       67970.000      -47160.000      205415.000 
-12435  
-1  12  62           24.850          4           4.285         64          64.001          37.410         -44.544      -21548.000       57552.000      -52599.000      -13353.000      -10164.000      -32281.000       51433.000      -24372.000 
-12435  
-1  22  63           23.037         12          11.933         64          63.999          43.218         -33.274      -79885.000     -177581.000      186050.000      -97513.000      138090.000       58338.000      -32951.000      207856.000 
-12435  
-1  12  64           24.863          4           4.284         64          64.000          37.335         -44.590      -23409.000       56906.000      -52022.000      -14962.000       -9316.000      -32006.000       51597.000      -22346.000 
-12435  
-1  22  65           23.040         12          11.934         64          64.001          43.019         -33.277      -71727.000     -180865.000      190080.000      -89194.000      134935.000       65018.000      -42490.000      206196.000 
-12435  
-1  12  66           24.823          4           4.284         64          64.006          37.277         -44.523      -24876.000       56606.000      -51675.000      -15910.000       -8520.000      -32843.000       52694.000      -22032.000 
-12435  
-1  22  67           23.043         12          11.933         64          64.005          43.289         -33.269      -82709.000     -176274.000      184778.000     -100732.000      139326.000       56697.000      -30622.000      207887.000 
-12435  
-1  12  68           24.860          4           4.280         64          64.001          37.376         -44.521      -22763.000       57778.000      -52774.000      -14263.000       -9775.000      -31728.000       51638.000      -23496.000 
-12435  
-1  22  69           23.043         12          11.932         64          64.002          43.012         -33.264      -81513.000     -177040.000      185336.000      -99259.000      138337.000       56750.000      -31728.000      208767.000 
-12435  
-1  12  70           24.840          4           4.282         64          64.000          37.711         -44.542      -21512.000       57832.000      -52855.000      -13343.000      -10913.000      -32068.000       50979.000      -24205.000 
-12435  
-1  22  71           23.050         12          11.933         64          64.000          43.099         -33.263      -84142.000     -176584.000      183474.000     -101687.000      138756.000       55571.000      -28572.000      209207.000 
-12435  
-1  12  72           24.787          4           4.285         64          63.997          37.416         -44.559      -23022.000       56911.000      -52421.000      -14280.000      -10158.000      -31964.000       51642.000      -23608.000 
-12435  
-1  22  73           23.040         12          11.935         64          64.001          43.219         -33.262      -78769.000     -178381.000      187074.000      -96969.000      136889.000       58882.000      -34121.000      208343.000 
-12435  
-1  12  74           24.897          4           4.285         64          63.999          37.251         -44.529      -23176.000       57316.000      -51865.000      -14475.000      -10058.000      -32277.000       52550.000      -22781.000 
-12435  
-1  22  75           23.047         12          11.933         64          64.003          43.055         -33.256      -75916.000     -178780.000      188862.000      -93271.000      137412.000       62971.000      -39325.000      207232.000 
-12435  
-1  12  76           24.850          4           4.284         64          64.002          37.763         -44.532      -23143.000       57334.000      -52461.000      -14846.000       -9546.000      -32307.000       51773.000      -22945.000 
-12435  
-1  22  77           23.030         12          11.933         64          64.001          43.055         -33.280      -79305.000     -177091.000      186083.000      -97730.000      138181.000       58723.000      -32779.000      207753.000 
-12435  
-1  12  78           24.850          4           4.285         64          64.002          37.298         -44.512      -23152.000       57672.000      -51845.000      -14071.000       -9924.000      -32635.000       52163.000      -23606.000 
-12435  
-1  22  79           23.040         12          11.933         64          64.005          43.052         -33.269      -65264.000     -183242.000      193861.000      -82812.000      132665.000       70310.000      -49919.000      204108.000 
-12435  
-1  12  80           24.890          4           4.285         64          63.999          37.231         -44.559      -19954.000       58480.000      -52811.000      -11239.000      -11314.000      -31087.000       50740.000      -25818.000 
-12435  
-1  22  81           23.047         12          11.934         64          64.002          43.127         -33.266      -89216.000     -172806.000      181930.000     -107009.000      140485.000       51974.000      -23091.000      209160.000 
-12435  
-1  12  82           24.877          4           4.283         64          63.994          37.370         -44.539      -22193.000       57427.000      -52551.000      -12888.000      -10266.000      -32226.000       51874.000      -23815.000 
-12435  
-1  22  83           23.050         12          11.933         64          64.000          43.021         -33.250     -102493.000     -166731.000      172407.000     -120533.000      143938.000       40554.000       -6527.000      211295.000 
-12435  
-1  12  84           24.817          4           4.281         64          64.000          37.354         -44.524      -21249.000       58004.000      -52722.000      -13093.000      -10815.000      -32332.000       51039.000      -24971.000 
-12435  
-1  22  85           23.027         12          11.935         64          64.000          43.136         -33.273      -79468.000     -177221.000      185641.000      -98907.000      138654.000       57646.000      -32030.000      208050.000 
-12435  
-1  12  86           24.847          4           4.284         64          64.001          37.367         -44.542      -25093.000       55838.000      -51833.000      -16537.000       -8459.000      -33045.000       52957.000      -20876.000 
-12435  
-1  22  87           23.033         12          11.933         64          64.001          43.191         -33.274      -65272.000     -182804.000      193550.000      -82446.000      133449.000       68985.000      -49518.000      204538.000 
-12435  
-1  12  88           24.817          4           4.287         64          64.001          37.316         -44.532      -24187.000       57201.000      -52070.000      -15107.000       -9219.000      -32621.000       51791.000      -22594.000 
-12435  
-1  22  89           23.043         12          11.933         64          64.005          43.237         -33.272      -81257.000     -176439.000      185456.000      -99709.000      138433.000       57869.000      -32037.000      207994.000 
-12435  
-1  12  90           24.893          4           4.284         64          64.002          37.387         -44.547      -18971.000       58874.000      -52942.000      -10910.000      -12360.000      -31336.000       50301.000      -26205.000 
-12435  
-1  22  91           23.040         12          11.933         64          63.999          43.132         -33.272      -83092.000     -175078.000      184480.000     -101783.000      138995.000       55495.000      -29663.000      208899.000 
-12435  
-1  12  92           24.877          4           4.284         64          63.999          37.449         -44.546      -22805.000       57170.000      -52195.000      -14424.000      -10002.000      -32549.000       51978.000      -22827.000 
-12435  
-1  22  93           23.043         12          11.933         64          64.000          43.396         -33.280      -66881.000     -183196.000      192802.000      -83745.000      133078.000       68546.000      -48069.000      204082.000 
-12435  
-1  12  94           24.890          4           4.282         64          63.999          37.087         -44.571      -21350.000       57923.000      -52670.000      -13645.000      -10220.000      -31768.000       50856.000      -23814.000 
-12435  
-1  22  95           23.043         12          11.934         64          64.001          43.168         -33.275      -66151.000     -182078.000      193102.000      -83571.000      132979.000       69613.000      -49542.000      204861.000 
-12435  
-1  12  96           24.893          4           4.279         64          63.998          37.141         -44.549      -22000.000       57639.000      -52531.000      -13736.000      -10192.000      -32089.000       51547.000      -23449.000 
-12435  
-1  22  97           23.040         12          11.934         64          64.001          42.958         -33.259      -65640.000     -183679.000      193149.000      -82434.000      133323.000       69509.000      -49630.000      205169.000 
-12435  
-1  12  98           24.887          4           4.287         64          64.003          37.271         -44.525      -20573.000       58669.000      -53037.000      -12178.000      -11087.000      -31811.000       50699.000      -24988.000 
-12435  
-1  22  99           23.050         12          11.933         64          64.001          43.245         -33.269      -69370.000     -181602.000      192135.000      -86339.000      133970.000       66539.000      -46449.000      205585.000 
-12435  
