-1  22  1          -58.167         12          12.014         64          64.005          13.477         -63.160        6731.000        4861.000       -2848.000       -5517.000        2177.000        4597.000       -1961.000       -3943.000 
-12435  
-1  12  2          -46.910          4           4.265         64          63.998          17.604         -64.457       -3932.000       -2564.000        1982.000        3855.000        -672.000       -6963.000       -2473.000        4178.000 
-12435  
-1  22  3          -54.600         12          12.036         64          64.020          14.133         -62.601        6973.000        5589.000       -3206.000       -6613.000        2294.000        4610.000       -1356.000       -3395.000 
-12435  
-1  12  4          -45.223          4           4.232         64          64.010          17.837         -64.268       -4232.000       -1991.000        2920.000        3264.000       -1497.000       -7280.000       -2121.000        4192.000 
-12435  
-1  22  5          -63.883         12          12.020         64          63.988          14.026         -62.574        8459.000        3710.000       -3920.000       -5151.000        3295.000        3290.000       -3783.000       -3408.000 
-12435  
-1  12  6          -45.197          4           4.250         64          63.987          17.676         -64.213       -4523.000       -1170.000        3220.000        3233.000       -2055.000       -7171.000       -1084.000        4516.000 
-12435  
-1  22  7          -58.880         12          11.963         64          64.027          14.281         -62.389        7831.000        2526.000       -5258.000       -5475.000        4875.000        3636.000       -3751.000       -2458.000 
-12435  
-1  12  8          -45.720          4           4.288         64          64.008          18.337         -63.798       -4567.000       -1839.000        3470.000        3942.000       -2475.000       -7021.000       -1935.000        4573.000 
-12435  
-1  22  9          -61.200         12          12.005         64          63.981          14.174         -62.616        7495.000        4471.000       -3924.000       -5044.000        3386.000        4133.000       -2768.000       -4466.000 
-12435  
-1  12  10          -44.100          4           4.200         64          64.030          18.075         -64.080       -3993.000       -1658.000        2315.000        3703.000       -1219.000       -7672.000       -2554.000        4353.000 
-12435  
-1  22  11          -62.360         12          12.012         64          63.974          13.901         -62.833        6105.000        4489.000       -3482.000       -5650.000        2935.000        4647.000       -2709.000       -5069.000 
-12435  
-1  12  12          -45.493          4           4.265         64          63.977          17.562         -64.412       -4089.000       -2010.000        2925.000        3050.000       -1539.000       -7281.000       -1893.000        4114.000 
-12435  
-1  22  13          -60.520         12          11.952         64          63.981          13.778         -63.083        6134.000        5819.000       -3243.000       -5807.000        2453.000        4023.000       -1881.000       -3747.000 
-12435  
-1  12  14          -47.903          4           4.320         64          64.047          17.948         -63.972       -4102.000       -2414.000        2670.000        3797.000       -1536.000       -7484.000       -1300.000        4737.000 
-12435  
-1  22  15          -65.343         12          11.979         64          64.045          13.783         -63.105        7311.000        3544.000       -4664.000       -4437.000        3364.000        3070.000       -3929.000       -3328.000 
-12435  
-1  12  16          -45.343          4           4.169         64          63.984          18.313         -63.750       -5050.000       -1188.000        2936.000        3267.000       -2576.000       -7129.000       -2167.000        4999.000 
-12435  
-1  22  17          -60.713         12          11.973         64          64.003          14.499         -62.407        7367.000        4202.000       -3520.000       -6019.000        3696.000        4718.000       -3394.000       -3702.000 
-12435  
-1  12  18          -45.140          4           4.229         64          63.964          17.910         -64.007       -3939.000       -1790.000        2770.000        3356.000       -2006.000       -7592.000       -2110.000        4683.000 
-12435  
-1  22  19          -62.820         12          11.998         64          64.000          13.878         -62.972        6371.000        5014.000       -3176.000       -5407.000        2973.000        4649.000       -2901.000       -3948.000 
-12435  
-1  12  20          -45.283          4           4.191         64          64.068          17.508         -64.600       -4050.000       -1808.000        2641.000        3360.000       -1282.000       -7048.000       -1839.000        4126.000 
-12435  
-1  22  21          -61.487         12          11.986         64          63.964          13.951         -62.655        7256.000        4035.000       -4204.000       -6022.000        2694.000        3823.000       -3326.000       -3973.000 
-12435  
-1  12  22          -45.183          4           4.248         64          64.024          18.038         -63.818       -4963.000       -1756.000        2801.000        3385.000       -1738.000       -7717.000       -1724.000        4328.000 
-12435  
-1  22  23          -59.060         12          11.992         64          64.007          13.486         -63.231        7005.000        4154.000       -3366.000       -5288.000        3042.000        4282.000       -2859.000       -2983.000 
-12435  
-1  12  24          -47.297          4           4.233         64          63.986          17.723         -64.211       -4391.000       -2131.000        2486.000        3323.000       -1904.000       -6940.000       -2057.000        4782.000 
-12435  
-1  22  25          -57.913         12          12.039         64          63.997          13.831         -62.805        7298.000        4584.000       -4477.000       -5752.000        2474.000        3601.000       -2066.000       -3876.000 
-12435  
-1  12  26          -45.757          4           4.217         64          64.046          17.298         -64.705       -3956.000       -1609.000        2749.000        3181.000       -1597.000       -6729.000       -1902.000        4435.000 
-12435  
-1  22  27          -55.607         12          11.976         64          64.033          14.173         -62.710        7005.000        4108.000       -4138.000       -6617.000        2812.000        4215.000       -2201.000       -3475.000 
-12435  
-1  12  28          -46.147          4           4.228         64          64.000          17.791         -64.085       -4451.000       -2045.000        2808.000        3605.000       -2027.000       -7118.000       -2029.000        4436.000 
-12435  
-1  22  29          -59.450         12          11.961         64          64.025          14.113         -62.852        6518.000        4610.000       -2983.000       -6124.000        2984.000        4568.000       -2102.000       -4432.000 
-12435  
-1  12  30          -45.780          4           4.245         64          63.975          17.598         -64.417       -4477.000       -1472.000        2413.000        3436.000       -1718.000       -7006.000       -1720.000        4421.000 
-12435  
-1  22  31          -63.320         12          12.002         64          64.001          13.795         -62.896        6750.000        4618.000       -4099.000       -5645.000        3216.000        3623.000       -3093.000       -3705.000 
-12435  
-1  12  32          -44.993          4           4.290         64          64.056          18.081         -64.257       -3871.000       -2156.000        3017.000        3378.000       -1273.000       -7497.000       -2060.000        4056.000 
-12435  
-1  22  33          -65.560         12          12.015         64          64.000          13.813         -62.845        6221.000        4991.000       -3485.000       -5585.000        3059.000        4431.000       -3425.000       -4073.000 
-12435  
-1  12  34          -43.487          4           4.202         64          63.959          17.438         -64.714       -3879.000       -1181.000        3312.000        3199.000       -2317.000       -6843.000       -1545.000        3818.000 
-12435  
-1  22  35          -54.913         12          12.003         64          63.956          13.496         -63.117        6684.000        4132.000       -1907.000       -6465.000        3125.000        4801.000       -1995.000       -3210.000 
-12435  
-1  12  36          -45.720          4           4.236         64          63.977          17.948         -64.178       -4191.000       -1703.000        2696.000        3441.000       -1450.000       -7367.000       -1814.000        4648.000 
-12435  
-1  22  37          -58.970         12          11.995         64          64.022          14.155         -62.481        7653.000        4434.000       -3206.000       -5999.000        3757.000        4317.000       -2438.000       -3926.000 
-12435  
-1  12  38          -46.503          4           4.213         64          64.022          17.812         -63.961       -4472.000       -2226.000        3022.000        3423.000       -1897.000       -7086.000       -2375.000        4666.000 
-12435  
-1  22  39          -60.727         12          11.999         64          63.988          14.062         -62.636        8150.000        3494.000       -4209.000       -5237.000        3925.000        3587.000       -3454.000       -2896.000 
-12435  
-1  12  40          -44.973          4           4.164         64          64.047          17.487         -64.485       -4078.000       -1714.000        2536.000        3608.000       -1717.000       -6806.000       -2547.000        4222.000 
-12435  
-1  22  41          -58.997         12          11.990         64          64.007          13.667         -63.114        7260.000        3992.000       -3906.000       -5188.000        2995.000        3804.000       -2390.000       -3796.000 
-12435  
-1  12  42          -46.243          4           4.243         64          64.022          18.192         -63.754       -4465.000       -2249.000        2705.000        3313.000       -1761.000       -7590.000       -2502.000        4793.000 
-12435  
-1  22  43          -63.157         12          12.023         64          63.969          13.897         -62.726        6885.000        4331.000       -3801.000       -5775.000        3385.000        3778.000       -3102.000       -4414.000 
-12435  
-1  12  44          -45.083          4           4.244         64          64.078          17.881         -64.139       -4256.000       -1807.000        3173.000        3434.000       -1779.000       -7236.000       -2003.000        4375.000 
-12435  
-1  22  45          -58.297         12          12.004         64          63.937          13.997         -62.836        7030.000        4410.000       -4109.000       -5720.000        3036.000        4260.000       -2467.000       -3558.000 
-12435  
-1  12  46          -46.407          4           4.142         64          63.993          17.577         -64.524       -4655.000       -1507.000        2438.000        3003.000       -1931.000       -6814.000       -1571.000        4477.000 
-12435  
-1  22  47          -61.210         12          12.015         64          64.013          14.217         -62.602        7748.000        4044.000       -3268.000       -5996.000        2779.000        3339.000       -2517.000       -5049.000 
-12435  
-1  12  48          -44.153          4           4.298         64          63.989          18.187         -63.954       -4147.000       -1720.000        3623.000        3300.000       -2252.000       -7486.000       -1976.000        4249.000 
-12435  
-1  22  49          -61.067         12          11.962         64          64.011          14.667         -62.336        7095.000        5061.000       -4007.000       -6202.000        4082.000        4194.000       -2757.000       -3515.000 
-12435  
-1  12  50          -46.643          4           4.302         64          64.036          17.891         -64.215       -4105.000       -1993.000        3221.000        3205.000       -2043.000       -7071.000       -1596.000        4649.000 
-12435  
-1  22  51          -59.827         12          11.965         64          63.950          14.303         -62.462        6671.000        4825.000       -3485.000       -6141.000        3734.000        5082.000       -2700.000       -3831.000 
-12435  
-1  12  52          -45.227          4           4.227         64          63.990          17.641         -64.291       -4212.000       -1627.000        2966.000        3447.000       -1921.000       -7130.000       -1711.000        4383.000 
-12435  
-1  22  53          -61.210         12          12.003         64          63.994          14.262         -62.605        7525.000        3948.000       -4868.000       -5157.000        3005.000        3941.000       -3419.000       -3848.000 
-12435  
-1  12  54          -45.263          4           4.218         64          63.960          17.394         -64.642       -4439.000       -1971.000        2573.000        3479.000       -1400.000       -6801.000       -2024.000        3736.000 
-12435  
-1  22  55          -54.743         12          11.935         64          63.955          13.928         -62.694        7033.000        3224.000       -5045.000       -5832.000        3612.000        4600.000       -2585.000       -3140.000 
-12435  
-1  12  56          -45.987          4           4.287         64          63.953          18.120         -63.950       -4406.000       -2236.000        2324.000        3547.000       -2384.000       -7702.000       -2056.000        3964.000 
-12435  
-1  22  57          -61.907         12          12.064         64          64.000          13.370         -63.259        7379.000        3925.000       -3097.000       -5189.000        3308.000        3543.000       -3024.000       -3208.000 
-12435  
-1  12  58          -47.133          4           4.362         64          63.973          18.434         -63.989       -4166.000       -2248.000        2549.000        3871.000       -2249.000       -7213.000       -1912.000        4644.000 
-12435  
-1  22  59          -61.597         12          11.955         64          63.977          14.134         -62.583        6828.000        3989.000       -4412.000       -5903.000        3293.000        4338.000       -3432.000       -4022.000 
-12435  
-1  12  60          -44.973          4           4.282         64          64.000          17.733         -64.155       -4023.000       -1872.000        2946.000        3580.000       -1723.000       -7362.000       -2126.000        4315.000 
-12435  
-1  22  61          -60.153         12          12.025         64          64.025          14.841         -62.039        8318.000        3805.000       -4791.000       -5794.000        4279.000        3754.000       -3249.000       -3820.000 
-12435  
-1  12  62          -45.493          4           4.161         64          64.001          17.894         -64.196       -4564.000       -1567.000        2453.000        3260.000       -2254.000       -7110.000       -2240.000        4444.000 
-12435  
-1  22  63          -61.700         12          11.974         64          63.926          14.352         -62.745        7087.000        3015.000       -4179.000       -5925.000        3245.000        3965.000       -3839.000       -3901.000 
-12435  
-1  12  64          -46.230          4           4.216         64          64.007          17.876         -64.156       -4206.000       -1935.000        2297.000        3675.000       -1555.000       -7259.000       -2050.000        4681.000 
-12435  
-1  22  65          -61.053         12          11.931         64          64.062          14.384         -62.453        7279.000        4879.000       -3622.000       -5627.000        2589.000        4446.000       -2571.000       -5013.000 
-12435  
-1  12  66          -44.700          4           4.156         64          64.014          17.408         -64.564       -4465.000       -1199.000        3035.000        3014.000       -1698.000       -6707.000       -2034.000        4347.000 
-12435  
-1  22  67          -61.290         12          11.997         64          63.952          13.619         -63.173        6546.000        4204.000       -3463.000       -5266.000        3014.000        4676.000       -3354.000       -3139.000 
-12435  
-1  12  68          -46.993          4           4.310         64          64.025          18.032         -64.087       -4833.000       -2508.000        2947.000        3493.000       -1916.000       -7039.000       -1826.000        4037.000 
-12435  
-1  22  69          -60.410         12          12.023         64          63.973          14.003         -62.719        7611.000        4311.000       -4264.000       -4801.000        3160.000        4320.000       -3022.000       -3680.000 
-12435  
-1  12  70          -44.410          4           4.162         64          64.027          17.830         -64.060       -4541.000       -1464.000        3053.000        3331.000       -2207.000       -7389.000       -1950.000        4210.000 
-12435  
-1  22  71          -65.000         12          11.989         64          63.910          14.739         -62.552        6408.000        5107.000       -2533.000       -6048.000        4618.000        4341.000       -3005.000       -4046.000 
-12435  
-1  12  72          -43.337          4           4.194         64          63.989          17.465         -64.473       -3824.000       -1602.000        2430.000        3802.000        -994.000       -7478.000       -2110.000        3742.000 
-12435  
-1  22  73          -67.980         12          12.051         64          64.037          14.436         -62.609        6178.000        4785.000       -3050.000       -6094.000        2609.000        4759.000       -4180.000       -4358.000 
-12435  
-1  12  74          -47.130          4           4.272         64          63.989          17.862         -63.994       -4289.000       -2645.000        2653.000        3820.000       -1719.000       -7473.000       -1692.000        4170.000 
-12435  
-1  22  75          -60.463         12          12.004         64          63.999          13.914         -62.997        6545.000        3928.000       -4613.000       -5274.000        2959.000        4053.000       -2804.000       -4267.000 
-12435  
-1  12  76          -46.977          4           4.193         64          63.991          17.511         -64.358       -4501.000       -2074.000        2751.000        3252.000       -2180.000       -6761.000       -1901.000        4376.000 
-12435  
-1  22  77          -56.787         12          12.046         64          63.983          14.091         -62.659        7424.000        3505.000       -3655.000       -6022.000        3021.000        4782.000       -2857.000       -3776.000 
-12435  
-1  12  78          -47.157          4           4.283         64          64.013          17.684         -64.343       -4069.000       -2145.000        2755.000        3277.000       -1471.000       -7009.000       -1773.000        4735.000 
-12435  
-1  22  79          -63.387         12          11.929         64          63.978          14.617         -62.292        6438.000        5041.000       -3677.000       -6710.000        3084.000        4452.000       -3084.000       -4725.000 
-12435  
-1  12  80          -46.153          4           4.207         64          64.026          17.437         -64.487       -4148.000       -1931.000        2803.000        3338.000       -2116.000       -6849.000       -1784.000        4247.000 
-12435  
-1  22  81          -57.227         12          11.966         64          64.011          13.969         -62.694        6837.000        5382.000       -3004.000       -6559.000        2721.000        4307.000       -1627.000       -3700.000 
-12435  
-1  12  82          -45.017          4           4.277         64          64.004          17.981         -64.075       -4393.000       -1929.000        3344.000        3886.000       -1306.000       -6832.000       -2531.000        4431.000 
-12435  
-1  22  83          -58.943         12          11.953         64          63.980          13.651         -62.866        7123.000        3735.000       -3999.000       -5618.000        3523.000        4072.000       -2592.000       -3938.000 
-12435  
-1  12  84          -46.360          4           4.246         64          63.998          18.298         -64.050       -4202.000       -2046.000        2643.000        3541.000       -2062.000       -7283.000       -2051.000        4647.000 
-12435  
-1  22  85          -61.903         12          11.959         64          63.982          14.178         -62.292        8347.000        3898.000       -3065.000       -6274.000        3242.000        4139.000       -3912.000       -3160.000 
-12435  
-1  12  86          -45.133          4           4.186         64          64.061          18.525         -64.225       -4400.000       -1608.000        2199.000        3136.000       -2066.000       -7472.000       -2197.000        4242.000 
-12435  
-1  22  87          -60.027         12          11.976         64          64.040          13.951         -62.806        6602.000        4868.000       -3778.000       -5985.000        2911.000        4365.000       -2544.000       -3787.000 
-12435  
-1  12  88          -46.823          4           4.254         64          64.046          17.572         -64.414       -4584.000       -1977.000        2497.000        3029.000       -2369.000       -6876.000       -1881.000        4204.000 
-12435  
-1  22  89          -61.840         12          11.950         64          64.011          13.971         -62.734        7543.000        3931.000       -3354.000       -5400.000        2402.000        4734.000       -3801.000       -3620.000 
-12435  
-1  12  90          -44.803          4           4.213         64          64.016          17.828         -64.288       -4360.000       -1345.000        2357.000        3667.000       -1679.000       -7268.000       -1877.000        4340.000 
-12435  
-1  22  91          -60.877         12          11.991         64          63.986          13.807         -62.774        7351.000        3601.000       -3189.000       -5759.000        3087.000        4452.000       -3406.000       -3960.000 
-12435  
-1  12  92          -44.930          4           4.275         64          63.961          18.023         -64.020       -4278.000       -1615.000        2913.000        3205.000       -2649.000       -7472.000       -2000.000        4335.000 
-12435  
-1  22  93          -64.913         12          12.003         64          64.036          14.301         -62.462        7513.000        3620.000       -4784.000       -5602.000        3651.000        3294.000       -4125.000       -3793.000 
-12435  
-1  12  94          -45.903          4           4.247         64          64.004          17.766         -64.410       -3964.000       -1865.000        2351.000        3337.000       -1667.000       -7276.000       -2004.000        4356.000 
-12435  
-1  22  95          -60.863         12          11.921         64          63.996          13.953         -62.877        6730.000        3647.000       -4622.000       -5095.000        3699.000        4543.000       -3519.000       -3229.000 
-12435  
-1  12  96          -47.130          4           4.182         64          63.986          18.145         -64.020       -4847.000       -1809.000        3079.000        3396.000       -2024.000       -6900.000       -1386.000        4889.000 
-12435  
-1  22  97          -62.397         12          11.983         64          63.946          14.288         -62.546        7729.000        4483.000       -3965.000       -5554.000        3601.000        3539.000       -3096.000       -3803.000 
-12435  
-1  12  98          -45.620          4           4.232         64          64.000          17.912         -64.112       -4108.000       -2155.000        3087.000        3749.000       -2372.000       -6859.000       -2604.000        4259.000 
-12435  
-1  22  99          -60.070         12          11.907         64          63.962          13.848         -62.911        7594.000        3535.000       -4780.000       -5362.000        3245.000        3294.000       -3252.000       -2836.000 
-12435  
