-1  12  1           24.117          4           4.279         64          64.005          36.166         -45.547      -43116.000      -28080.000       26579.000      -37729.000       31001.000         699.000       17305.000       52718.000 
-12435  
-1  22  2           22.057         12          11.935         64          64.005          43.494         -33.113      196206.000       -1435.000       17374.000      215396.000      -94688.000      113140.000     -200088.000      -86185.000 
-12435  
-1  12  3           24.103          4           4.281         64          64.000          36.295         -45.583      -43658.000      -26486.000       25282.000      -38980.000       30648.000        -693.000       18806.000       51813.000 
-12435  
-1  22  4           22.047         12          11.935         64          64.001          43.184         -33.120      192338.000       36869.000      -24823.000      214163.000     -114879.000       92487.000     -180159.000     -123049.000 
-12435  
-1  12  5           24.133          4           4.281         64          64.000          36.197         -45.560      -44802.000      -25373.000       24235.000      -39725.000       30673.000       -2071.000       20021.000       51256.000 
-12435  
-1  22  6           22.073         12          11.932         64          64.000          43.250         -33.139      194640.000       24391.000      -12126.000      214392.000     -107990.000       98008.000     -187264.000     -112192.000 
-12435  
-1  12  7           24.110          4           4.279         64          64.002          36.262         -45.570      -43413.000      -26891.000       26006.000      -38936.000       30561.000        -181.000       18125.000       52036.000 
-12435  
-1  22  8           22.060         12          11.933         64          64.001          43.586         -33.117      192574.000       35476.000      -23118.000      212978.000     -114620.000       93769.000     -181671.000     -122930.000 
-12435  
-1  12  9           24.113          4           4.281         64          64.003          36.282         -45.534      -42305.000      -28355.000       27614.000      -37529.000       30938.000         188.000       16094.000       53496.000 
-12435  
-1  22  10           22.053         12          11.934         64          64.003          43.527         -33.138      192880.000       30663.000      -18512.000      213947.000     -111781.000       95980.000     -183635.000     -117597.000 
-12435  
-1  12  11           24.203          4           4.280         64          64.004          36.364         -45.536      -43657.000      -27352.000       26064.000      -38681.000       30689.000         115.000       17215.000       52645.000 
-12435  
-1  22  12           22.053         12          11.934         64          64.002          43.217         -33.142      193711.000       25818.000      -12743.000      214677.000     -109488.000       98635.000     -185801.000     -112817.000 
-12435  
-1  12  13           24.130          4           4.278         64          64.001          36.275         -45.511      -42675.000      -28497.000       27137.000      -37884.000       30969.000         358.000       16380.000       53463.000 
-12435  
-1  22  14           22.050         12          11.934         64          64.002          43.416         -33.123      195163.000       -7210.000       23694.000      214431.000      -91090.000      115267.000     -203498.000      -79828.000 
-12435  
-1  12  15           24.083          4           4.281         64          63.999          36.608         -45.533      -43363.000      -26997.000       25706.000      -38763.000       30892.000        -752.000       18585.000       52660.000 
-12435  
-1  22  16           22.050         12          11.934         64          64.000          43.161         -33.147      191570.000       39218.000      -27137.000      213057.000     -114956.000       90847.000     -178367.000     -124813.000 
-12435  
-1  12  17           24.093          4           4.276         64          64.000          36.407         -45.558      -43672.000      -25991.000       24435.000      -39816.000       30843.000       -1106.000       19437.000       51958.000 
-12435  
-1  22  18           22.047         12          11.935         64          64.000          43.622         -33.117      191673.000       39726.000      -27688.000      214363.000     -115976.000       91229.000     -177877.000     -125853.000 
-12435  
-1  12  19           24.143          4           4.279         64          64.001          36.470         -45.554      -43495.000      -26773.000       25481.000      -39096.000       30433.000        -457.000       18231.000       52505.000 
-12435  
-1  22  20           22.050         12          11.935         64          64.001          43.504         -33.130      191918.000       36243.000      -23491.000      213952.000     -114385.000       92693.000     -180655.000     -122571.000 
-12435  
-1  12  21           24.083          4           4.285         64          64.002          36.480         -45.538      -43462.000      -27258.000       25627.000      -38460.000       30785.000        -163.000       18747.000       52612.000 
-12435  
-1  22  22           22.057         12          11.933         64          64.003          43.381         -33.121      195481.000        9945.000        4119.000      214769.000     -101604.000      108002.000     -195101.000      -98141.000 
-12435  
-1  12  23           24.080          4           4.282         64          64.000          36.477         -45.530      -43526.000      -26553.000       26117.000      -38664.000       31159.000        -480.000       18744.000       52470.000 
-12435  
-1  22  24           22.060         12          11.934         64          64.003          43.175         -33.113      195567.000       14812.000         -45.000      215613.000     -103697.000      105408.000     -192554.000     -102636.000 
-12435  
-1  12  25           24.110          4           4.283         64          64.003          36.343         -45.499      -42768.000      -29005.000       26675.000      -38002.000       31335.000         431.000       16506.000       53237.000 
-12435  
-1  22  26           22.063         12          11.934         64          64.003          43.510         -33.128      195670.000       -1552.000       17884.000      214982.000      -94358.000      113529.000     -199390.000      -86655.000 
-12435  
-1  12  27           24.080          4           4.277         64          63.995          36.268         -45.544      -42777.000      -27906.000       26140.000      -38365.000       31230.000        -109.000       17438.000       52725.000 
-12435  
-1  22  28           22.057         12          11.937         64          63.999          43.517         -33.119      190039.000       45743.000      -34703.000      212442.000     -119824.000       86892.000     -173912.000     -132316.000 
-12435  
-1  12  29           24.170          4           4.283         64          64.004          36.194         -45.572      -44268.000      -26659.000       25222.000      -38456.000       30799.000        -793.000       18517.000       51851.000 
-12435  
-1  22  30           22.060         12          11.935         64          64.002          43.249         -33.121      192490.000       36898.000      -24342.000      213995.000     -114958.000       92445.000     -179655.000     -123636.000 
-12435  
-1  12  31           24.067          4           4.285         64          64.001          36.074         -45.601      -44067.000      -25436.000       24183.000      -39171.000       30620.000       -1752.000       20427.000       51392.000 
-12435  
-1  22  32           22.057         12          11.935         64          63.999          43.584         -33.108      194538.000       20857.000       -6131.000      216062.000     -106761.000      101404.000     -190066.000     -108582.000 
-12435  
-1  12  33           24.077          4           4.282         64          64.004          36.538         -45.506      -43351.000      -27171.000       25929.000      -39613.000       30525.000        -244.000       18477.000       52620.000 
-12435  
-1  22  34           22.043         12          11.935         64          64.001          43.260         -33.103      194950.000       14500.000        1500.000      216867.000     -103482.000      106094.000     -192983.000     -101667.000 
-12435  
-1  12  35           24.070          4           4.285         64          64.002          36.253         -45.532      -42566.000      -28133.000       26445.000      -37975.000       30906.000         -22.000       17477.000       53310.000 
-12435  
-1  22  36           22.057         12          11.933         64          63.999          43.230         -33.129      194321.000       22893.000       -9471.000      215221.000     -107854.000      100818.000     -187575.000     -110416.000 
-12435  
-1  12  37           24.083          4           4.278         64          63.997          36.312         -45.526      -42732.000      -28181.000       26134.000      -38383.000       31015.000           3.000       17425.000       53075.000 
-12435  
-1  22  38           22.057         12          11.935         64          64.003          43.248         -33.106      196043.000       13736.000        1505.000      215378.000     -102796.000      105366.000     -194339.000     -101095.000 
-12435  
-1  12  39           24.090          4           4.277         64          64.000          36.221         -45.550      -43640.000      -26363.000       25080.000      -39006.000       31280.000        -964.000       19043.000       52140.000 
-12435  
-1  22  40           22.053         12          11.936         64          64.003          43.747         -33.094      195857.000       17148.000       -1953.000      215937.000     -105125.000      105078.000     -191827.000     -104509.000 
-12435  
-1  12  41           24.127          4           4.279         64          64.001          36.245         -45.509      -43852.000      -27818.000       26064.000      -38558.000       30980.000        -556.000       17816.000       52473.000 
-12435  
-1  22  42           22.047         12          11.935         64          64.002          43.709         -33.125      193914.000       25527.000      -12768.000      215153.000     -109449.000       99118.000     -186674.000     -112468.000 
-12435  
-1  12  43           24.167          4           4.279         64          64.001          36.345         -45.568      -44690.000      -25331.000       24280.000      -39743.000       30497.000       -1606.000       19693.000       51442.000 
-12435  
-1  22  44           22.067         12          11.934         64          64.000          43.318         -33.112      194206.000       29633.000      -14768.000      214632.000     -110943.000       96810.000     -185051.000     -116827.000 
-12435  
-1  12  45           24.057          4           4.282         64          63.997          36.463         -45.523      -43724.000      -26538.000       25790.000      -39183.000       30549.000        -967.000       19363.000       52344.000 
-12435  
-1  22  46           22.043         12          11.934         64          64.000          43.595         -33.139      194982.000        6826.000        7847.000      215457.000      -99860.000      108687.000     -195905.000      -93639.000 
-12435  
-1  12  47           24.083          4           4.281         64          64.002          36.415         -45.606      -43548.000      -26207.000       25620.000      -38665.000       31149.000       -1182.000       18587.000       51435.000 
-12435  
-1  22  48           22.057         12          11.934         64          64.001          43.365         -33.119      195471.000       16863.000       -3613.000      215561.000     -104395.000      103450.000     -191616.000     -104544.000 
-12435  
-1  12  49           24.150          4           4.282         64          64.003          36.589         -45.514      -42532.000      -29307.000       27837.000      -37595.000       30492.000        1320.000       15579.000       53415.000 
-12435  
-1  22  50           22.063         12          11.935         64          64.003          43.103         -33.129      193632.000       33303.000      -20661.000      213763.000     -112490.000       94618.000     -182026.000     -119936.000 
-12435  
-1  12  51           24.113          4           4.279         64          64.002          36.316         -45.535      -43393.000      -27321.000       25599.000      -39006.000       30175.000        -655.000       18331.000       52801.000 
-12435  
-1  22  52           22.050         12          11.934         64          64.005          43.246         -33.124      194532.000       21198.000       -7179.000      215281.000     -107048.000      101988.000     -189099.000     -108220.000 
-12435  
-1  12  53           24.117          4           4.279         64          64.000          36.363         -45.528      -44616.000      -26178.000       24391.000      -39626.000       30585.000       -2126.000       19761.000       51809.000 
-12435  
-1  22  54           22.053         12          11.936         64          64.003          43.417         -33.113      192507.000       36043.000      -23220.000      214908.000     -114410.000       92604.000     -180701.000     -122505.000 
-12435  
-1  12  55           24.047          4           4.279         64          63.997          36.303         -45.567      -42931.000      -27862.000       26805.000      -38430.000       30565.000        -156.000       17667.000       52107.000 
-12435  
-1  22  56           22.060         12          11.934         64          64.001          43.143         -33.141      195510.000       -1767.000       18065.000      214567.000      -94441.000      112655.000     -199680.000      -85806.000 
-12435  
-1  12  57           24.107          4           4.281         64          64.001          36.487         -45.587      -42715.000      -28153.000       26415.000      -38139.000       30868.000         472.000       16849.000       52234.000 
-12435  
-1  22  58           22.050         12          11.934         64          63.998          42.975         -33.138      192833.000       32808.000      -20796.000      213851.000     -112843.000       95258.000     -181858.000     -119253.000 
-12435  
-1  12  59           24.083          4           4.281         64          64.003          36.300         -45.571      -42234.000      -28049.000       26524.000      -38052.000       30734.000         251.000       16987.000       53042.000 
-12435  
-1  22  60           22.037         12          11.935         64          64.002          43.424         -33.128      193640.000       19909.000       -4770.000      215559.000     -105800.000      102558.000     -190928.000     -106514.000 
-12435  
-1  12  61           24.090          4           4.276         64          64.004          36.690         -45.540      -43295.000      -27245.000       25933.000      -38656.000       31211.000        -360.000       18077.000       52395.000 
-12435  
-1  22  62           22.053         12          11.935         64          64.001          43.289         -33.105      195389.000       17961.000       -3383.000      215790.000     -105224.000      103333.000     -191715.000     -105402.000 
-12435  
-1  12  63           24.087          4           4.283         64          63.997          36.465         -45.536      -43439.000      -26781.000       25979.000      -38701.000       30632.000       -1165.000       18575.000       52695.000 
-12435  
-1  22  64           22.047         12          11.931         64          64.001          43.264         -33.116      195155.000       10506.000        3577.000      216048.000     -101712.000      106999.000     -194918.000      -98127.000 
-12435  
-1  12  65           24.103          4           4.283         64          64.004          36.421         -45.554      -43294.000      -27257.000       26435.000      -38574.000       30659.000        -930.000       17663.000       52388.000 
-12435  
-1  22  66           22.040         12          11.936         64          64.001          43.593         -33.129      192939.000       33180.000      -19772.000      214710.000     -112128.000       95719.000     -182264.000     -118615.000 
-12435  
-1  12  67           24.073          4           4.283         64          64.007          36.393         -45.547      -42785.000      -27897.000       26644.000      -38416.000       30805.000        -279.000       17358.000       52639.000 
-12435  
-1  22  68           22.040         12          11.934         64          64.003          43.214         -33.114      192003.000       34996.000      -21713.000      215027.000     -113138.000       94421.000     -181991.000     -121494.000 
-12435  
-1  12  69           24.093          4           4.281         64          64.003          36.389         -45.599      -43761.000      -26415.000       24985.000      -38360.000       30082.000       -1311.000       19503.000       52111.000 
-12435  
-1  22  70           22.040         12          11.932         64          64.001          43.211         -33.119      194444.000       22644.000       -8102.000      215501.000     -107145.000      100541.000     -189747.000     -108494.000 
-12435  
-1  12  71           24.117          4           4.280         64          63.999          36.233         -45.609      -42865.000      -28110.000       25951.000      -38087.000       30395.000         -48.000       17159.000       52169.000 
-12435  
-1  22  72           22.047         12          11.934         64          64.002          43.253         -33.120      192676.000       33895.000      -22172.000      214519.000     -113373.000       94147.000     -181986.000     -120589.000 
-12435  
-1  12  73           24.137          4           4.281         64          64.005          36.277         -45.610      -42665.000      -28390.000       27020.000      -37455.000       30841.000         504.000       16065.000       52165.000 
-12435  
-1  22  74           22.060         12          11.934         64          63.999          43.150         -33.116      195568.000       19840.000       -5373.000      215242.000     -107107.000      102003.000     -189805.000     -106774.000 
-12435  
-1  12  75           24.030          4           4.282         64          64.006          36.579         -45.586      -43174.000      -26434.000       25734.000      -38956.000       30529.000        -334.000       19279.000       51875.000 
-12435  
-1  22  76           22.050         12          11.933         64          64.002          43.519         -33.116      195321.000       18934.000       -5730.000      215452.000     -104791.000      103694.000     -190617.000     -106300.000 
-12435  
-1  12  77           24.100          4           4.279         64          64.004          36.246         -45.566      -42522.000      -28468.000       27109.000      -37914.000       30608.000         -13.000       16420.000       52740.000 
-12435  
-1  22  78           22.053         12          11.933         64          64.002          43.380         -33.119      194662.000       18700.000       -4729.000      214790.000     -106314.000      103281.000     -191171.000     -106335.000 
-12435  
-1  12  79           24.093          4           4.284         64          63.998          36.534         -45.500      -42804.000      -28931.000       27414.000      -37492.000       30967.000        1232.000       16803.000       53316.000 
-12435  
-1  22  80           22.057         12          11.936         64          64.003          43.029         -33.113      194378.000       26450.000      -12418.000      215222.000     -109827.000       97523.000     -187216.000     -113295.000 
-12435  
-1  12  81           24.090          4           4.281         64          64.001          36.266         -45.584      -43239.000      -26920.000       25617.000      -38653.000       30649.000        -879.000       18324.000       52172.000 
-12435  
-1  22  82           22.060         12          11.934         64          64.002          43.268         -33.125      194457.000       24967.000      -11096.000      215599.000     -107930.000       99539.000     -186504.000     -112277.000 
-12435  
-1  12  83           24.090          4           4.278         64          64.004          36.377         -45.545      -43049.000      -27906.000       26772.000      -38090.000       30747.000         346.000       17510.000       52625.000 
-12435  
-1  22  84           22.057         12          11.934         64          64.001          43.173         -33.133      194405.000       19153.000       -4803.000      215214.000     -106453.000      102357.000     -189770.000     -106779.000 
-12435  
-1  12  85           24.070          4           4.282         64          63.999          36.314         -45.552      -42808.000      -28143.000       26254.000      -38326.000       30902.000        -178.000       17448.000       52578.000 
-12435  
-1  22  86           22.063         12          11.936         64          64.003          43.262         -33.125      195060.000       19825.000       -5964.000      215112.000     -106090.000      102122.000     -189685.000     -107662.000 
-12435  
-1  12  87           24.090          4           4.279         64          64.000          36.519         -45.574      -42577.000      -28083.000       26873.000      -38491.000       30587.000         185.000       16759.000       52349.000 
-12435  
-1  22  88           22.040         12          11.936         64          64.000          43.461         -33.108      193227.000       33160.000      -19955.000      214816.000     -112524.000       95280.000     -183593.000     -118993.000 
-12435  
-1  12  89           24.130          4           4.282         64          64.002          36.341         -45.574      -42469.000      -28121.000       26718.000      -38089.000       30911.000         622.000       16359.000       52722.000 
-12435  
-1  22  90           22.037         12          11.936         64          64.004          43.342         -33.091      195529.000       12522.000        2908.000      216553.000     -102864.000      108015.000     -194429.000      -99248.000 
-12435  
-1  12  91           24.067          4           4.282         64          64.006          36.433         -45.533      -44205.000      -26061.000       24905.000      -39477.000       31040.000       -1612.000       19834.000       51716.000 
-12435  
-1  22  92           22.060         12          11.934         64          64.001          43.426         -33.105      193207.000       34379.000      -21860.000      214107.000     -114353.000       94585.000     -181704.000     -121757.000 
-12435  
-1  12  93           24.120          4           4.281         64          64.003          36.288         -45.557      -42754.000      -28172.000       26854.000      -38386.000       30597.000          66.000       16588.000       52622.000 
-12435  
-1  22  94           22.047         12          11.936         64          64.003          43.145         -33.111      194931.000       20963.000       -7277.000      215800.000     -107184.000      101954.000     -189623.000     -107709.000 
-12435  
-1  12  95           24.130          4           4.281         64          64.001          36.344         -45.561      -42991.000      -27949.000       26681.000      -38288.000       30723.000         116.000       16812.000       52481.000 
-12435  
-1  22  96           22.063         12          11.935         64          64.003          43.145         -33.116      195465.000       18142.000       -3418.000      215157.000     -105614.000      102662.000     -191371.000     -105651.000 
-12435  
-1  12  97           24.057          4           4.280         64          64.000          36.246         -45.535      -43187.000      -27933.000       26270.000      -38665.000       30928.000        -398.000       17884.000       52278.000 
-12435  
-1  22  98           22.047         12          11.935         64          64.001          43.746         -33.116      192351.000       31724.000      -19933.000      214735.000     -112798.000       96071.000     -183327.000     -119243.000 
-12435  
-1  12  99           24.170          4           4.278         64          64.002          36.393         -45.549      -43384.000      -26641.000       26063.000      -38232.000       31236.000        -403.000       17634.000       52851.000 
-12435  
