-1  12  1          -21.400          4           4.384         64          64.000          32.100         -49.811       17352.000       -2331.000       -6563.000      -21240.000      -40116.000       -4789.000      -17059.000       24065.000 
-12435  
-1  22  2          -24.980         12          11.997         64          64.006          39.386         -37.512       96701.000       54503.000       61613.000      -78061.000     -100070.000      -90777.000      -89618.000       87110.000 
-12435  
-1  12  3          -21.663          4           4.379         64          64.004          32.142         -49.758       17617.000       -2388.000       -7215.000      -21604.000      -40547.000       -3259.000      -15770.000       24604.000 
-12435  
-1  22  4          -24.990         12          11.999         64          64.004          39.310         -37.525      101881.000       43146.000       52413.000      -84616.000     -109453.000      -78918.000      -78349.000       97030.000 
-12435  
-1  12  5          -21.860          4           4.381         64          64.012          32.324         -49.793       17603.000       -3812.000       -9324.000      -20146.000      -40368.000         581.000      -13072.000       26426.000 
-12435  
-1  22  6          -24.973         12          11.997         64          63.999          39.147         -37.524      100811.000       46058.000       55264.000      -82292.000     -106358.000      -83008.000      -82278.000       94024.000 
-12435  
-1  12  7          -21.517          4           4.383         64          64.002          32.114         -49.750       16897.000       -4935.000       -9922.000      -20281.000      -40707.000        1820.000      -12694.000       26618.000 
-12435  
-1  22  8          -24.987         12          11.998         64          63.996          38.952         -37.499      100349.000       45971.000       54883.000      -82606.000     -107367.000      -82763.000      -82349.000       95243.000 
-12435  
-1  12  9          -21.563          4           4.376         64          63.999          32.163         -49.764       17291.000       -3620.000       -8586.000      -20270.000      -40779.000       -1458.000      -14546.000       25804.000 
-12435  
-1  22  10          -24.977         12          11.998         64          63.999          39.114         -37.534       97494.000       51192.000       58805.000      -78474.000     -102146.000      -89761.000      -87010.000       89432.000 
-12435  
-1  12  11          -21.693          4           4.380         64          63.995          32.339         -49.823       17327.000       -2636.000       -7762.000      -20657.000      -40631.000       -2764.000      -14886.000       24896.000 
-12435  
-1  22  12          -24.983         12          11.997         64          64.005          39.185         -37.508       96971.000       54145.000       61246.000      -77202.000     -100233.000      -91581.000      -89224.000       87675.000 
-12435  
-1  12  13          -21.650          4           4.382         64          64.015          32.118         -49.745       17930.000       -3421.000       -8090.000      -20940.000      -40675.000       -2246.000      -14677.000       25327.000 
-12435  
-1  22  14          -24.980         12          11.996         64          64.006          39.370         -37.513      104861.000       35222.000       45980.000      -87814.000     -114961.000      -71449.000      -71672.000      102705.000 
-12435  
-1  12  15          -21.390          4           4.381         64          64.008          32.319         -49.698       17287.000       -4723.000       -9471.000      -20276.000      -41124.000         363.000      -13755.000       26220.000 
-12435  
-1  22  16          -24.980         12          12.002         64          64.002          39.062         -37.518       97233.000       52956.000       60082.000      -78694.000     -101099.000      -90230.000      -88369.000       88173.000 
-12435  
-1  12  17          -21.593          4           4.378         64          64.003          32.153         -49.717       17220.000       -4564.000       -9828.000      -20836.000      -40580.000         822.000      -12957.000       26683.000 
-12435  
-1  22  18          -24.983         12          12.000         64          63.998          39.454         -37.527       99240.000       47644.000       56084.000      -81987.000     -105959.000      -84542.000      -83123.000       92844.000 
-12435  
-1  12  19          -21.637          4           4.383         64          63.996          31.828         -49.842       17472.000       -3142.000       -8517.000      -20625.000      -40273.000       -2060.000      -14393.000       25157.000 
-12435  
-1  22  20          -24.973         12          12.001         64          64.002          39.262         -37.505       99446.000       49071.000       58221.000      -80582.000     -104342.000      -86514.000      -85012.000       91616.000 
-12435  
-1  12  21          -21.660          4           4.381         64          63.997          31.986         -49.784       17711.000       -2603.000       -7134.000      -21094.000      -40350.000       -3026.000      -16068.000       24739.000 
-12435  
-1  22  22          -24.987         12          11.997         64          64.003          39.092         -37.500      100804.000       46306.000       55635.000      -82212.000     -107103.000      -83529.000      -81548.000       94745.000 
-12435  
-1  12  23          -21.840          4           4.380         64          64.000          32.367         -49.768       17813.000       -1919.000       -7377.000      -20790.000      -40975.000       -3398.000      -15299.000       24563.000 
-12435  
-1  22  24          -24.980         12          11.999         64          64.002          39.070         -37.499       97876.000       53052.000       60310.000      -78776.000     -102110.000      -89708.000      -87960.000       88314.000 
-12435  
-1  12  25          -21.693          4           4.382         64          64.001          32.132         -49.734       16992.000       -3912.000       -9371.000      -19710.000      -41144.000        1193.000      -13639.000       26486.000 
-12435  
-1  22  26          -24.977         12          12.001         64          64.005          38.972         -37.546      103205.000       39556.000       49572.000      -84647.000     -110780.000      -76412.000      -76528.000       99178.000 
-12435  
-1  12  27          -21.760          4           4.375         64          64.005          32.016         -49.838       17613.000       -3051.000       -7801.000      -20989.000      -39814.000       -1913.000      -14951.000       25474.000 
-12435  
-1  22  28          -24.980         12          11.998         64          63.999          38.907         -37.494       99320.000       50082.000       58309.000      -80177.000     -104495.000      -86823.000      -85643.000       91190.000 
-12435  
-1  12  29          -21.520          4           4.371         64          63.995          32.155         -49.707       17306.000       -4176.000       -9121.000      -20537.000      -41329.000         298.000      -13758.000       25763.000 
-12435  
-1  22  30          -24.980         12          11.999         64          64.003          39.032         -37.497       95585.000       56307.000       63112.000      -76629.000      -97416.000      -93405.000      -92172.000       86065.000 
-12435  
-1  12  31          -21.657          4           4.374         64          64.007          32.191         -49.804       17678.000       -3320.000       -7672.000      -21255.000      -40341.000       -1799.000      -14810.000       24983.000 
-12435  
-1  22  32          -24.983         12          12.003         64          64.001          39.111         -37.527       94901.000       57200.000       63361.000      -75677.000      -98039.000      -93406.000      -91713.000       84339.000 
-12435  
-1  12  33          -21.370          4           4.383         64          64.008          32.299         -49.812       17636.000       -3598.000       -8272.000      -20758.000      -40364.000       -1779.000      -15366.000       24699.000 
-12435  
-1  22  34          -24.983         12          11.997         64          64.002          39.222         -37.546      100108.000       47348.000       55507.000      -81260.000     -104790.000      -84739.000      -82694.000       93255.000 
-12435  
-1  12  35          -21.837          4           4.376         64          63.995          32.075         -49.771       17653.000       -2934.000       -8431.000      -20532.000      -40706.000       -1235.000      -14241.000       25671.000 
-12435  
-1  22  36          -24.980         12          11.999         64          64.002          39.250         -37.489       99226.000       51889.000       59902.000      -78876.000     -102377.000      -88280.000      -87382.000       90077.000 
-12435  
-1  12  37          -21.680          4           4.382         64          64.004          32.292         -49.861       17785.000       -3597.000       -8507.000      -20483.000      -39987.000       -1497.000      -14162.000       25336.000 
-12435  
-1  22  38          -24.983         12          11.999         64          64.003          39.199         -37.519       97548.000       51891.000       59289.000      -78589.000     -102148.000      -89615.000      -87221.000       89513.000 
-12435  
-1  12  39          -21.500          4           4.378         64          64.002          32.128         -49.806       17508.000       -3735.000       -8772.000      -20621.000      -40380.000        -828.000      -14608.000       25284.000 
-12435  
-1  22  40          -24.983         12          12.001         64          64.003          39.131         -37.470      106059.000       36075.000       46690.000      -87532.000     -114714.000      -72200.000      -72419.000      103045.000 
-12435  
-1  12  41          -21.747          4           4.381         64          64.002          32.061         -49.830       18108.000       -2847.000       -7538.000      -20844.000      -40040.000       -2945.000      -15219.000       24859.000 
-12435  
-1  22  42          -24.983         12          11.996         64          64.005          39.066         -37.503      104984.000       36198.000       47444.000      -87674.000     -114844.000      -71655.000      -72128.000      102007.000 
-12435  
-1  12  43          -21.710          4           4.378         64          64.002          32.201         -49.724       17525.000       -3023.000       -7630.000      -20527.000      -41083.000       -2347.000      -15143.000       25520.000 
-12435  
-1  22  44          -24.987         12          11.998         64          64.000          39.059         -37.517       99984.000       48085.000       56963.000      -81230.000     -104596.000      -84766.000      -83730.000       93426.000 
-12435  
-1  12  45          -21.537          4           4.384         64          64.001          32.085         -49.860       16969.000       -3559.000       -8405.000      -20485.000      -40154.000        -724.000      -14685.000       25419.000 
-12435  
-1  22  46          -24.987         12          11.999         64          64.001          39.157         -37.523       96363.000       54708.000       61852.000      -78079.000      -99350.000      -90831.000      -89479.000       87196.000 
-12435  
-1  12  47          -21.800          4           4.375         64          64.008          32.375         -49.793       17758.000       -3306.000       -8145.000      -20637.000      -40681.000       -1213.000      -14009.000       25399.000 
-12435  
-1  22  48          -24.987         12          12.000         64          64.001          39.429         -37.487       96526.000       53692.000       61790.000      -78701.000     -100277.000      -90960.000      -89443.000       88692.000 
-12435  
-1  12  49          -21.657          4           4.380         64          64.003          32.170         -49.764       18147.000       -2886.000       -8176.000      -21220.000      -40466.000       -2007.000      -15281.000       24679.000 
-12435  
-1  22  50          -24.983         12          11.998         64          64.001          38.998         -37.521      100106.000       46462.000       56245.000      -81550.000     -106408.000      -83906.000      -82195.000       94063.000 
-12435  
-1  12  51          -21.697          4           4.379         64          64.005          32.284         -49.722       17408.000       -2456.000       -8177.000      -21031.000      -40648.000       -2257.000      -15647.000       25510.000 
-12435  
-1  22  52          -24.977         12          11.996         64          64.003          39.100         -37.504      100548.000       46553.000       56625.000      -81529.000     -106164.000      -84245.000      -82814.000       93952.000 
-12435  
-1  12  53          -21.637          4           4.381         64          64.007          32.198         -49.764       17746.000       -3293.000       -7888.000      -20469.000      -40979.000       -1899.000      -14930.000       25023.000 
-12435  
-1  22  54          -24.980         12          11.997         64          64.002          39.147         -37.533      100797.000       46249.000       55173.000      -82275.000     -106149.000      -83026.000      -81843.000       94034.000 
-12435  
-1  12  55          -21.830          4           4.377         64          64.004          32.259         -49.718       17816.000       -2779.000       -7616.000      -20779.000      -40843.000       -2057.000      -15187.000       25626.000 
-12435  
-1  22  56          -24.983         12          11.999         64          64.001          39.145         -37.518       98533.000       51171.000       59139.000      -78549.000     -102474.000      -88146.000      -86926.000       90467.000 
-12435  
-1  12  57          -21.400          4           4.377         64          64.000          32.277         -49.802       17116.000       -3747.000       -8311.000      -20544.000      -40725.000       -1080.000      -14861.000       25119.000 
-12435  
-1  22  58          -24.980         12          11.998         64          64.000          39.015         -37.537      101974.000       42428.000       51951.000      -83947.000     -110070.000      -78506.000      -78530.000       96785.000 
-12435  
-1  12  59          -21.670          4           4.383         64          64.013          32.116         -49.811       17462.000       -2968.000       -8098.000      -21014.000      -40238.000       -1406.000      -15124.000       25137.000 
-12435  
-1  22  60          -24.970         12          12.001         64          64.002          39.123         -37.517      106224.000       34305.000       45765.000      -88081.000     -114998.000      -70735.000      -70733.000      102342.000 
-12435  
-1  12  61          -21.580          4           4.375         64          64.001          32.272         -49.784       17519.000       -3720.000       -8445.000      -20835.000      -40674.000       -1460.000      -14121.000       25332.000 
-12435  
-1  22  62          -24.973         12          11.999         64          64.002          39.043         -37.509      100957.000       47382.000       55740.000      -82476.000     -105221.000      -83548.000      -83766.000       93261.000 
-12435  
-1  12  63          -21.613          4           4.382         64          63.995          32.351         -49.763       17722.000       -4137.000       -9537.000      -20408.000      -40411.000         -55.000      -13732.000       26065.000 
-12435  
-1  22  64          -24.990         12          11.999         64          64.003          38.852         -37.519       98763.000       51246.000       59057.000      -79558.000     -103211.000      -87455.000      -85533.000       90423.000 
-12435  
-1  12  65          -21.560          4           4.376         64          64.002          32.219         -49.703       17979.000       -3061.000       -8378.000      -20659.000      -40832.000       -2804.000      -15529.000       25297.000 
-12435  
-1  22  66          -24.973         12          11.999         64          64.003          39.055         -37.519      100795.000       46841.000       55848.000      -82285.000     -106564.000      -83436.000      -82352.000       93015.000 
-12435  
-1  12  67          -21.690          4           4.375         64          63.995          32.012         -49.749       17757.000       -3589.000       -8271.000      -21037.000      -40522.000       -1351.000      -14415.000       25681.000 
-12435  
-1  22  68          -24.987         12          12.001         64          64.003          39.268         -37.531       99881.000       47962.000       56189.000      -81449.000     -104966.000      -85115.000      -82750.000       93059.000 
-12435  
-1  12  69          -21.660          4           4.378         64          64.003          32.030         -49.780       17386.000       -3027.000       -8031.000      -21258.000      -40288.000       -1772.000      -15067.000       25407.000 
-12435  
-1  22  70          -24.983         12          11.999         64          64.001          38.979         -37.528       98556.000       50566.000       58916.000      -79298.000     -102237.000      -88339.000      -85836.000       90682.000 
-12435  
-1  12  71          -21.680          4           4.380         64          63.999          32.009         -49.833       16923.000       -3307.000       -8821.000      -20624.000      -40379.000        -835.000      -13828.000       25759.000 
-12435  
-1  22  72          -24.977         12          11.996         64          64.001          39.158         -37.534      100701.000       47382.000       56345.000      -80337.000     -104917.000      -84026.000      -83746.000       93280.000 
-12435  
-1  12  73          -21.483          4           4.379         64          64.003          32.300         -49.793       17852.000       -3769.000       -7617.000      -21140.000      -40415.000       -2311.000      -14969.000       24823.000 
-12435  
-1  22  74          -24.980         12          12.001         64          64.001          39.389         -37.516       98451.000       50356.000       59065.000      -80053.000     -101929.000      -87539.000      -86655.000       91330.000 
-12435  
-1  12  75          -21.767          4           4.379         64          64.004          32.135         -49.783       18068.000       -3140.000       -8185.000      -20836.000      -40289.000       -1964.000      -14667.000       25385.000 
-12435  
-1  22  76          -24.980         12          12.001         64          64.003          38.902         -37.519      100207.000       46864.000       55751.000      -82360.000     -105761.000      -84161.000      -82765.000       93487.000 
-12435  
-1  12  77          -21.667          4           4.379         64          64.015          32.162         -49.757       17692.000       -3563.000       -8603.000      -20780.000      -40266.000       -1101.000      -14740.000       25936.000 
-12435  
-1  22  78          -24.987         12          11.999         64          64.003          39.251         -37.533      100184.000       46597.000       54805.000      -82131.000     -107226.000      -82776.000      -81810.000       93840.000 
-12435  
-1  12  79          -21.813          4           4.373         64          64.004          32.375         -49.743       18077.000       -3299.000       -8328.000      -20846.000      -40545.000       -1051.000      -14462.000       25675.000 
-12435  
-1  22  80          -24.987         12          12.002         64          64.004          39.233         -37.518      100195.000       46433.000       55728.000      -82110.000     -107148.000      -83172.000      -81633.000       94342.000 
-12435  
-1  12  81          -21.620          4           4.375         64          64.001          32.059         -49.752       17861.000       -3324.000       -7923.000      -21144.000      -40031.000       -2051.000      -15685.000       25607.000 
-12435  
-1  22  82          -24.987         12          12.001         64          63.998          39.046         -37.517       99663.000       46499.000       55475.000      -81986.000     -106008.000      -84713.000      -82312.000       94496.000 
-12435  
-1  12  83          -21.427          4           4.380         64          64.008          32.365         -49.767       17051.000       -4159.000       -9199.000      -20772.000      -40502.000        -117.000      -14117.000       25940.000 
-12435  
-1  22  84          -24.977         12          11.997         64          63.995          39.014         -37.510       99812.000       47943.000       56922.000      -81661.000     -104377.000      -85895.000      -84076.000       92672.000 
-12435  
-1  12  85          -21.603          4           4.381         64          64.001          32.051         -49.819       17800.000       -3800.000       -7738.000      -20805.000      -40549.000       -1735.000      -14360.000       24886.000 
-12435  
-1  22  86          -24.987         12          11.999         64          63.998          39.192         -37.537       95394.000       54637.000       62254.000      -77336.000      -99029.000      -92223.000      -89403.000       86682.000 
-12435  
-1  12  87          -21.623          4           4.374         64          64.006          32.163         -49.732       17536.000       -3649.000       -9196.000      -20428.000      -41164.000        -228.000      -13912.000       25557.000 
-12435  
-1  22  88          -24.973         12          11.999         64          63.999          39.203         -37.475      102432.000       42815.000       52988.000      -84385.000     -109750.000      -80179.000      -79902.000       97190.000 
-12435  
-1  12  89          -21.547          4           4.379         64          63.997          31.882         -49.841       17647.000       -3333.000       -7403.000      -20997.000      -40110.000       -2347.000      -15406.000       24704.000 
-12435  
-1  22  90          -24.980         12          12.003         64          64.005          39.124         -37.531      100223.000       45367.000       55097.000      -82928.000     -106812.000      -82863.000      -81186.000       94584.000 
-12435  
-1  12  91          -21.597          4           4.383         64          63.996          32.085         -49.789       17541.000       -3909.000       -8352.000      -20717.000      -40298.000       -1123.000      -14467.000       25750.000 
-12435  
-1  22  92          -24.980         12          12.001         64          64.003          39.049         -37.500       97190.000       53103.000       61298.000      -78568.000     -100466.000      -90851.000      -88703.000       88420.000 
-12435  
-1  12  93          -21.713          4           4.377         64          63.999          32.048         -49.806       17479.000       -3350.000       -8395.000      -20500.000      -40186.000        -988.000      -14746.000       25810.000 
-12435  
-1  22  94          -24.990         12          11.999         64          63.999          39.050         -37.489       96006.000       55411.000       62738.000      -77726.000      -98940.000      -91898.000      -90590.000       87580.000 
-12435  
-1  12  95          -21.590          4           4.387         64          64.003          32.326         -49.828       17506.000       -3917.000       -8158.000      -21010.000      -40170.000       -1201.000      -14196.000       25373.000 
-12435  
-1  22  96          -24.983         12          11.999         64          64.001          38.920         -37.508       93438.000       58492.000       64912.000      -75427.000      -96001.000      -95906.000      -93425.000       83237.000 
-12435  
-1  12  97          -21.487          4           4.383         64          63.999          32.349         -49.777       17690.000       -3495.000       -7853.000      -21183.000      -40306.000       -2304.000      -15332.000       25072.000 
-12435  
-1  22  98          -24.987         12          11.999         64          63.998          39.180         -37.494       93768.000       58501.000       64986.000      -75057.000      -96011.000      -96070.000      -93510.000       83973.000 
-12435  
-1  12  99          -21.717          4           4.382         64          64.008          32.065         -49.808       17719.000       -3429.000       -8005.000      -20938.000      -40333.000       -2024.000      -14209.000       25380.000 
-12435  
