-1  12  1           24.620          4           4.319         64          64.000          34.542         -47.640        8552.000      -22701.000       20430.000       31594.000      -23669.000       37096.000      -37825.000       -8623.000 
-12435  
-1  22  2           27.973         12          11.949         64          64.000          40.441         -35.957      135685.000        3440.000      -17517.000      161656.000     -125153.000       16456.000        1500.000     -139363.000 
-12435  
-1  12  3           24.737          4           4.320         64          64.001          34.060         -47.645        8041.000      -23197.000       21611.000       30989.000      -22707.000       37013.000      -38267.000       -7655.000 
-12435  
-1  22  4           27.977         12          11.951         64          63.997          41.106         -35.966      134578.000      -13306.000        3889.000      162468.000     -121564.000       31468.000      -16369.000     -139014.000 
-12435  
-1  12  5           24.797          4           4.311         64          64.013          34.256         -47.650        9193.000      -23389.000       20873.000       31044.000      -23414.000       36931.000      -37702.000       -8257.000 
-12435  
-1  22  6           27.980         12          11.953         64          63.999          40.576         -35.950      136521.000         958.000      -13437.000      161456.000     -123655.000       19017.000       -1363.000     -140722.000 
-12435  
-1  12  7           24.773          4           4.316         64          63.996          34.238         -47.628        8066.000      -23261.000       21680.000       31052.000      -22928.000       37316.000      -37923.000       -7992.000 
-12435  
-1  22  8           27.980         12          11.950         64          64.006          40.686         -35.969      135602.000       -2248.000      -10445.000      162134.000     -123734.000       21252.000       -3983.000     -139379.000 
-12435  
-1  12  9           24.813          4           4.319         64          64.004          34.260         -47.638        8288.000      -23250.000       21614.000       30457.000      -22595.000       37555.000      -38209.000       -7923.000 
-12435  
-1  22  10           27.980         12          11.951         64          64.002          40.456         -35.955      135095.000      -14802.000        5470.000      162435.000     -121492.000       32772.000      -17222.000     -138733.000 
-12435  
-1  12  11           24.750          4           4.322         64          64.005          34.116         -47.668        8196.000      -22846.000       21355.000       30514.000      -23215.000       37112.000      -38122.000       -8021.000 
-12435  
-1  22  12           27.983         12          11.953         64          64.002          40.896         -35.973      135742.000        4850.000      -18320.000      161271.000     -124693.000       15513.000        4250.000     -139007.000 
-12435  
-1  12  13           24.917          4           4.325         64          63.997          34.347         -47.658        8505.000      -23801.000       20999.000       30244.000      -22768.000       37287.000      -38162.000       -7933.000 
-12435  
-1  22  14           27.987         12          11.950         64          64.002          40.965         -35.939      135832.000       -3467.000       -9124.000      162369.000     -124845.000       21963.000       -4128.000     -139875.000 
-12435  
-1  12  15           24.850          4           4.328         64          64.002          34.622         -47.642        7600.000      -23519.000       21401.000       30639.000      -22419.000       37517.000      -38237.000       -7899.000 
-12435  
-1  22  16           27.977         12          11.949         64          64.002          40.631         -35.952      136151.000        2996.000      -15858.000      161448.000     -124596.000       16875.000         565.000     -140133.000 
-12435  
-1  12  17           24.633          4           4.319         64          64.008          34.342         -47.677        7701.000      -22745.000       21797.000       30594.000      -22204.000       37347.000      -38364.000       -7209.000 
-12435  
-1  22  18           27.983         12          11.951         64          64.002          40.343         -35.959      135715.000       11420.000      -25862.000      160218.000     -125859.000        9184.000       10434.000     -138796.000 
-12435  
-1  12  19           24.763          4           4.313         64          64.001          34.366         -47.631        9340.000      -22715.000       20515.000       31325.000      -23478.000       37162.000      -37820.000       -9419.000 
-12435  
-1  22  20           27.980         12          11.951         64          63.999          40.719         -35.955      135696.000      -15771.000        5568.000      162052.000     -121280.000       33387.000      -17810.000     -138415.000 
-12435  
-1  12  21           24.757          4           4.318         64          64.000          34.120         -47.658        8430.000      -23310.000       22152.000       30212.000      -21796.000       37870.000      -38014.000       -7086.000 
-12435  
-1  22  22           27.977         12          11.949         64          64.003          40.501         -35.937      135918.000       -2194.000      -10334.000      162578.000     -123971.000       21989.000       -4229.000     -140393.000 
-12435  
-1  12  23           24.690          4           4.323         64          63.997          34.259         -47.657        9385.000      -22653.000       20177.000       31505.000      -23925.000       36892.000      -37484.000       -9156.000 
-12435  
-1  22  24           27.983         12          11.950         64          64.001          40.564         -35.964      136168.000        -663.000      -11658.000      161374.000     -124151.000       19688.000       -2505.000     -139906.000 
-12435  
-1  12  25           24.717          4           4.317         64          64.008          34.676         -47.597        9061.000      -22593.000       20434.000       31730.000      -23952.000       37264.000      -37774.000       -9670.000 
-12435  
-1  22  26           27.987         12          11.951         64          64.001          40.583         -35.968      135299.000       -1969.000      -11770.000      161680.000     -124499.000       19891.000       -1756.000     -139750.000 
-12435  
-1  12  27           24.820          4           4.321         64          64.000          34.051         -47.705        8001.000      -23109.000       21534.000       29758.000      -21932.000       37853.000      -38026.000       -7553.000 
-12435  
-1  22  28           27.980         12          11.954         64          64.002          40.653         -35.958      135341.000       11499.000      -25161.000      160657.000     -125532.000        9596.000        9654.000     -139195.000 
-12435  
-1  12  29           24.820          4           4.320         64          63.995          34.175         -47.705        8749.000      -23032.000       20975.000       30574.000      -22514.000       37257.000      -37631.000       -8463.000 
-12435  
-1  22  30           27.983         12          11.950         64          64.002          40.868         -35.955      136536.000        -620.000      -11685.000      162041.000     -124196.000       19830.000       -1901.000     -139271.000 
-12435  
-1  12  31           24.720          4           4.317         64          64.001          34.225         -47.642        9202.000      -22914.000       20582.000       31216.000      -24122.000       36909.000      -37621.000       -8669.000 
-12435  
-1  22  32           27.977         12          11.951         64          64.001          40.768         -35.943      136470.000        1849.000      -14301.000      162100.000     -124560.000       18530.000        -235.000     -139685.000 
-12435  
-1  12  33           24.863          4           4.319         64          64.006          34.527         -47.641        8641.000      -22764.000       20757.000       30692.000      -24177.000       36945.000      -37922.000       -9484.000 
-12435  
-1  22  34           27.977         12          11.950         64          64.000          40.820         -35.946      136237.000        1394.000      -14847.000      162374.000     -124831.000       17635.000        -314.000     -139210.000 
-12435  
-1  12  35           24.780          4           4.323         64          64.007          34.194         -47.679        8107.000      -22895.000       20579.000       31025.000      -23234.000       36766.000      -38113.000       -8717.000 
-12435  
-1  22  36           27.983         12          11.952         64          63.999          40.841         -35.981      135472.000       -6549.000       -5138.000      161724.000     -123064.000       24517.000       -7968.000     -139260.000 
-12435  
-1  12  37           24.843          4           4.312         64          64.007          34.269         -47.627        8456.000      -23067.000       20683.000       30913.000      -23808.000       36647.000      -38521.000       -8977.000 
-12435  
-1  22  38           27.983         12          11.954         64          64.000          40.953         -35.953      135640.000       -1819.000      -10874.000      162195.000     -124367.000       21328.000       -2746.000     -139780.000 
-12435  
-1  12  39           24.760          4           4.320         64          64.003          34.284         -47.697        8851.000      -22672.000       20231.000       31013.000      -23524.000       36776.000      -37718.000       -9067.000 
-12435  
-1  22  40           27.977         12          11.951         64          64.001          40.734         -35.962      135249.000        9586.000      -22964.000      160674.000     -124993.000       11345.000        7134.000     -139991.000 
-12435  
-1  12  41           24.717          4           4.310         64          64.003          34.476         -47.609        9149.000      -22708.000       20399.000       31128.000      -23982.000       37062.000      -38345.000       -9007.000 
-12435  
-1  22  42           27.973         12          11.949         64          63.999          40.693         -35.957      136069.000          46.000      -12003.000      161733.000     -123568.000       20383.000       -2995.000     -140394.000 
-12435  
-1  12  43           24.903          4           4.319         64          64.002          34.256         -47.674        8572.000      -23271.000       21169.000       30539.000      -22207.000       37289.000      -38047.000       -8716.000 
-12435  
-1  22  44           27.977         12          11.951         64          64.000          40.711         -35.954      135529.000      -14298.000        4450.000      162089.000     -121928.000       32957.000      -16730.000     -138510.000 
-12435  
-1  12  45           24.797          4           4.318         64          63.999          34.418         -47.652        9666.000      -22724.000       19856.000       31705.000      -24505.000       36538.000      -37209.000      -10062.000 
-12435  
-1  22  46           27.980         12          11.953         64          63.999          40.582         -35.950      135835.000       13068.000      -28681.000      159703.000     -126424.000        7446.000       11810.000     -138634.000 
-12435  
-1  12  47           24.830          4           4.316         64          64.004          34.214         -47.665        8373.000      -23166.000       21420.000       30399.000      -23206.000       37186.000      -37901.000       -8103.000 
-12435  
-1  22  48           27.980         12          11.952         64          64.003          40.535         -35.955      135998.000       12458.000      -25730.000      160314.000     -125325.000        9226.000       10285.000     -139109.000 
-12435  
-1  12  49           24.797          4           4.322         64          64.002          34.593         -47.665        8070.000      -23330.000       21945.000       29735.000      -21904.000       38156.000      -38112.000       -7061.000 
-12435  
-1  22  50           27.983         12          11.952         64          63.999          40.810         -35.935      136016.000        8515.000      -23543.000      161199.000     -125910.000       11871.000        8068.000     -139518.000 
-12435  
-1  12  51           24.743          4           4.319         64          64.005          34.178         -47.628        8402.000      -22847.000       22200.000       30063.000      -22116.000       38166.000      -38291.000       -7655.000 
-12435  
-1  22  52           27.973         12          11.952         64          64.000          40.605         -35.932      136691.000       -1572.000       -9909.000      163169.000     -124088.000       21252.000       -4684.000     -139312.000 
-12435  
-1  12  53           24.783          4           4.317         64          64.002          34.221         -47.614        8601.000      -23294.000       20557.000       31027.000      -23474.000       37114.000      -38426.000       -8418.000 
-12435  
-1  22  54           27.980         12          11.952         64          64.000          40.485         -35.971      135661.000       -1468.000      -11723.000      161590.000     -124396.000       20479.000       -2759.000     -139334.000 
-12435  
-1  12  55           24.817          4           4.321         64          63.995          34.249         -47.726        9047.000      -22669.000       19846.000       31114.000      -23972.000       36445.000      -37219.000       -9632.000 
-12435  
-1  22  56           27.987         12          11.949         64          64.003          40.488         -35.950      136319.000         762.000      -12656.000      161599.000     -124440.000       19066.000        -512.000     -140168.000 
-12435  
-1  12  57           24.697          4           4.323         64          63.991          34.430         -47.681        9491.000      -22487.000       20049.000       31616.000      -23911.000       36335.000      -37634.000       -9400.000 
-12435  
-1  22  58           27.987         12          11.954         64          64.004          40.631         -35.950      136199.000        1281.000      -13567.000      161403.000     -124764.000       18209.000         208.000     -140245.000 
-12435  
-1  12  59           24.723          4           4.320         64          64.001          34.360         -47.678        9166.000      -22715.000       20143.000       31264.000      -23899.000       36801.000      -37512.000       -9063.000 
-12435  
-1  22  60           27.983         12          11.949         64          64.003          40.635         -35.955      135953.000         310.000      -12969.000      161545.000     -125155.000       19259.000        -665.000     -139531.000 
-12435  
-1  12  61           24.877          4           4.322         64          64.006          34.187         -47.660        8261.000      -22768.000       21433.000       30905.000      -23315.000       37101.000      -37549.000       -9415.000 
-12435  
-1  22  62           27.983         12          11.949         64          63.996          40.663         -35.915      136173.000        5745.000      -19184.000      162310.000     -125746.000       14007.000        4826.000     -140320.000 
-12435  
-1  12  63           24.723          4           4.317         64          64.002          34.450         -47.618        8888.000      -22755.000       20820.000       31522.000      -23823.000       36978.000      -37842.000       -9082.000 
-12435  
-1  22  64           27.983         12          11.953         64          64.003          40.677         -35.962      135144.000       11557.000      -25710.000      160431.000     -125448.000        8654.000       10319.000     -139351.000 
-12435  
-1  12  65           24.737          4           4.314         64          64.004          34.318         -47.680        8496.000      -23187.000       20158.000       31078.000      -23265.000       36685.000      -38205.000       -8175.000 
-12435  
-1  22  66           27.983         12          11.952         64          64.001          40.589         -35.954      135160.000       14955.000      -31068.000      159144.000     -125795.000        4411.000       13949.000     -139461.000 
-12435  
-1  12  67           24.920          4           4.314         64          64.002          34.420         -47.642        9150.000      -23429.000       20943.000       31401.000      -23826.000       36374.000      -37516.000       -9361.000 
-12435  
-1  22  68           27.983         12          11.950         64          64.001          40.760         -35.941      136254.000        -597.000      -11556.000      161738.000     -124684.000       20281.000       -2159.000     -140347.000 
-12435  
-1  12  69           24.687          4           4.316         64          64.004          34.672         -47.628        9063.000      -22925.000       21518.000       31683.000      -23584.000       37019.000      -37247.000       -8461.000 
-12435  
-1  22  70           27.983         12          11.951         64          64.004          40.456         -35.966      136325.000        7738.000      -21151.000      160945.000     -124807.000       12894.000        6389.000     -138817.000 
-12435  
-1  12  71           24.570          4           4.316         64          64.004          34.493         -47.630        9164.000      -22803.000       20883.000       31957.000      -23271.000       36882.000      -37760.000       -8271.000 
-12435  
-1  22  72           27.983         12          11.954         64          64.004          40.409         -35.970      135480.000       -5672.000       -5138.000      162149.000     -123323.000       25047.000       -7011.000     -139226.000 
-12435  
-1  12  73           24.833          4           4.326         64          64.009          34.372         -47.640        8239.000      -23214.000       21350.000       30390.000      -22486.000       37811.000      -38156.000       -8203.000 
-12435  
-1  22  74           27.987         12          11.952         64          63.999          40.887         -35.950      136033.000        2687.000      -15991.000      161214.000     -125115.000       16690.000        2116.000     -140216.000 
-12435  
-1  12  75           24.893          4           4.318         64          63.997          34.621         -47.631        8715.000      -22969.000       20986.000       30879.000      -23346.000       37080.000      -38058.000       -9503.000 
-12435  
-1  22  76           27.973         12          11.951         64          64.001          40.469         -35.935      135544.000      -12921.000        3135.000      163152.000     -122285.000       30791.000      -16369.000     -138894.000 
-12435  
-1  12  77           24.803          4           4.316         64          64.002          34.068         -47.638        8000.000      -23391.000       22156.000       30054.000      -21965.000       37762.000      -38507.000       -7111.000 
-12435  
-1  22  78           27.983         12          11.948         64          64.001          40.720         -35.968      135807.000        6412.000      -20182.000      160185.000     -125512.000       12808.000        4725.000     -139724.000 
-12435  
-1  12  79           24.610          4           4.317         64          64.001          34.367         -47.594        8371.000      -23141.000       21559.000       31294.000      -23431.000       37743.000      -37724.000       -7514.000 
-12435  
-1  22  80           27.980         12          11.946         64          64.002          40.567         -35.989      135652.000        6634.000      -21087.000      160392.000     -124867.000       12509.000        4827.000     -138723.000 
-12435  
-1  12  81           24.613          4           4.322         64          63.996          34.554         -47.623        8699.000      -22670.000       20826.000       31250.000      -23350.000       37275.000      -38249.000       -8282.000 
-12435  
-1  22  82           27.983         12          11.949         64          64.002          40.794         -35.940      136069.000       -7982.000       -2563.000      162272.000     -123629.000       26982.000       -9530.000     -139701.000 
-12435  
-1  12  83           24.853          4           4.318         64          63.998          34.702         -47.658        8513.000      -23276.000       20937.000       30515.000      -23480.000       37034.000      -38013.000       -8388.000 
-12435  
-1  22  84           27.983         12          11.954         64          64.001          40.477         -35.964      135223.000       11120.000      -25657.000      160516.000     -125490.000        8778.000       10411.000     -139052.000 
-12435  
-1  12  85           24.977          4           4.313         64          64.002          34.369         -47.632        8480.000      -23592.000       20798.000       30879.000      -24088.000       36435.000      -38048.000       -9245.000 
-12435  
-1  22  86           27.980         12          11.952         64          64.000          40.896         -35.921      136650.000        3832.000      -17201.000      161793.000     -125491.000       15728.000        1982.000     -140462.000 
-12435  
-1  12  87           24.783          4           4.319         64          63.998          34.318         -47.610        9017.000      -22810.000       20101.000       31233.000      -24214.000       37013.000      -38136.000       -9527.000 
-12435  
-1  22  88           27.983         12          11.950         64          64.001          40.670         -35.961      135724.000       11961.000      -26167.000      160510.000     -125122.000        8606.000       10980.000     -138892.000 
-12435  
-1  12  89           24.823          4           4.321         64          64.006          34.177         -47.649        9105.000      -22999.000       20731.000       31125.000      -23690.000       36811.000      -37738.000       -9107.000 
-12435  
-1  22  90           27.983         12          11.956         64          63.999          40.675         -35.949      135680.000        9240.000      -23507.000      160874.000     -125611.000       11013.000        8189.000     -139592.000 
-12435  
-1  12  91           24.847          4           4.319         64          64.004          34.290         -47.665        7594.000      -23517.000       22037.000       30474.000      -21141.000       37705.000      -38259.000       -7481.000 
-12435  
-1  22  92           27.983         12          11.953         64          64.000          40.453         -35.950      135476.000       -6839.000       -4670.000      162127.000     -123517.000       26032.000       -8342.000     -140127.000 
-12435  
-1  12  93           24.723          4           4.325         64          64.000          34.220         -47.707        9456.000      -22468.000       19794.000       31370.000      -23775.000       36471.000      -37497.000       -9496.000 
-12435  
-1  22  94           27.983         12          11.953         64          64.002          40.888         -35.939      136438.000       -2138.000      -10809.000      162390.000     -124436.000       20773.000       -3304.000     -139735.000 
-12435  
-1  12  95           24.847          4           4.314         64          63.996          34.396         -47.639        8256.000      -23370.000       21019.000       31114.000      -22565.000       37038.000      -38318.000       -8549.000 
-12435  
-1  22  96           27.987         12          11.951         64          64.002          40.506         -35.959      136728.000        1880.000      -13621.000      160742.000     -124992.000       18450.000         569.000     -139651.000 
-12435  
-1  12  97           24.867          4           4.323         64          63.998          34.146         -47.672        7906.000      -23134.000       21517.000       29946.000      -22812.000       37532.000      -38125.000       -8054.000 
-12435  
-1  22  98           27.980         12          11.953         64          64.003          40.550         -35.959      134501.000      -13133.000        3475.000      162335.000     -121982.000       31415.000      -15545.000     -139481.000 
-12435  
-1  12  99           24.880          4           4.318         64          64.002          34.313         -47.633        7708.000      -23905.000       22568.000       30078.000      -21616.000       37869.000      -38210.000       -6861.000 
-12435  
