-1  12  1          -54.830          4           4.056         64          63.970          18.330         -63.718        2782.000       -5336.000       -5040.000        1644.000        5282.000       -1541.000       -6305.000          88.000 
-12435  
-1  22  2          -50.337         12          12.019         64          64.011          18.832         -57.843        6239.000        8190.000        -632.000      -10905.000        -769.000       13168.000        6385.000       -8917.000 
-12435  
-1  12  3          -56.590          4           4.113         64          64.026          17.678         -64.239        2467.000       -5322.000       -4501.000        2455.000        4325.000       -1995.000       -5896.000        1006.000 
-12435  
-1  22  4          -49.737         12          11.962         64          64.019          18.460         -58.350        6624.000        6378.000       -2181.000       -9839.000         720.000       12650.000        5271.000       -9379.000 
-12435  
-1  12  5          -55.213          4           3.970         64          64.008          18.400         -63.823        1527.000       -5820.000       -4526.000        2614.000        4123.000       -3299.000       -6171.000        1279.000 
-12435  
-1  22  6          -50.820         12          12.000         64          64.030          19.011         -57.935        6509.000        7834.000       -2526.000      -10953.000        1887.000       13095.000        4996.000       -8869.000 
-12435  
-1  12  7          -55.773          4           3.934         64          64.008          18.216         -63.828        1800.000       -6387.000       -4813.000        2451.000        3442.000       -3001.000       -5985.000        1041.000 
-12435  
-1  22  8          -48.617         12          11.996         64          63.979          18.914         -57.872        6321.000        7265.000       -1718.000      -11428.000        -220.000       13471.000        6067.000       -8462.000 
-12435  
-1  12  9          -56.727          4           4.057         64          64.009          17.879         -64.007        2827.000       -4988.000       -5071.000        2186.000        4184.000       -2049.000       -6362.000         371.000 
-12435  
-1  22  10          -49.817         12          11.987         64          63.996          18.980         -57.870        5987.000        7677.000        -925.000      -10163.000        -885.000       13701.000        6900.000       -9019.000 
-12435  
-1  12  11          -54.490          4           4.027         64          64.013          18.124         -63.891        2634.000       -5731.000       -5125.000        2145.000        4595.000       -1732.000       -5855.000         219.000 
-12435  
-1  22  12          -49.647         12          11.953         64          63.967          18.890         -57.883        6160.000        7521.000       -2002.000      -10730.000          22.000       13229.000        6646.000       -9058.000 
-12435  
-1  12  13          -52.960          4           3.975         64          64.009          18.201         -64.006        1819.000       -6235.000       -4622.000        2671.000        4564.000       -2409.000       -5299.000         564.000 
-12435  
-1  22  14          -49.673         12          11.951         64          64.015          18.695         -57.922        7922.000        7179.000       -3384.000       -9996.000        1708.000       12708.000        5708.000       -9358.000 
-12435  
-1  12  15          -55.117          4           4.042         64          64.011          18.000         -64.040        2244.000       -6178.000       -4672.000        2602.000        3940.000       -2448.000       -5557.000         733.000 
-12435  
-1  22  16          -49.297         12          11.963         64          63.996          18.653         -57.907        7128.000        7734.000       -1969.000      -10581.000         -69.000       13440.000        5617.000       -8564.000 
-12435  
-1  12  17          -55.987          4           3.959         64          63.990          17.739         -64.206        2208.000       -5500.000       -4957.000        2408.000        4180.000       -2321.000       -5512.000        1145.000 
-12435  
-1  22  18          -50.150         12          11.995         64          64.005          19.154         -57.714        6662.000        7976.000       -1612.000      -11140.000        -502.000       13443.000        5758.000       -9301.000 
-12435  
-1  12  19          -54.233          4           4.039         64          63.967          17.620         -64.536        2201.000       -4497.000       -4839.000        2239.000        4657.000       -2005.000       -5658.000         227.000 
-12435  
-1  22  20          -49.203         12          11.968         64          63.983          18.855         -58.167        5960.000        7698.000       -1097.000      -10896.000        -568.000       12810.000        6336.000       -7938.000 
-12435  
-1  12  21          -55.770          4           3.998         64          63.991          17.560         -64.363        2050.000       -5710.000       -3923.000        2587.000        4069.000       -2165.000       -5896.000         949.000 
-12435  
-1  22  22          -50.220         12          11.967         64          63.994          18.902         -57.973        6249.000        8154.000       -1527.000      -10498.000        -553.000       12046.000        7777.000       -8966.000 
-12435  
-1  12  23          -53.350          4           4.006         64          64.012          17.999         -64.082        1877.000       -6233.000       -4523.000        2387.000        4417.000       -2419.000       -5428.000         438.000 
-12435  
-1  22  24          -50.523         12          12.021         64          63.972          18.443         -58.252        6876.000        7419.000       -2770.000       -9335.000        1816.000       12857.000        5370.000       -8852.000 
-12435  
-1  12  25          -54.353          4           4.106         64          63.981          18.577         -63.640        2125.000       -6493.000       -4822.000        2375.000        4255.000       -2185.000       -6177.000         410.000 
-12435  
-1  22  26          -49.433         12          12.002         64          64.001          18.465         -58.226        5989.000        7472.000       -1064.000      -10678.000        -146.000       12536.000        6636.000       -8229.000 
-12435  
-1  12  27          -56.033          4           4.064         64          63.997          18.305         -63.879        2569.000       -5953.000       -4864.000        2221.000        4522.000       -1948.000       -5796.000         994.000 
-12435  
-1  22  28          -50.477         12          11.982         64          64.020          18.731         -58.023        5912.000        8081.000       -1125.000      -10919.000        -487.000       12701.000        6316.000       -8738.000 
-12435  
-1  12  29          -54.757          4           3.982         64          63.993          18.106         -63.956        2180.000       -5608.000       -5378.000        2450.000        4175.000       -2354.000       -5711.000         669.000 
-12435  
-1  22  30          -50.120         12          11.998         64          63.976          18.638         -57.985        5877.000        7754.000       -1258.000      -11348.000        -767.000       13033.000        5502.000       -8786.000 
-12435  
-1  12  31          -55.257          4           3.951         64          63.964          17.784         -64.347        2032.000       -5909.000       -4350.000        2474.000        4216.000       -2715.000       -5065.000        1152.000 
-12435  
-1  22  32          -50.087         12          11.981         64          64.040          18.705         -58.025        6468.000        7184.000       -2427.000      -11288.000         740.000       12711.000        5022.000       -9174.000 
-12435  
-1  12  33          -56.553          4           4.061         64          63.995          18.076         -64.146        2373.000       -5591.000       -4389.000        2366.000        4403.000       -2150.000       -5886.000        1147.000 
-12435  
-1  22  34          -49.010         12          12.004         64          64.013          18.742         -57.909        6659.000        6471.000       -2861.000      -11423.000         820.000       12882.000        5435.000       -9528.000 
-12435  
-1  12  35          -55.203          4           3.999         64          63.981          18.186         -64.133        2333.000       -5620.000       -4629.000        2765.000        4130.000       -2425.000       -5714.000         648.000 
-12435  
-1  22  36          -50.290         12          12.019         64          63.988          18.925         -58.009        6992.000        7379.000       -2289.000      -10224.000         410.000       13098.000        5178.000       -9410.000 
-12435  
-1  12  37          -55.200          4           4.012         64          63.964          18.574         -63.730        2086.000       -6150.000       -4866.000        2475.000        4064.000       -2172.000       -6345.000         710.000 
-12435  
-1  22  38          -49.483         12          11.990         64          64.021          18.636         -57.995        6646.000        6879.000       -2512.000       -9986.000         511.000       13816.000        5215.000       -9269.000 
-12435  
-1  12  39          -57.603          4           4.114         64          64.060          17.715         -64.250        2870.000       -4900.000       -4364.000        2135.000        4352.000       -2275.000       -6201.000         654.000 
-12435  
-1  22  40          -49.037         12          11.996         64          63.987          18.814         -57.862        6356.000        7359.000       -1596.000      -11262.000         425.000       13280.000        6502.000       -8640.000 
-12435  
-1  12  41          -55.540          4           3.934         64          64.003          17.492         -64.459        1986.000       -5249.000       -4796.000        2078.000        3701.000       -1672.000       -6134.000         567.000 
-12435  
-1  22  42          -49.723         12          12.000         64          63.991          18.787         -58.016        6102.000        7165.000       -1378.000      -10964.000         516.000       13194.000        5893.000       -8919.000 
-12435  
-1  12  43          -54.987          4           3.988         64          64.004          18.190         -63.811        2339.000       -6138.000       -4891.000        2262.000        4523.000       -2480.000       -5663.000         788.000 
-12435  
-1  22  44          -48.067         12          11.962         64          63.981          18.569         -58.025        7075.000        7102.000       -1672.000      -10902.000        -410.000       12836.000        6628.000       -8206.000 
-12435  
-1  12  45          -55.440          4           3.954         64          63.992          17.855         -63.999        2444.000       -5762.000       -4895.000        2123.000        4331.000       -2117.000       -5889.000         608.000 
-12435  
-1  22  46          -51.177         12          11.988         64          64.005          18.937         -58.019        6294.000        7170.000       -2029.000      -10976.000        1004.000       12601.000        5052.000       -9902.000 
-12435  
-1  12  47          -54.613          4           3.972         64          63.986          17.797         -64.141        2488.000       -5655.000       -4971.000        2326.000        4202.000       -2398.000       -5485.000         304.000 
-12435  
-1  22  48          -50.257         12          12.012         64          64.014          18.878         -57.949        7087.000        8352.000       -2403.000      -10822.000         527.000       12690.000        5527.000       -8506.000 
-12435  
-1  12  49          -54.693          4           4.041         64          63.998          17.756         -64.194        2164.000       -6023.000       -4708.000        2487.000        3903.000       -2104.000       -5580.000         541.000 
-12435  
-1  22  50          -50.207         12          11.968         64          64.006          18.515         -58.132        6333.000        7132.000        -854.000      -10730.000        -270.000       12567.000        5851.000       -9332.000 
-12435  
-1  12  51          -53.737          4           3.969         64          63.994          17.983         -64.004        2380.000       -5929.000       -5027.000        2417.000        4142.000       -2786.000       -5378.000          52.000 
-12435  
-1  22  52          -49.627         12          11.987         64          63.980          18.394         -58.122        7003.000        6772.000       -2246.000      -10450.000         504.000       12350.000        5925.000       -9501.000 
-12435  
-1  12  53          -55.970          4           4.040         64          63.988          17.955         -64.004        2571.000       -6137.000       -4574.000        2336.000        4201.000       -2637.000       -5451.000         896.000 
-12435  
-1  22  54          -48.260         12          11.967         64          64.036          18.513         -58.266        6520.000        6518.000       -1856.000       -9853.000        -450.000       13312.000        5989.000       -8522.000 
-12435  
-1  12  55          -55.447          4           3.953         64          63.974          17.413         -64.659        2417.000       -5425.000       -4403.000        2272.000        3756.000       -2750.000       -5147.000         431.000 
-12435  
-1  22  56          -51.157         12          11.979         64          64.003          18.989         -58.193        6466.000        6931.000       -2000.000       -9793.000        1401.000       12586.000        5436.000       -9986.000 
-12435  
-1  12  57          -56.520          4           4.074         64          63.998          17.964         -63.957        2677.000       -5224.000       -5154.000        2455.000        4155.000       -2252.000       -6107.000         680.000 
-12435  
-1  22  58          -50.630         12          12.037         64          63.976          18.875         -58.136        7304.000        6524.000       -3425.000      -10192.000        2941.000       12779.000        3637.000       -9437.000 
-12435  
-1  12  59          -54.307          4           3.983         64          64.010          17.927         -63.921        2185.000       -5767.000       -4980.000        2185.000        4604.000       -2639.000       -5669.000         545.000 
-12435  
-1  22  60          -50.457         12          11.993         64          63.989          18.698         -58.091        6972.000        6624.000       -2092.000      -10712.000        1812.000       12561.000        4814.000       -9744.000 
-12435  
-1  12  61          -57.100          4           3.967         64          63.999          17.889         -64.093        2892.000       -5879.000       -4994.000        1829.000        4021.000       -1997.000       -5572.000         893.000 
-12435  
-1  22  62          -49.857         12          11.968         64          63.993          18.455         -58.047        5652.000        7153.000       -1557.000      -10909.000         208.000       13063.000        6232.000       -9040.000 
-12435  
-1  12  63          -55.397          4           4.007         64          64.008          17.772         -64.203        2304.000       -5831.000       -4828.000        2301.000        4144.000       -2071.000       -5483.000         846.000 
-12435  
-1  22  64          -49.347         12          11.988         64          64.037          18.381         -58.213        7344.000        7025.000       -2622.000      -10134.000         552.000       12535.000        5393.000       -8825.000 
-12435  
-1  12  65          -54.583          4           4.114         64          64.024          18.188         -63.790        2209.000       -6104.000       -4557.000        2875.000        4432.000       -2335.000       -5951.000         668.000 
-12435  
-1  22  66          -49.913         12          11.953         64          63.992          18.627         -57.999        6855.000        7422.000       -1801.000      -10046.000          84.000       12716.000        6732.000       -9381.000 
-12435  
-1  12  67          -55.833          4           4.018         64          63.972          17.908         -63.983        2082.000       -6074.000       -4411.000        2875.000        3837.000       -2427.000       -5978.000        1043.000 
-12435  
-1  22  68          -49.160         12          11.975         64          63.992          18.937         -57.936        6621.000        6781.000       -2033.000      -10642.000         392.000       13273.000        6093.000       -9382.000 
-12435  
-1  12  69          -53.470          4           3.980         64          63.978          18.092         -64.061        1863.000       -5805.000       -4958.000        2764.000        4243.000       -2724.000       -5385.000         571.000 
-12435  
-1  22  70          -51.557         12          12.001         64          64.045          19.039         -57.729        6453.000        8128.000       -2378.000      -10583.000         188.000       13826.000        4638.000       -9767.000 
-12435  
-1  12  71          -54.607          4           4.008         64          63.983          18.469         -63.890        1935.000       -6118.000       -4890.000        2495.000        4363.000       -2272.000       -5720.000         946.000 
-12435  
-1  22  72          -49.747         12          11.967         64          63.983          18.910         -57.928        5571.000        6841.000       -1250.000      -10391.000        -292.000       13245.000        7176.000       -9757.000 
-12435  
-1  12  73          -53.387          4           3.911         64          64.008          17.563         -64.439        1743.000       -5498.000       -4815.000        2677.000        4247.000       -2272.000       -5145.000         713.000 
-12435  
-1  22  74          -49.717         12          11.982         64          64.033          18.620         -58.056        6298.000        6196.000       -2957.000       -9925.000         698.000       13334.000        5298.000      -10153.000 
-12435  
-1  12  75          -56.260          4           4.026         64          64.008          17.868         -64.201        2562.000       -5369.000       -4694.000        2149.000        4292.000       -1911.000       -5967.000         692.000 
-12435  
-1  22  76          -49.823         12          11.983         64          64.007          18.719         -58.108        6769.000        7244.000       -2009.000      -10564.000         905.000       12883.000        5476.000       -8839.000 
-12435  
-1  12  77          -53.883          4           3.980         64          63.979          17.769         -64.234        2341.000       -5441.000       -5143.000        2382.000        4380.000       -2117.000       -5320.000         326.000 
-12435  
-1  22  78          -49.093         12          12.002         64          63.978          18.993         -57.917        6274.000        7298.000       -2490.000      -10989.000        -250.000       13153.000        6216.000       -8923.000 
-12435  
-1  12  79          -56.220          4           4.029         64          63.992          18.027         -64.312        2892.000       -4886.000       -4918.000        2049.000        4139.000       -2164.000       -5893.000          98.000 
-12435  
-1  22  80          -49.917         12          11.941         64          63.968          18.517         -58.346        5646.000        7851.000       -1566.000      -10607.000        -287.000       12348.000        6241.000       -7926.000 
-12435  
-1  12  81          -55.513          4           4.055         64          63.968          18.341         -63.948        2426.000       -5795.000       -4761.000        2641.000        4164.000       -2712.000       -5752.000         718.000 
-12435  
-1  22  82          -50.173         12          11.959         64          63.999          18.514         -58.249        6514.000        7206.000       -1515.000      -10573.000         -24.000       12213.000        5709.000       -9115.000 
-12435  
-1  12  83          -55.310          4           3.969         64          64.018          18.029         -63.895        2596.000       -5848.000       -4750.000        2260.000        4551.000       -3071.000       -5459.000         646.000 
-12435  
-1  22  84          -50.180         12          11.992         64          63.976          18.776         -57.680        6631.000        8254.000       -1240.000      -11503.000        -444.000       12732.000        6800.000       -9219.000 
-12435  
-1  12  85          -55.337          4           4.069         64          63.985          17.972         -64.154        2187.000       -5509.000       -4756.000        2612.000        4268.000       -2883.000       -5431.000         948.000 
-12435  
-1  22  86          -48.663         12          11.973         64          63.984          18.912         -58.070        7015.000        6409.000       -2648.000       -9986.000        1409.000       12988.000        6415.000       -9181.000 
-12435  
-1  12  87          -54.943          4           4.048         64          63.995          18.010         -64.131        1919.000       -5619.000       -4750.000        2204.000        4192.000       -2813.000       -5781.000         763.000 
-12435  
-1  22  88          -50.053         12          11.956         64          64.031          19.179         -57.903        6694.000        7529.000       -1298.000      -10580.000        -392.000       13060.000        6172.000       -9409.000 
-12435  
-1  12  89          -55.403          4           4.037         64          63.996          17.747         -64.357        2283.000       -5515.000       -4483.000        2498.000        4527.000       -2024.000       -5319.000        1058.000 
-12435  
-1  22  90          -48.077         12          11.987         64          63.985          19.052         -57.771        7057.000        7187.000       -1531.000      -11310.000        -254.000       13517.000        6516.000       -8451.000 
-12435  
-1  12  91          -54.730          4           4.010         64          63.955          17.901         -64.139        2300.000       -5466.000       -4800.000        1949.000        4439.000       -2502.000       -5819.000         300.000 
-12435  
-1  22  92          -49.573         12          11.970         64          64.025          18.795         -57.866        6518.000        7143.000       -2900.000       -9978.000         423.000       13650.000        6158.000       -9542.000 
-12435  
-1  12  93          -54.833          4           3.949         64          64.017          18.185         -63.886        1851.000       -6185.000       -4858.000        2013.000        4239.000       -2851.000       -5748.000         870.000 
-12435  
-1  22  94          -48.683         12          11.967         64          63.996          18.769         -57.893        7330.000        6698.000       -1956.000      -10294.000        -283.000       13371.000        6201.000       -9380.000 
-12435  
-1  12  95          -55.080          4           3.974         64          64.027          18.659         -63.625        2111.000       -6339.000       -4803.000        2311.000        4715.000       -3025.000       -5609.000        1163.000 
-12435  
-1  22  96          -49.410         12          12.008         64          63.995          18.731         -57.932        7189.000        7670.000       -1080.000      -10897.000        -526.000       12567.000        6481.000       -8861.000 
-12435  
-1  12  97          -56.200          4           4.030         64          64.004          17.674         -64.271        2368.000       -5866.000       -4490.000        2104.000        3997.000       -1788.000       -5813.000         843.000 
-12435  
-1  22  98          -49.293         12          11.959         64          64.036          19.154         -57.883        6999.000        7080.000       -2380.000      -10061.000         759.000       14081.000        5285.000       -9061.000 
-12435  
-1  12  99          -54.770          4           3.966         64          63.966          18.271         -63.615        2192.000       -6400.000       -4956.000        2342.000        4168.000       -2663.000       -6084.000         525.000 
-12435  
