-1  12  1            1.190          3           3.254         64          64.023          25.849         -57.087        2067.000       12447.000       -2718.000        9518.000        1669.000       16381.000         751.000        9462.000 
-12435  
-1  22  2          -50.117         12          12.069         64          64.015          22.709         -53.959        5621.000       19819.000        3118.000      -14453.000       -5913.000       16306.000       17485.000       -4611.000 
-12435  
-1  12  3            1.677          3           3.243         64          64.005          25.697         -57.244        3892.000       11894.000       -1525.000        9837.000        4261.000       15865.000         957.000        8369.000 
-12435  
-1  22  4          -49.907         12          12.087         64          64.001          22.677         -54.236        8089.000       18855.000        1510.000      -14765.000       -3748.000       16488.000       15058.000       -6205.000 
-12435  
-1  12  5            1.770          3           3.240         64          63.983          25.821         -57.107        3355.000       12451.000       -1682.000        9862.000        3361.000       15995.000         724.000        9028.000 
-12435  
-1  22  6          -49.480         12          12.074         64          63.987          22.837         -53.939        4536.000       20167.000        4317.000      -14024.000       -8316.000       16157.000       17151.000       -3122.000 
-12435  
-1  12  7            1.887          3           3.255         64          64.005          25.797         -57.145        1722.000       12628.000       -2168.000        9627.000        1331.000       16467.000        -246.000        8800.000 
-12435  
-1  22  8          -50.050         12          12.092         64          64.010          22.895         -53.702         914.000       21896.000        6488.000      -13236.000      -10722.000       13780.000       18602.000        -228.000 
-12435  
-1  12  9            1.140          3           3.222         64          64.001          25.736         -57.062        1259.000       12521.000       -2912.000        9955.000        1363.000       16618.000         226.000        8832.000 
-12435  
-1  22  10          -50.057         12          12.081         64          64.005          22.663         -53.849        2625.000       21876.000        5737.000      -13009.000       -9339.000       14617.000       17688.000       -1457.000 
-12435  
-1  12  11            1.107          3           3.223         64          63.999          25.897         -57.061        2592.000       12176.000       -2549.000       10037.000        3046.000       16504.000         838.000        8812.000 
-12435  
-1  22  12          -48.900         12          12.062         64          64.016          22.816         -54.063        5727.000       19654.000        4716.000      -13767.000       -8289.000       15832.000       16726.000       -3270.000 
-12435  
-1  12  13            1.350          3           3.249         64          63.990          26.065         -57.240        3321.000       11870.000       -1872.000        9965.000        3631.000       16072.000        1091.000        8341.000 
-12435  
-1  22  14          -49.863         12          12.081         64          64.000          22.616         -54.087        4844.000       20668.000        4254.000      -13154.000       -7343.000       15723.000       16791.000       -3017.000 
-12435  
-1  12  15            1.380          3           3.243         64          64.009          26.151         -57.019        2136.000       12802.000       -2488.000        9626.000        2148.000       16550.000         322.000        9067.000 
-12435  
-1  22  16          -49.923         12          12.074         64          63.994          22.815         -53.923        1571.000       21105.000        6666.000      -12919.000      -10381.000       13701.000       18059.000        -832.000 
-12435  
-1  12  17            1.050          3           3.256         64          64.012          26.106         -57.097        2009.000       12773.000       -2488.000        9502.000        1778.000       16328.000        1152.000        9067.000 
-12435  
-1  22  18          -49.297         12          12.096         64          63.995          23.020         -53.818        3371.000       21541.000        5505.000      -14768.000       -9273.000       14169.000       17327.000       -1485.000 
-12435  
-1  12  19            1.163          3           3.233         64          63.981          25.790         -57.041        2024.000       12598.000       -2281.000        9816.000        2317.000       16369.000         689.000        9322.000 
-12435  
-1  22  20          -49.490         12          12.064         64          63.998          22.682         -54.169        4151.000       19812.000        4303.000      -14062.000       -8411.000       14776.000       16961.000       -2850.000 
-12435  
-1  12  21            1.237          3           3.252         64          63.993          26.005         -57.035        2747.000       12616.000       -2435.000        9720.000        3058.000       16537.000         676.000        8689.000 
-12435  
-1  22  22          -50.337         12          12.079         64          64.011          22.957         -53.971        4397.000       20774.000        4279.000      -14406.000       -7174.000       15673.000       16676.000       -3943.000 
-12435  
-1  12  23            1.617          3           3.239         64          64.003          26.061         -57.024        2582.000       12506.000       -2574.000       10072.000        2249.000       16552.000         363.000        8789.000 
-12435  
-1  22  24          -49.170         12          12.072         64          63.998          22.574         -53.954        3921.000       20245.000        5547.000      -14030.000       -8371.000       15547.000       17449.000       -1764.000 
-12435  
-1  12  25            1.043          3           3.265         64          64.003          25.807         -57.170        2258.000       12330.000       -2858.000        9291.000        2438.000       16620.000         776.000        8504.000 
-12435  
-1  22  26          -49.370         12          12.068         64          64.001          23.026         -53.738        3104.000       20890.000        5580.000      -14133.000       -9803.000       15322.000       18080.000       -1645.000 
-12435  
-1  12  27            1.217          3           3.256         64          64.019          25.872         -57.091        2175.000       12586.000       -2718.000        9486.000        1966.000       16443.000         615.000        9099.000 
-12435  
-1  22  28          -49.583         12          12.070         64          63.997          22.972         -53.926        1740.000       21268.000        6519.000      -13804.000       -9357.000       14105.000       17483.000        -238.000 
-12435  
-1  12  29            1.100          3           3.224         64          64.015          26.057         -57.008        2448.000       12377.000       -1957.000        9659.000        3012.000       16658.000        1147.000        9249.000 
-12435  
-1  22  30          -49.573         12          12.100         64          64.005          22.963         -53.860        7318.000       20470.000        3576.000      -14134.000       -6439.000       16266.000       16909.000       -4804.000 
-12435  
-1  12  31            1.273          3           3.241         64          64.005          25.694         -57.064        2492.000       12441.000       -1428.000       10356.000        3442.000       16474.000         814.000        8218.000 
-12435  
-1  22  32          -49.480         12          12.091         64          63.997          22.867         -53.879        3051.000       20827.000        5990.000      -13192.000       -9768.000       15072.000       17797.000       -1507.000 
-12435  
-1  12  33            1.173          3           3.256         64          63.995          25.574         -57.177        2675.000       12249.000       -2504.000        9916.000        2785.000       16239.000         896.000        8465.000 
-12435  
-1  22  34          -49.923         12          12.063         64          63.986          22.627         -53.987        4491.000       20758.000        4803.000      -13079.000       -8435.000       15721.000       16979.000       -3293.000 
-12435  
-1  12  35            1.583          3           3.260         64          63.989          26.016         -57.084        2155.000       12709.000       -2373.000        9512.000        2113.000       16546.000         171.000        8854.000 
-12435  
-1  22  36          -49.577         12          12.066         64          63.992          22.769         -53.912        4308.000       19868.000        5495.000      -13955.000       -9001.000       15964.000       17256.000       -3594.000 
-12435  
-1  12  37            1.347          3           3.244         64          63.989          25.796         -57.095        2136.000       12626.000       -2084.000       10032.000        2526.000       16513.000         454.000        8311.000 
-12435  
-1  22  38          -49.730         12          12.101         64          63.990          22.657         -53.931        2959.000       21199.000        6160.000      -14092.000       -8646.000       14751.000       17001.000       -1710.000 
-12435  
-1  12  39            1.120          3           3.240         64          64.006          25.827         -57.116        2398.000       12190.000       -2402.000        9856.000        2910.000       16520.000         783.000        8664.000 
-12435  
-1  22  40          -49.967         12          12.077         64          64.013          22.943         -53.904        3383.000       21688.000        5544.000      -13559.000       -9330.000       14488.000       16961.000       -2462.000 
-12435  
-1  12  41            1.330          3           3.249         64          63.994          25.880         -57.083        2543.000       12592.000       -2031.000        9962.000        2683.000       16373.000         800.000        8646.000 
-12435  
-1  22  42          -49.667         12          12.081         64          64.001          22.581         -54.026        2809.000       20810.000        5857.000      -13121.000       -9910.000       14635.000       16974.000       -1848.000 
-12435  
-1  12  43            1.550          3           3.257         64          64.006          25.903         -57.057        2451.000       12541.000       -2024.000        9637.000        2062.000       16736.000         825.000        8799.000 
-12435  
-1  22  44          -49.407         12          12.080         64          64.004          22.884         -53.816        5266.000       20587.000        5234.000      -14673.000       -7918.000       15174.000       17760.000       -3294.000 
-12435  
-1  12  45            1.523          3           3.259         64          64.006          25.872         -57.110        2686.000       12120.000       -2057.000        9469.000        2646.000       16713.000         748.000        8960.000 
-12435  
-1  22  46          -49.387         12          12.059         64          64.004          23.183         -53.871        2523.000       21036.000        6387.000      -13685.000       -9666.000       15012.000       17324.000        -984.000 
-12435  
-1  12  47            1.347          3           3.263         64          63.998          25.970         -57.016        2407.000       12659.000       -2199.000        9852.000        2535.000       16896.000         661.000        8264.000 
-12435  
-1  22  48          -49.347         12          12.060         64          64.005          22.931         -53.779        6286.000       20265.000        2858.000      -14700.000       -7663.000       16405.000       17414.000       -4375.000 
-12435  
-1  12  49            1.370          3           3.243         64          64.006          25.916         -56.973        2364.000       12573.000       -2563.000        9706.000        2472.000       16919.000         376.000        8825.000 
-12435  
-1  22  50          -49.533         12          12.080         64          63.995          22.943         -54.003        2154.000       20755.000        6576.000      -13812.000       -9395.000       13700.000       17668.000        -734.000 
-12435  
-1  12  51            1.510          3           3.210         64          64.006          25.756         -57.188        2450.000       12058.000       -1867.000        9706.000        2692.000       16503.000         604.000        8674.000 
-12435  
-1  22  52          -49.640         12          12.086         64          64.001          22.611         -54.044        2924.000       20136.000        5113.000      -13691.000       -8592.000       15005.000       17816.000       -1548.000 
-12435  
-1  12  53            1.707          3           3.236         64          64.001          25.987         -57.116        3008.000       12615.000       -2130.000        9743.000        2616.000       16190.000         664.000        8788.000 
-12435  
-1  22  54          -49.783         12          12.079         64          64.004          22.752         -53.776        3601.000       21430.000        6066.000      -13988.000       -8351.000       15722.000       17296.000       -2181.000 
-12435  
-1  12  55            1.257          3           3.259         64          64.008          26.074         -57.045        1987.000       12551.000       -2843.000        9909.000        2273.000       16794.000         172.000        8339.000 
-12435  
-1  22  56          -50.050         12          12.089         64          64.004          22.877         -53.878        2023.000       21191.000        6478.000      -13335.000       -9147.000       14530.000       18052.000       -1109.000 
-12435  
-1  12  57            1.243          3           3.238         64          63.999          25.821         -57.073        2086.000       12814.000       -2581.000        9781.000        2064.000       16256.000         487.000        8988.000 
-12435  
-1  22  58          -50.090         12          12.058         64          64.023          22.866         -53.866        2250.000       21134.000        6861.000      -13193.000      -10230.000       13950.000       17949.000       -1995.000 
-12435  
-1  12  59            1.327          3           3.254         64          64.022          25.586         -57.210        2543.000       12189.000       -2091.000        9570.000        2590.000       16509.000         861.000        8377.000 
-12435  
-1  22  60          -49.620         12          12.079         64          64.005          22.968         -53.746        4606.000       21057.000        5671.000      -14056.000       -8528.000       15702.000       17663.000       -3020.000 
-12435  
-1  12  61            1.277          3           3.236         64          64.005          25.856         -57.045        2481.000       12452.000       -2506.000        9940.000        2771.000       16349.000         481.000        9110.000 
-12435  
-1  22  62          -49.510         12          12.052         64          64.000          22.615         -53.966        1669.000       20936.000        6451.000      -13297.000      -10270.000       14079.000       17475.000        -430.000 
-12435  
-1  12  63            1.150          3           3.249         64          64.004          25.640         -57.244        2411.000       12339.000       -2256.000        9683.000        2512.000       16082.000         981.000        8582.000 
-12435  
-1  22  64          -49.750         12          12.062         64          63.992          22.635         -54.001        3369.000       21349.000        5251.000      -13241.000       -8455.000       15046.000       16978.000       -1583.000 
-12435  
-1  12  65            1.120          3           3.232         64          63.996          26.158         -57.122        2443.000       12139.000       -2159.000        9903.000        2901.000       16382.000        1004.000        8921.000 
-12435  
-1  22  66          -49.340         12          12.089         64          64.006          22.757         -54.090        2341.000       20189.000        6359.000      -12743.000       -9934.000       14779.000       17302.000        -809.000 
-12435  
-1  12  67            1.120          3           3.233         64          64.000          25.849         -57.034        2187.000       12697.000       -2133.000        9979.000        2855.000       16463.000         736.000        8727.000 
-12435  
-1  22  68          -49.867         12          12.049         64          63.986          23.014         -53.888        3655.000       20009.000        4978.000      -13868.000       -8304.000       15904.000       18193.000       -2846.000 
-12435  
-1  12  69            1.540          3           3.276         64          64.010          25.909         -57.142        2261.000       12402.000       -2135.000        9237.000        2091.000       16789.000         541.000        8675.000 
-12435  
-1  22  70          -49.727         12          12.086         64          63.983          22.683         -53.832        4122.000       20844.000        5562.000      -13476.000       -8837.000       14826.000       18445.000       -2513.000 
-12435  
-1  12  71            1.067          3           3.253         64          63.985          25.938         -57.050        1801.000       12588.000       -2327.000        9534.000        2500.000       16738.000         603.000        8882.000 
-12435  
-1  22  72          -49.797         12          12.085         64          64.009          22.714         -54.109        3425.000       20926.000        5152.000      -12703.000       -8829.000       14626.000       17177.000       -1798.000 
-12435  
-1  12  73            1.240          3           3.230         64          63.983          25.914         -56.963        2378.000       12772.000       -2157.000        9832.000        2764.000       16706.000         693.000        8894.000 
-12435  
-1  22  74          -49.737         12          12.078         64          64.010          23.009         -53.873        1884.000       20883.000        6056.000      -12583.000      -10006.000       14866.000       18448.000        -431.000 
-12435  
-1  12  75            1.367          3           3.228         64          64.008          25.859         -57.109        2601.000       12306.000       -2496.000        9811.000        2775.000       16420.000         460.000        8778.000 
-12435  
-1  22  76          -49.590         12          12.075         64          63.995          23.026         -53.710        4261.000       21483.000        6281.000      -13693.000       -8845.000       15761.000       17500.000       -2510.000 
-12435  
-1  12  77            1.463          3           3.235         64          63.999          25.567         -57.245        2056.000       12420.000       -2316.000        9677.000        2006.000       16342.000         352.000        8223.000 
-12435  
-1  22  78          -49.017         12          12.060         64          63.980          22.409         -54.174        3823.000       20129.000        5011.000      -13792.000       -8777.000       14377.000       16988.000       -1428.000 
-12435  
-1  12  79            1.493          3           3.238         64          64.008          26.264         -56.928        2811.000       12714.000       -1696.000       10009.000        3195.000       16535.000         757.000        9207.000 
-12435  
-1  22  80          -49.580         12          12.060         64          63.995          22.580         -53.998        3044.000       20467.000        6273.000      -12364.000       -9520.000       15083.000       17864.000       -1393.000 
-12435  
-1  12  81            1.573          3           3.259         64          64.007          26.146         -57.087        2704.000       12785.000       -2241.000        9430.000        2360.000       16442.000         658.000        8794.000 
-12435  
-1  22  82          -49.727         12          12.093         64          64.013          22.892         -53.813        4778.000       21146.000        5234.000      -13416.000       -8063.000       15933.000       17601.000       -2862.000 
-12435  
-1  12  83            1.143          3           3.242         64          64.007          25.880         -57.038        2406.000       12552.000       -2733.000        9915.000        2924.000       16497.000         466.000        8688.000 
-12435  
-1  22  84          -49.447         12          12.060         64          64.001          23.096         -53.883        2922.000       21938.000        6734.000      -12795.000      -10270.000       13638.000       17375.000        -982.000 
-12435  
-1  12  85            1.150          3           3.247         64          64.001          25.792         -57.145        2180.000       12677.000       -2442.000        9436.000        2333.000       16296.000         703.000        8849.000 
-12435  
-1  22  86          -49.260         12          12.067         64          64.003          23.065         -53.746        4145.000       20793.000        5459.000      -13875.000       -9458.000       15972.000       17680.000       -2392.000 
-12435  
-1  12  87            1.337          3           3.211         64          64.031          25.924         -57.025        2187.000       12774.000       -2103.000        9992.000        2332.000       16593.000         622.000        8596.000 
-12435  
-1  22  88          -49.190         12          12.067         64          64.019          22.581         -54.243        4123.000       20581.000        5596.000      -13059.000       -8107.000       14541.000       16398.000       -1405.000 
-12435  
-1  12  89            1.667          3           3.237         64          63.996          25.714         -57.217        2714.000       12561.000       -1962.000        9862.000        2426.000       15934.000         646.000        8592.000 
-12435  
-1  22  90          -50.163         12          12.083         64          63.988          22.954         -53.974        2953.000       20651.000        5394.000      -13573.000       -9694.000       14547.000       17422.000       -2988.000 
-12435  
-1  12  91            1.237          3           3.247         64          63.990          25.897         -57.107        2230.000       12420.000       -2481.000        9783.000        2795.000       16533.000         328.000        8556.000 
-12435  
-1  22  92          -48.890         12          12.077         64          64.014          23.141         -53.735        6550.000       20855.000        4069.000      -15071.000       -7840.000       16309.000       16606.000       -3648.000 
-12435  
-1  12  93            1.613          3           3.238         64          64.013          25.582         -57.214        2750.000       12273.000       -1702.000        9787.000        2955.000       16229.000         639.000        8441.000 
-12435  
-1  22  94          -49.233         12          12.080         64          64.016          22.619         -53.983        4757.000       20901.000        5726.000      -13131.000       -8297.000       15252.000       17138.000       -1978.000 
-12435  
-1  12  95            1.083          3           3.261         64          63.995          25.677         -57.250        2115.000       12111.000       -1989.000        9839.000        2882.000       16193.000         848.000        8519.000 
-12435  
-1  22  96          -49.710         12          12.075         64          64.003          23.013         -53.820        4852.000       21259.000        5196.000      -13909.000       -8128.000       15378.000       17450.000       -3026.000 
-12435  
-1  12  97            1.587          3           3.253         64          64.008          25.689         -57.181        2408.000       12398.000       -1886.000        9593.000        2933.000       16535.000         227.000        8251.000 
-12435  
-1  22  98          -49.983         12          12.107         64          63.991          23.111         -53.953        3989.000       21258.000        4959.000      -14043.000       -8140.000       14877.000       16955.000       -2837.000 
-12435  
-1  12  99            1.857          3           3.220         64          64.011          25.756         -57.146        2386.000       12811.000       -2104.000        9524.000        1933.000       16298.000         143.000        8705.000 
-12435  
