-1  22  1           36.830         12          11.928         64          64.003          39.215         -37.711       41223.000      -86167.000       85642.000       94218.000     -113498.000       26037.000       52758.000     -109009.000 
-12435  
-1  12  2           37.950          4           4.295         64          64.003          30.784         -51.216       10749.000      -16183.000       11805.000       18071.000      -24793.000       -3578.000       16871.000      -25192.000 
-12435  
-1  22  3           36.777         12          11.925         64          64.001          38.832         -37.782       41833.000      -85624.000       84809.000       94010.000     -112571.000       24972.000       52439.000     -107441.000 
-12435  
-1  12  4           37.940          4           4.293         64          63.994          30.899         -51.258       11131.000      -16084.000       11314.000       18176.000      -24062.000       -3502.000       16993.000      -25417.000 
-12435  
-1  22  5           36.813         12          11.926         64          63.998          38.884         -37.753       42346.000      -84820.000       84449.000       95167.000     -113175.000       24177.000       54374.000     -107363.000 
-12435  
-1  12  6           37.733          4           4.294         64          63.998          30.775         -51.266       11487.000      -15874.000       10521.000       18479.000      -24575.000       -4067.000       16999.000      -24841.000 
-12435  
-1  22  7           36.900         12          11.924         64          63.998          39.035         -37.742       45397.000      -84554.000       80472.000       97952.000     -113822.000       19201.000       58171.000     -105808.000 
-12435  
-1  12  8           38.063          4           4.292         64          64.003          30.674         -51.244       11434.000      -16225.000       11423.000       18654.000      -23891.000       -3560.000       17608.000      -24674.000 
-12435  
-1  22  9           36.780         12          11.923         64          63.999          38.905         -37.740       48065.000      -82311.000       78729.000      100576.000     -114138.000       15816.000       60650.000     -104186.000 
-12435  
-1  12  10           37.947          4           4.282         64          64.005          30.867         -51.188       11855.000      -16039.000       10955.000       18536.000      -24312.000       -4649.000       17688.000      -24870.000 
-12435  
-1  22  11           36.713         12          11.922         64          64.006          38.844         -37.748       58215.000      -75937.000       64233.000      108885.000     -116402.000        2532.000       72515.000      -95711.000 
-12435  
-1  12  12           38.013          4           4.287         64          64.007          30.682         -51.212       11512.000      -16513.000       11479.000       17792.000      -24125.000       -3043.000       16841.000      -25768.000 
-12435  
-1  22  13           36.660         12          11.927         64          64.002          38.963         -37.753       48930.000      -81009.000       76334.000      101227.000     -115057.000       15280.000       61626.000     -103669.000 
-12435  
-1  12  14           38.090          4           4.285         64          63.997          30.753         -51.276       11277.000      -15944.000       11614.000       18215.000      -24291.000       -4041.000       17649.000      -24322.000 
-12435  
-1  22  15           36.693         12          11.928         64          64.000          39.050         -37.763       50099.000      -80527.000       75146.000      102448.000     -114512.000       13447.000       62905.000     -102698.000 
-12435  
-1  12  16           37.973          4           4.292         64          64.005          30.648         -51.321       10363.000      -16261.000       11278.000       18036.000      -24691.000       -3405.000       16630.000      -24717.000 
-12435  
-1  22  17           36.833         12          11.924         64          64.002          38.699         -37.724       47286.000      -82450.000       79526.000      100587.000     -114635.000       17030.000       61165.000     -103725.000 
-12435  
-1  12  18           37.903          4           4.297         64          63.993          30.643         -51.321       10862.000      -15764.000       10674.000       18340.000      -24127.000       -4012.000       17229.000      -24927.000 
-12435  
-1  22  19           36.813         12          11.925         64          64.000          38.728         -37.749       54239.000      -78728.000       70219.000      105582.000     -115538.000        7883.000       68281.000      -99045.000 
-12435  
-1  12  20           37.987          4           4.298         64          63.999          30.832         -51.203       11617.000      -15766.000       11206.000       18634.000      -24160.000       -4502.000       18000.000      -24757.000 
-12435  
-1  22  21           36.833         12          11.928         64          64.002          39.119         -37.728       44589.000      -84733.000       82148.000       96657.000     -114728.000       21193.000       56660.000     -106194.000 
-12435  
-1  12  22           37.903          4           4.304         64          64.008          30.723         -51.221       12042.000      -15663.000       10923.000       18730.000      -24633.000       -4402.000       18060.000      -23973.000 
-12435  
-1  22  23           36.850         12          11.928         64          64.004          38.950         -37.744       45855.000      -84021.000       80136.000       98808.000     -114288.000       19185.000       58550.000     -104652.000 
-12435  
-1  12  24           37.993          4           4.287         64          64.005          30.769         -51.244       11037.000      -16226.000       11675.000       18134.000      -24546.000       -4086.000       16991.000      -24825.000 
-12435  
-1  22  25           36.783         12          11.924         64          64.003          38.904         -37.791       38057.000      -86713.000       89440.000       89032.000     -111134.000       29784.000       47588.000     -110445.000 
-12435  
-1  12  26           38.070          4           4.286         64          64.004          30.747         -51.211       11098.000      -16609.000       10999.000       18184.000      -24049.000       -3080.000       17142.000      -25697.000 
-12435  
-1  22  27           36.683         12          11.926         64          63.997          38.970         -37.762       41251.000      -85687.000       85583.000       94138.000     -112364.000       26180.000       51589.000     -108347.000 
-12435  
-1  12  28           37.760          4           4.293         64          63.990          30.742         -51.179       10843.000      -16005.000       11536.000       18500.000      -24663.000       -3747.000       16740.000      -25672.000 
-12435  
-1  22  29           36.773         12          11.926         64          64.001          38.854         -37.753       41338.000      -85132.000       85609.000       93355.000     -114000.000       24559.000       52824.000     -107977.000 
-12435  
-1  12  30           38.140          4           4.291         64          63.993          31.072         -51.195       11307.000      -16382.000       11325.000       18934.000      -24129.000       -4268.000       17965.000      -24400.000 
-12435  
-1  22  31           36.690         12          11.930         64          64.001          38.840         -37.765       45751.000      -83620.000       80727.000       97921.000     -113884.000       18469.000       56694.000     -105782.000 
-12435  
-1  12  32           37.850          4           4.283         64          63.997          30.978         -51.158       11164.000      -15825.000       11372.000       18885.000      -24441.000       -4568.000       17549.000      -25202.000 
-12435  
-1  22  33           36.503         12          11.928         64          64.003          38.788         -37.745       48248.000      -82330.000       78586.000      100740.000     -114554.000       17097.000       59510.000     -103760.000 
-12435  
-1  12  34           38.080          4           4.282         64          64.003          30.970         -51.191       11338.000      -16309.000       11355.000       18474.000      -24009.000       -4033.000       17602.000      -25226.000 
-12435  
-1  22  35           36.810         12          11.926         64          64.007          38.991         -37.757       47344.000      -82602.000       79689.000       99026.000     -114558.000       17850.000       60025.000     -103616.000 
-12435  
-1  12  36           38.093          4           4.287         64          63.996          30.570         -51.281       10360.000      -16635.000       11878.000       17838.000      -24309.000       -2632.000       16482.000      -25330.000 
-12435  
-1  22  37           36.807         12          11.922         64          64.001          38.784         -37.778       47687.000      -82387.000       78232.000       99220.000     -114082.000       16634.000       59937.000     -104099.000 
-12435  
-1  12  38           38.103          4           4.288         64          64.009          31.023         -51.181       10419.000      -16311.000       12592.000       17727.000      -24508.000       -2949.000       16875.000      -25846.000 
-12435  
-1  22  39           36.810         12          11.927         64          64.000          39.111         -37.752       48111.000      -82409.000       77655.000      100368.000     -114657.000       16846.000       60866.000     -103539.000 
-12435  
-1  12  40           38.107          4           4.296         64          63.991          30.764         -51.185       10775.000      -16249.000       11898.000       18370.000      -24230.000       -3303.000       17513.000      -25368.000 
-12435  
-1  22  41           36.693         12          11.924         64          63.999          38.810         -37.770       45648.000      -83663.000       81594.000       97833.000     -113825.000       20150.000       56923.000     -104554.000 
-12435  
-1  12  42           37.880          4           4.298         64          64.008          30.625         -51.177       11573.000      -15849.000       11616.000       18704.000      -24724.000       -4170.000       17605.000      -24555.000 
-12435  
-1  22  43           36.710         12          11.923         64          64.002          38.921         -37.746       46503.000      -83303.000       79527.000       98720.000     -114583.000       18246.000       57987.000     -105524.000 
-12435  
-1  12  44           37.930          4           4.295         64          64.012          30.589         -51.249       11006.000      -16143.000       11541.000       18317.000      -24177.000       -3050.000       16951.000      -25309.000 
-12435  
-1  22  45           36.757         12          11.922         64          64.003          38.802         -37.744       42840.000      -84972.000       84360.000       95587.000     -113224.000       23525.000       54129.000     -107492.000 
-12435  
-1  12  46           38.233          4           4.287         64          63.998          30.720         -51.245       11871.000      -15962.000       11206.000       17991.000      -24187.000       -4424.000       18320.000      -24272.000 
-12435  
-1  22  47           36.793         12          11.927         64          64.003          38.955         -37.757       38684.000      -87294.000       88723.000       90829.000     -111893.000       29645.000       48708.000     -109488.000 
-12435  
-1  12  48           37.937          4           4.292         64          64.007          30.878         -51.298       10259.000      -16575.000       11667.000       17587.000      -24352.000       -2156.000       15819.000      -25920.000 
-12435  
-1  22  49           36.780         12          11.927         64          64.003          38.845         -37.748       52348.000      -79569.000       72698.000      104555.000     -115269.000        9820.000       66222.000     -100308.000 
-12435  
-1  12  50           38.037          4           4.294         64          64.001          30.932         -51.225       11217.000      -16122.000       11540.000       18495.000      -24314.000       -4128.000       17527.000      -24676.000 
-12435  
-1  22  51           36.437         12          11.927         64          64.002          39.034         -37.774       54034.000      -78673.000       69762.000      105886.000     -115403.000        8163.000       66319.000      -99095.000 
-12435  
-1  12  52           37.937          4           4.294         64          64.006          30.919         -51.182       11992.000      -16034.000       11056.000       18830.000      -24266.000       -4206.000       17846.000      -24614.000 
-12435  
-1  22  53           36.800         12          11.925         64          64.002          38.972         -37.775       50196.000      -81439.000       75569.000      101264.000     -114704.000       13682.000       62568.000     -102018.000 
-12435  
-1  12  54           37.933          4           4.288         64          64.000          30.550         -51.206       12135.000      -16244.000       10530.000       18821.000      -24083.000       -4493.000       17669.000      -24638.000 
-12435  
-1  22  55           36.790         12          11.927         64          64.003          38.668         -37.774       45157.000      -82797.000       80286.000       97560.000     -113927.000       19114.000       57730.000     -106088.000 
-12435  
-1  12  56           37.963          4           4.293         64          63.995          30.995         -51.250       12038.000      -16458.000       10531.000       18322.000      -24822.000       -4329.000       17331.000      -23959.000 
-12435  
-1  22  57           36.677         12          11.928         64          64.001          38.862         -37.762       47857.000      -81536.000       78446.000      100608.000     -114339.000       15595.000       60400.000     -103725.000 
-12435  
-1  12  58           37.900          4           4.301         64          63.991          30.511         -51.311       10937.000      -15900.000       12111.000       18030.000      -24158.000       -2945.000       16641.000      -24998.000 
-12435  
-1  22  59           36.743         12          11.928         64          64.002          38.917         -37.720       43523.000      -84708.000       83410.000       96874.000     -114247.000       22436.000       55446.000     -106829.000 
-12435  
-1  12  60           37.907          4           4.293         64          63.998          30.897         -51.187       11289.000      -16307.000       11627.000       18599.000      -24475.000       -3551.000       17054.000      -25087.000 
-12435  
-1  22  61           36.837         12          11.928         64          64.001          38.924         -37.759       44629.000      -84123.000       81497.000       97082.000     -113790.000       21112.000       56908.000     -105864.000 
-12435  
-1  12  62           38.143          4           4.286         64          64.002          30.792         -51.200       11339.000      -16151.000       11929.000       18008.000      -23969.000       -3613.000       17598.000      -25406.000 
-12435  
-1  22  63           36.803         12          11.927         64          64.000          39.122         -37.754       48468.000      -82163.000       78081.000      100187.000     -114336.000       16701.000       60997.000     -103613.000 
-12435  
-1  12  64           37.853          4           4.292         64          63.996          30.768         -51.123       11561.000      -15904.000       11233.000       18612.000      -24832.000       -3921.000       17677.000      -25257.000 
-12435  
-1  22  65           36.697         12          11.928         64          63.999          39.045         -37.764       48817.000      -82249.000       77441.000      100375.000     -114630.000       15874.000       60320.000     -103268.000 
-12435  
-1  12  66           37.823          4           4.298         64          64.009          30.840         -51.201       11166.000      -15942.000       10874.000       18880.000      -24639.000       -4058.000       17421.000      -24854.000 
-12435  
-1  22  67           36.757         12          11.926         64          63.997          38.801         -37.756       45071.000      -84680.000       81854.000       97067.000     -114285.000       20854.000       56172.000     -105085.000 
-12435  
-1  12  68           37.990          4           4.291         64          64.005          30.539         -51.316       11122.000      -15860.000       10355.000       18363.000      -24114.000       -4234.000       17629.000      -24617.000 
-12435  
-1  22  69           36.763         12          11.924         64          64.001          38.959         -37.749       43980.000      -84703.000       82906.000       96405.000     -113097.000       22382.000       55021.000     -107245.000 
-12435  
-1  12  70           37.850          4           4.301         64          64.000          30.708         -51.198       12086.000      -15330.000        9926.000       19107.000      -24404.000       -5322.000       18681.000      -24138.000 
-12435  
-1  22  71           36.757         12          11.929         64          64.003          39.163         -37.743       50100.000      -81244.000       74688.000      102986.000     -115363.000       12524.000       63281.000     -102007.000 
-12435  
-1  12  72           37.860          4           4.292         64          64.001          30.975         -51.221       10732.000      -15783.000       11220.000       18671.000      -24800.000       -3597.000       17417.000      -24839.000 
-12435  
-1  22  73           36.717         12          11.929         64          63.999          39.050         -37.747       46762.000      -82744.000       80348.000       98917.000     -114209.000       18199.000       58657.000     -105034.000 
-12435  
-1  12  74           38.027          4           4.296         64          64.000          30.825         -51.306       11234.000      -15763.000       11220.000       18405.000      -23922.000       -3513.000       17703.000      -24567.000 
-12435  
-1  22  75           36.813         12          11.927         64          64.005          39.080         -37.737       54930.000      -78546.000       69140.000      106665.000     -115823.000        6219.000       69214.000      -98289.000 
-12435  
-1  12  76           38.043          4           4.291         64          64.001          30.866         -51.130       10872.000      -16630.000       12199.000       17907.000      -24632.000       -2679.000       16812.000      -26015.000 
-12435  
-1  22  77           36.883         12          11.928         64          63.998          38.906         -37.761       45756.000      -83484.000       79092.000       99372.000     -113906.000       17834.000       59366.000     -104622.000 
-12435  
-1  12  78           38.190          4           4.299         64          63.992          30.958         -51.242       11159.000      -15920.000       11013.000       18184.000      -24436.000       -4376.000       18250.000      -24422.000 
-12435  
-1  22  79           36.507         12          11.928         64          64.005          39.041         -37.753       45771.000      -82966.000       80950.000       98483.000     -114585.000       19661.000       57118.000     -105109.000 
-12435  
-1  12  80           37.960          4           4.294         64          64.001          30.603         -51.238       11033.000      -16474.000       11252.000       18593.000      -24463.000       -3596.000       16980.000      -24758.000 
-12435  
-1  22  81           36.817         12          11.929         64          64.003          38.802         -37.751       51982.000      -81162.000       73816.000      103372.000     -114980.000       11805.000       64588.000     -100581.000 
-12435  
-1  12  82           38.053          4           4.288         64          63.999          30.640         -51.322       10913.000      -15968.000       10852.000       18047.000      -24050.000       -3732.000       17388.000      -24898.000 
-12435  
-1  22  83           36.720         12          11.930         64          64.001          38.935         -37.788       53185.000      -78604.000       71509.000      103930.000     -115464.000        9973.000       66448.000      -99271.000 
-12435  
-1  12  84           38.037          4           4.293         64          64.007          30.928         -51.143       11116.000      -16085.000       11024.000       18406.000      -24650.000       -4487.000       17900.000      -25295.000 
-12435  
-1  22  85           36.827         12          11.929         64          63.999          38.775         -37.757       46822.000      -82793.000       79023.000       99864.000     -113963.000       17330.000       59847.000     -104241.000 
-12435  
-1  12  86           38.077          4           4.291         64          64.002          30.644         -51.244       10243.000      -17007.000       12512.000       17693.000      -24254.000       -2165.000       15854.000      -25819.000 
-12435  
-1  22  87           36.823         12          11.925         64          64.000          38.812         -37.760       53408.000      -78680.000       69994.000      105513.000     -115740.000        8324.000       68115.000      -98917.000 
-12435  
-1  12  88           38.140          4           4.299         64          64.001          30.860         -51.169       10713.000      -16868.000       11518.000       18446.000      -24451.000       -3488.000       17168.000      -25280.000 
-12435  
-1  22  89           36.807         12          11.923         64          63.998          39.033         -37.726       47525.000      -83430.000       78993.000      100489.000     -114180.000       16478.000       59805.000     -104603.000 
-12435  
-1  12  90           37.910          4           4.294         64          64.006          30.683         -51.249       10528.000      -15953.000       12589.000       17860.000      -24471.000       -2762.000       16497.000      -25509.000 
-12435  
-1  22  91           36.700         12          11.924         64          64.000          38.728         -37.743       45479.000      -82903.000       80681.000       98526.000     -114791.000       19290.000       58000.000     -105354.000 
-12435  
-1  12  92           37.863          4           4.287         64          63.995          30.561         -51.257       11249.000      -16134.000       10807.000       18629.000      -24485.000       -3829.000       17126.000      -24683.000 
-12435  
-1  22  93           36.763         12          11.927         64          63.998          38.938         -37.743       44454.000      -84521.000       82298.000       96868.000     -113885.000       21934.000       55848.000     -106434.000 
-12435  
-1  12  94           37.967          4           4.283         64          64.006          30.615         -51.279       10841.000      -15975.000       10385.000       18391.000      -24450.000       -4302.000       17491.000      -24789.000 
-12435  
-1  22  95           36.757         12          11.925         64          63.999          39.187         -37.764       48244.000      -81801.000       77558.000      100783.000     -114635.000       15538.000       61092.000     -102999.000 
-12435  
-1  12  96           37.933          4           4.291         64          64.002          30.781         -51.212       11932.000      -15653.000       10845.000       18576.000      -24323.000       -3939.000       18112.000      -24633.000 
-12435  
-1  22  97           36.863         12          11.925         64          64.002          39.059         -37.737       52996.000      -79700.000       72072.000      105054.000     -115121.000        9863.000       67431.000      -99826.000 
-12435  
-1  12  98           38.047          4           4.284         64          64.009          30.574         -51.288       10869.000      -16172.000       11745.000       17944.000      -24151.000       -3172.000       16964.000      -25099.000 
-12435  
-1  22  99           36.817         12          11.924         64          64.004          39.104         -37.765       48149.000      -82281.000       77285.000      100619.000     -113895.000       16165.000       60816.000     -103865.000 
-12435  
