-1  22  1           21.073         12          11.938         64          64.005          43.310         -33.132     -105486.000      160728.000     -189556.000      -94537.000      -64059.000     -135246.000      164255.000     -150147.000 
-12435  
-1  12  2           22.593          4           4.300         64          64.003          35.394         -46.724       28731.000      -25387.000       22955.000       32499.000       -6332.000       29883.000      -51050.000       11465.000 
-12435  
-1  22  3           21.067         12          11.940         64          63.999          43.441         -33.151     -105421.000      159525.000     -189300.000      -95146.000      -62870.000     -135283.000      164373.000     -149524.000 
-12435  
-1  12  4           22.413          4           4.299         64          64.001          35.280         -46.755       29763.000      -23180.000       21646.000       33780.000       -8286.000       29207.000      -51381.000        9010.000 
-12435  
-1  22  5           21.073         12          11.936         64          64.002          43.301         -33.152      -90423.000      167989.000     -197652.000      -77955.000      -74603.000     -129371.000      150739.000     -162690.000 
-12435  
-1  12  6           22.543          4           4.302         64          64.003          35.098         -46.795       30586.000      -23082.000       20935.000       33462.000       -8346.000       28754.000      -51214.000        8306.000 
-12435  
-1  22  7           21.073         12          11.939         64          63.999          43.440         -33.145      -99621.000      163516.000     -191793.000      -89131.000      -67334.000     -133519.000      159359.000     -155315.000 
-12435  
-1  12  8           22.350          4           4.296         64          64.000          35.363         -46.794       29026.000      -24058.000       22367.000       32652.000       -6851.000       29443.000      -50901.000       11130.000 
-12435  
-1  22  9           21.083         12          11.937         64          63.999          43.226         -33.142      -97701.000      164938.000     -193571.000      -85698.000      -68871.000     -132437.000      157564.000     -157198.000 
-12435  
-1  12  10           22.417          4           4.301         64          64.001          35.235         -46.762       30026.000      -22812.000       21266.000       33324.000       -7844.000       29221.000      -51842.000        8777.000 
-12435  
-1  22  11           21.080         12          11.937         64          64.002          43.173         -33.154     -110434.000      155579.000     -186027.000     -101599.000      -57527.000     -137851.000      169946.000     -143010.000 
-12435  
-1  12  12           22.340          4           4.302         64          63.999          35.242         -46.783       29179.000      -23456.000       21906.000       33226.000       -7550.000       29961.000      -50949.000        9884.000 
-12435  
-1  22  13           21.067         12          11.939         64          64.002          43.359         -33.151     -116219.000      151449.000     -182051.000     -108287.000      -53206.000     -139648.000      174778.000     -137466.000 
-12435  
-1  12  14           22.330          4           4.299         64          63.995          35.044         -46.813       28706.000      -24467.000       22322.000       32942.000       -6673.000       29231.000      -50477.000       11578.000 
-12435  
-1  22  15           21.063         12          11.938         64          64.002          43.400         -33.163     -109748.000      155799.000     -186030.000     -100874.000      -58543.000     -136872.000      168752.000     -144655.000 
-12435  
-1  12  16           22.443          4           4.303         64          64.001          35.113         -46.838       27987.000      -24338.000       22625.000       32355.000       -6880.000       28886.000      -51002.000       11494.000 
-12435  
-1  22  17           21.073         12          11.938         64          64.002          43.383         -33.142     -108593.000      156870.000     -187194.000      -99154.000      -59868.000     -137259.000      168583.000     -145855.000 
-12435  
-1  12  18           22.577          4           4.303         64          63.999          35.280         -46.799       29444.000      -24195.000       21780.000       33003.000       -7192.000       28507.000      -51261.000       10009.000 
-12435  
-1  22  19           21.090         12          11.939         64          64.003          43.490         -33.135      -96322.000      165263.000     -194225.000      -85905.000      -69769.000     -131796.000      157611.000     -157685.000 
-12435  
-1  12  20           22.567          4           4.294         64          63.995          35.303         -46.744       29663.000      -24173.000       21809.000       32993.000       -7749.000       29301.000      -51462.000        9891.000 
-12435  
-1  22  21           21.100         12          11.939         64          64.001          43.129         -33.132     -118084.000      150871.000     -181158.000     -111128.000      -50510.000     -140467.000      177629.000     -134273.000 
-12435  
-1  12  22           22.440          4           4.303         64          64.001          35.317         -46.767       29606.000      -23872.000       21856.000       32957.000       -7162.000       29175.000      -51384.000       10204.000 
-12435  
-1  22  23           21.073         12          11.937         64          64.000          43.466         -33.161     -111296.000      155671.000     -185774.000     -100484.000      -58152.000     -137264.000      169349.000     -143503.000 
-12435  
-1  12  24           22.563          4           4.298         64          64.001          35.451         -46.745       29687.000      -24394.000       21537.000       32951.000       -8057.000       29697.000      -51158.000       10053.000 
-12435  
-1  22  25           21.067         12          11.937         64          63.999          43.089         -33.144      -89312.000      168993.000     -197588.000      -76836.000      -74747.000     -129122.000      149283.000     -165175.000 
-12435  
-1  12  26           22.550          4           4.305         64          64.010          34.965         -46.835       29320.000      -24064.000       21696.000       32830.000       -7645.000       28919.000      -50727.000        9954.000 
-12435  
-1  22  27           21.063         12          11.937         64          64.001          43.094         -33.175     -117499.000      149522.000     -180235.000     -109064.000      -52252.000     -140663.000      175647.000     -135360.000 
-12435  
-1  12  28           22.507          4           4.301         64          64.004          35.057         -46.769       29426.000      -23731.000       21425.000       33257.000       -8262.000       29013.000      -51541.000        9651.000 
-12435  
-1  22  29           21.080         12          11.939         64          64.000          43.224         -33.164     -102769.000      160594.000     -189837.000      -91559.000      -64966.000     -134968.000      162797.000     -151317.000 
-12435  
-1  12  30           22.407          4           4.302         64          63.998          35.151         -46.742       30036.000      -23523.000       21206.000       33892.000       -8831.000       28962.000      -51342.000        9451.000 
-12435  
-1  22  31           21.090         12          11.937         64          64.001          43.181         -33.169     -114175.000      152058.000     -182850.000     -106549.000      -53668.000     -139448.000      174209.000     -137189.000 
-12435  
-1  12  32           22.367          4           4.303         64          64.003          35.345         -46.753       29138.000      -24208.000       22395.000       33070.000       -7400.000       29381.000      -51071.000       11035.000 
-12435  
-1  22  33           21.077         12          11.937         64          64.003          43.381         -33.164     -115118.000      151927.000     -182082.000     -107146.000      -53857.000     -138811.000      174295.000     -138233.000 
-12435  
-1  12  34           22.290          4           4.303         64          64.001          35.215         -46.801       29619.000      -23700.000       21631.000       32841.000       -7484.000       29251.000      -50877.000       10964.000 
-12435  
-1  22  35           21.080         12          11.940         64          64.002          43.236         -33.149     -119866.000      148652.000     -179283.000     -112033.000      -49692.000     -140550.000      178867.000     -133257.000 
-12435  
-1  12  36           22.473          4           4.299         64          63.997          35.251         -46.797       29209.000      -24442.000       22395.000       32820.000       -7719.000       28980.000      -50627.000       10912.000 
-12435  
-1  22  37           21.077         12          11.938         64          64.001          43.264         -33.126     -109169.000      157252.000     -187297.000      -99507.000      -59889.000     -137703.000      168981.000     -145741.000 
-12435  
-1  12  38           22.633          4           4.297         64          64.001          35.040         -46.769       28857.000      -24885.000       22705.000       32285.000       -7488.000       29434.000      -51030.000       10892.000 
-12435  
-1  22  39           21.077         12          11.938         64          64.002          43.306         -33.171     -124167.000      144319.000     -175772.000     -117682.000      -43916.000     -142440.000      181970.000     -126724.000 
-12435  
-1  12  40           22.393          4           4.303         64          64.002          35.244         -46.827       29607.000      -23142.000       21922.000       32692.000       -7886.000       29204.000      -50939.000        9713.000 
-12435  
-1  22  41           21.077         12          11.938         64          64.001          43.218         -33.147      -87415.000      169755.000     -198419.000      -74040.000      -77179.000     -128239.000      148069.000     -166117.000 
-12435  
-1  12  42           22.470          4           4.300         64          64.002          35.075         -46.761       29909.000      -23263.000       21061.000       33964.000       -8278.000       29430.000      -51246.000        8500.000 
-12435  
-1  22  43           21.097         12          11.938         64          64.003          43.313         -33.152     -104791.000      159947.000     -189119.000      -95002.000      -62665.000     -134959.000      165420.000     -148917.000 
-12435  
-1  12  44           22.443          4           4.301         64          64.000          35.272         -46.727       29467.000      -23852.000       21327.000       33356.000       -7758.000       29340.000      -51903.000        9983.000 
-12435  
-1  22  45           21.090         12          11.940         64          64.000          43.487         -33.152     -107229.000      158252.000     -187644.000      -97123.000      -60936.000     -136444.000      167298.000     -146785.000 
-12435  
-1  12  46           22.447          4           4.297         64          64.006          35.651         -46.746       29088.000      -24369.000       22502.000       32742.000       -7482.000       29839.000      -51066.000       10855.000 
-12435  
-1  22  47           21.083         12          11.937         64          64.001          43.228         -33.163     -107247.000      158264.000     -187311.000      -98415.000      -60428.000     -135833.000      166652.000     -146496.000 
-12435  
-1  12  48           22.450          4           4.297         64          64.006          35.083         -46.808       29439.000      -23816.000       21870.000       33485.000       -7589.000       28566.000      -50891.000        9893.000 
-12435  
-1  22  49           21.093         12          11.938         64          64.000          43.191         -33.161     -104744.000      158918.000     -188277.000      -96600.000      -61533.000     -136195.000      165957.000     -147743.000 
-12435  
-1  12  50           22.523          4           4.297         64          64.002          35.133         -46.795       29255.000      -24434.000       21972.000       32675.000       -6726.000       29237.000      -50991.000       10577.000 
-12435  
-1  22  51           21.080         12          11.937         64          64.002          43.413         -33.162     -106512.000      158333.000     -187762.000      -96210.000      -61489.000     -136281.000      166271.000     -147554.000 
-12435  
-1  12  52           22.407          4           4.300         64          64.005          35.203         -46.740       29289.000      -24389.000       22476.000       32898.000       -7134.000       29254.000      -51259.000       11155.000 
-12435  
-1  22  53           21.087         12          11.937         64          64.002          43.334         -33.157     -110799.000      154724.000     -185332.000     -102326.000      -57091.000     -138477.000      171214.000     -141691.000 
-12435  
-1  12  54           22.467          4           4.299         64          64.000          35.049         -46.777       30015.000      -22912.000       20581.000       34437.000       -8426.000       29051.000      -51285.000        7844.000 
-12435  
-1  22  55           21.070         12          11.940         64          64.000          43.192         -33.153     -116672.000      150744.000     -181914.000     -108780.000      -52781.000     -140100.000      175479.000     -136116.000 
-12435  
-1  12  56           22.413          4           4.301         64          64.008          35.282         -46.772       29272.000      -24051.000       21961.000       32993.000       -7597.000       29486.000      -51045.000       10514.000 
-12435  
-1  22  57           21.067         12          11.938         64          64.001          43.398         -33.152     -103228.000      158904.000     -189690.000      -94893.000      -63069.000     -135547.000      164650.000     -150642.000 
-12435  
-1  12  58           22.450          4           4.296         64          64.005          34.965         -46.786       29671.000      -23857.000       21897.000       33303.000       -7461.000       29163.000      -50862.000        9830.000 
-12435  
-1  22  59           21.067         12          11.937         64          64.004          43.181         -33.158     -117405.000      150219.000     -181643.000     -109230.000      -52176.000     -139565.000      175749.000     -135895.000 
-12435  
-1  12  60           22.550          4           4.302         64          63.997          35.081         -46.776       29105.000      -24860.000       22306.000       32689.000       -6820.000       29537.000      -50735.000       10888.000 
-12435  
-1  22  61           21.083         12          11.936         64          64.001          43.326         -33.141     -118408.000      150031.000     -180311.000     -111077.000      -50410.000     -140793.000      177654.000     -134566.000 
-12435  
-1  12  62           22.537          4           4.297         64          64.003          35.270         -46.798       28923.000      -24479.000       22408.000       32664.000       -7357.000       29204.000      -50828.000       10716.000 
-12435  
-1  22  63           21.063         12          11.939         64          64.002          43.404         -33.153     -108156.000      157421.000     -187648.000      -97904.000      -60389.000     -135939.000      166874.000     -147508.000 
-12435  
-1  12  64           22.537          4           4.300         64          64.002          35.164         -46.816       29473.000      -23545.000       21577.000       33190.000       -8793.000       28351.000      -51202.000        9481.000 
-12435  
-1  22  65           21.080         12          11.936         64          64.001          43.370         -33.133     -108636.000      157411.000     -187410.000      -99428.000      -60005.000     -136471.000      168930.000     -146167.000 
-12435  
-1  12  66           22.443          4           4.296         64          64.004          35.419         -46.822       29399.000      -22865.000       21742.000       33230.000       -8077.000       28934.000      -51263.000        8891.000 
-12435  
-1  22  67           21.083         12          11.938         64          64.001          43.465         -33.160     -117576.000      150051.000     -180757.000     -109485.000      -51200.000     -140149.000      176768.000     -135071.000 
-12435  
-1  12  68           22.453          4           4.301         64          64.001          35.227         -46.782       29020.000      -23712.000       21696.000       33350.000       -8112.000       29121.000      -51350.000        9840.000 
-12435  
-1  22  69           21.080         12          11.938         64          64.002          43.266         -33.148     -103827.000      160275.000     -190532.000      -92796.000      -63802.000     -135139.000      163807.000     -150453.000 
-12435  
-1  12  70           22.393          4           4.300         64          64.000          35.258         -46.763       29745.000      -23592.000       21832.000       33424.000       -8178.000       29086.000      -51158.000        9898.000 
-12435  
-1  22  71           21.090         12          11.938         64          64.002          43.294         -33.163     -114592.000      152103.000     -181570.000     -107102.000      -52962.000     -139595.000      174954.000     -138056.000 
-12435  
-1  12  72           22.523          4           4.303         64          64.009          35.093         -46.756       29428.000      -24348.000       22255.000       33126.000       -7334.000       29256.000      -51069.000       10258.000 
-12435  
-1  22  73           21.067         12          11.938         64          64.004          43.359         -33.137     -122344.000      146614.000     -178131.000     -115130.000      -47606.000     -142844.000      180437.000     -129998.000 
-12435  
-1  12  74           22.540          4           4.301         64          64.004          35.303         -46.785       29704.000      -23527.000       22405.000       32604.000       -7764.000       28878.000      -51394.000        9660.000 
-12435  
-1  22  75           21.060         12          11.939         64          64.001          43.397         -33.149     -109206.000      156724.000     -186884.000      -99380.000      -59581.000     -136950.000      167812.000     -146260.000 
-12435  
-1  12  76           22.467          4           4.299         64          63.989          34.975         -46.777       29798.000      -23488.000       21764.000       32794.000       -8067.000       29245.000      -51368.000        9705.000 
-12435  
-1  22  77           21.097         12          11.940         64          64.000          43.172         -33.159     -119776.000      148554.000     -178770.000     -113048.000      -48435.000     -141697.000      178889.000     -131257.000 
-12435  
-1  12  78           22.513          4           4.305         64          64.002          35.006         -46.794       30011.000      -23482.000       21214.000       33592.000       -8551.000       29194.000      -50822.000        8833.000 
-12435  
-1  22  79           21.070         12          11.939         64          64.001          43.163         -33.160     -106608.000      158603.000     -187831.000      -96401.000      -62004.000     -136576.000      165366.000     -147678.000 
-12435  
-1  12  80           22.387          4           4.295         64          64.000          35.049         -46.854       28954.000      -23861.000       21659.000       32986.000       -7394.000       28844.000      -50621.000       10518.000 
-12435  
-1  22  81           21.080         12          11.939         64          64.002          43.372         -33.160     -118988.000      149218.000     -179676.000     -111205.000      -49872.000     -140748.000      177539.000     -133686.000 
-12435  
-1  12  82           22.530          4           4.293         64          64.003          35.337         -46.768       29240.000      -23637.000       21318.000       33510.000       -8029.000       29729.000      -51339.000        8998.000 
-12435  
-1  22  83           21.080         12          11.940         64          64.000          43.468         -33.149     -104959.000      159774.000     -189532.000      -95398.000      -62608.000     -135691.000      164620.000     -148866.000 
-12435  
-1  12  84           22.673          4           4.302         64          64.002          35.157         -46.766       29636.000      -24017.000       21649.000       33321.000       -8564.000       28934.000      -51324.000        8933.000 
-12435  
-1  22  85           21.077         12          11.938         64          64.001          43.139         -33.133     -116996.000      151394.000     -182169.000     -109066.000      -52400.000     -140483.000      175834.000     -136458.000 
-12435  
-1  12  86           22.457          4           4.297         64          64.005          35.129         -46.759       29651.000      -23622.000       21337.000       33209.000       -7880.000       29313.000      -51573.000        9629.000 
-12435  
-1  22  87           21.070         12          11.939         64          64.003          43.316         -33.151     -117770.000      149729.000     -181076.000     -110393.000      -51373.000     -139715.000      176876.000     -135457.000 
-12435  
-1  12  88           22.463          4           4.306         64          63.995          35.141         -46.743       29220.000      -24311.000       22067.000       33232.000       -7334.000       29345.000      -51310.000       10489.000 
-12435  
-1  22  89           21.103         12          11.935         64          64.002          43.102         -33.162     -109759.000      156662.000     -185926.000     -100783.000      -58016.000     -137375.000      169511.000     -142841.000 
-12435  
-1  12  90           22.650          4           4.301         64          64.008          35.199         -46.739       29359.000      -24879.000       21782.000       33175.000       -7214.000       29314.000      -51299.000       10087.000 
-12435  
-1  22  91           21.093         12          11.938         64          64.000          43.207         -33.141     -105517.000      160098.000     -189518.000      -94113.000      -62402.000     -136184.000      165298.000     -148789.000 
-12435  
-1  12  92           22.387          4           4.299         64          64.004          35.063         -46.749       30270.000      -23242.000       21348.000       33939.000       -8194.000       28873.000      -51345.000        9140.000 
-12435  
-1  22  93           21.080         12          11.936         64          64.003          43.261         -33.152     -101944.000      161148.000     -191564.000      -92183.000      -65133.000     -134986.000      162102.000     -150797.000 
-12435  
-1  12  94           22.417          4           4.301         64          64.002          35.229         -46.744       30298.000      -22957.000       20770.000       34232.000       -8695.000       29041.000      -51537.000        8377.000 
-12435  
-1  22  95           21.073         12          11.939         64          64.001          43.223         -33.156     -105893.000      158472.000     -188552.000      -96636.000      -62113.000     -135893.000      165866.000     -147813.000 
-12435  
-1  12  96           22.633          4           4.299         64          64.003          35.163         -46.767       30188.000      -24158.000       21065.000       33239.000       -8105.000       29162.000      -51134.000        9135.000 
-12435  
-1  22  97           21.090         12          11.940         64          64.001          43.316         -33.137     -108226.000      157713.000     -187016.000      -99346.000      -59868.000     -137278.000      168742.000     -145674.000 
-12435  
-1  12  98           22.477          4           4.298         64          64.000          34.907         -46.807       28904.000      -24467.000       22233.000       32983.000       -6975.000       29217.000      -50632.000       10703.000 
-12435  
-1  22  99           21.097         12          11.940         64          64.001          43.470         -33.150     -117569.000      150644.000     -180560.000     -111434.000      -51055.000     -139872.000      177228.000     -134183.000 
-12435  
