-1  12  1            5.970          4           4.306         64          64.001          50.602         -24.106     -431489.000     -181025.000     -446041.000     -356680.000     -433775.000     -352284.000     -258225.000     -551889.000 
-12435  
-1  22  2            5.993         12          11.954         64          64.004          43.305         -32.884      -56882.000      153676.000     -124840.000      167525.000     -125700.000      164063.000     -198504.000      100725.000 
-12435  
-1  12  3            5.970          4           4.306         64          64.002          51.424         -24.104     -432847.000     -178537.000     -447731.000     -354442.000     -435331.000     -350958.000     -261019.000     -550357.000 
-12435  
-1  22  4            5.997         12          11.955         64          64.003          43.706         -32.892      -42151.000      158780.000     -108587.000      178020.000     -108715.000      175607.000     -188336.000      117841.000 
-12435  
-1  12  5            5.970          4           4.307         64          64.001          50.623         -24.106     -441879.000     -152637.000     -468278.000     -326542.000     -455820.000     -323642.000     -293243.000     -534411.000 
-12435  
-1  22  6            6.010         12          11.954         64          64.001          43.481         -32.892      -42096.000      158591.000     -108933.000      178646.000     -109167.000      175522.000     -188284.000      116672.000 
-12435  
-1  12  7            5.970          4           4.306         64          64.000          51.397         -24.108     -439896.000     -160237.000     -461699.000     -334899.000     -450339.000     -331318.000     -283844.000     -538840.000 
-12435  
-1  22  8            6.000         12          11.955         64          64.002          43.372         -32.905      -51563.000      154956.000     -119387.000      171296.000     -119558.000      167976.000     -194902.000      105917.000 
-12435  
-1  12  9            5.967          4           4.306         64          64.003          50.638         -24.105     -434406.000     -174646.000     -451492.000     -349285.000     -439127.000     -345842.000     -267122.000     -547694.000 
-12435  
-1  22  10            6.000         12          11.956         64          64.001          43.615         -32.893      -47120.000      157146.000     -113466.000      175237.000     -114914.000      171836.000     -191239.000      112452.000 
-12435  
-1  12  11            5.970          4           4.306         64          64.005          50.670         -24.109     -437295.000     -165894.000     -457498.000     -340878.000     -445522.000     -337347.000     -276595.000     -542744.000 
-12435  
-1  22  12            6.000         12          11.953         64          64.000          43.760         -32.890      -52351.000      155164.000     -120098.000      170197.000     -121112.000      168697.000     -195524.000      104897.000 
-12435  
-1  12  13            5.970          4           4.306         64          64.002          50.966         -24.102     -435264.000     -172388.000     -453117.000     -347573.000     -440917.000     -344191.000     -269205.000     -546884.000 
-12435  
-1  22  14            6.000         12          11.953         64          64.000          43.325         -32.898      -36958.000      159269.000     -102940.000      181220.000     -103530.000      178569.000     -184741.000      123880.000 
-12435  
-1  12  15            5.973          4           4.307         64          64.001          50.589         -24.106     -429284.000     -185457.000     -441843.000     -361178.000     -429728.000     -357640.000     -251804.000     -555167.000 
-12435  
-1  22  16            5.997         12          11.953         64          64.001          43.829         -32.896      -51619.000      156011.000     -119352.000      170437.000     -119840.000      167806.000     -195162.000      106841.000 
-12435  
-1  12  17            5.973          4           4.306         64          64.002          51.084         -24.107     -430538.000     -183791.000     -443579.000     -358891.000     -431175.000     -355185.000     -254284.000     -553905.000 
-12435  
-1  22  18            6.003         12          11.954         64          64.002          43.541         -32.898      -39343.000      159186.000     -104861.000      179675.000     -105889.000      177527.000     -186374.000      120938.000 
-12435  
-1  12  19            5.970          4           4.306         64          64.003          50.424         -24.109     -442920.000     -152209.000     -468175.000     -325121.000     -456598.000     -322260.000     -294382.000     -533315.000 
-12435  
-1  22  20            6.017         12          11.952         64          64.000          43.631         -32.895      -38636.000      159367.000     -105836.000      180149.000     -106344.000      177037.000     -186176.000      120413.000 
-12435  
-1  12  21            5.970          4           4.306         64          64.002          50.982         -24.107     -438393.000     -162273.000     -460772.000     -337137.000     -448563.000     -333525.000     -281152.000     -540601.000 
-12435  
-1  22  22            6.013         12          11.955         64          64.001          43.691         -32.871      -39899.000      160026.000     -106936.000      179175.000     -108339.000      177234.000     -187275.000      119621.000 
-12435  
-1  12  23            5.970          4           4.306         64          64.001          50.362         -24.104     -432865.000     -177726.000     -448272.000     -353175.000     -436896.000     -349600.000     -262262.000     -550039.000 
-12435  
-1  22  24            6.017         12          11.953         64          64.002          43.346         -32.910      -52566.000      155291.000     -119890.000      169862.000     -121078.000      167325.000     -195748.000      103540.000 
-12435  
-1  12  25            5.967          4           4.306         64          64.003          51.333         -24.107     -436669.000     -169225.000     -454677.000     -344020.000     -444050.000     -340624.000     -273082.000     -544284.000 
-12435  
-1  22  26            6.017         12          11.954         64          64.000          43.498         -32.881      -39808.000      160063.000     -105737.000      179813.000     -106277.000      177066.000     -187527.000      119855.000 
-12435  
-1  12  27            5.970          4           4.306         64          64.004          50.618         -24.104     -433833.000     -175378.000     -450502.000     -350258.000     -438726.000     -346744.000     -265529.000     -548922.000 
-12435  
-1  22  28            6.023         12          11.953         64          64.003          43.402         -32.877      -25146.000      162532.000      -89685.000      188587.000      -91225.000      185753.000     -176139.000      136071.000 
-12435  
-1  12  29            5.970          4           4.306         64          64.001          50.761         -24.108     -435321.000     -171950.000     -452799.000     -347030.000     -441001.000     -343935.000     -269319.000     -546127.000 
-12435  
-1  22  30            6.017         12          11.955         64          64.000          43.800         -32.881      -37952.000      160369.000     -103613.000      181608.000     -105118.000      178274.000     -185215.000      122053.000 
-12435  
-1  12  31            5.973          4           4.306         64          64.002          50.754         -24.108     -437085.000     -166689.000     -456810.000     -342058.000     -444807.000     -338982.000     -275127.000     -543122.000 
-12435  
-1  22  32            6.003         12          11.954         64          64.003          43.690         -32.878      -34391.000      160733.000     -100127.000      183001.000     -101123.000      181012.000     -182899.000      126592.000 
-12435  
-1  12  33            5.970          4           4.307         64          64.002          51.084         -24.103     -432680.000     -178513.000     -447931.000     -353719.000     -436307.000     -350050.000     -261283.000     -550815.000 
-12435  
-1  22  34            5.990         12          11.954         64          64.002          43.568         -32.892      -40668.000      158894.000     -106809.000      179424.000     -106989.000      176556.000     -186877.000      120217.000 
-12435  
-1  12  35            5.970          4           4.306         64          64.002          50.810         -24.110     -441693.000     -153559.000     -466788.000     -328275.000     -454558.000     -324729.000     -291941.000     -534656.000 
-12435  
-1  22  36            6.010         12          11.953         64          64.003          43.599         -32.890      -21422.000      162958.000      -84776.000      191469.000      -85803.000      188299.000     -171145.000      139892.000 
-12435  
-1  12  37            5.970          4           4.306         64          64.003          50.937         -24.109     -434222.000     -173118.000     -451675.000     -348643.000     -439603.000     -345479.000     -267680.000     -547171.000 
-12435  
-1  22  38            6.003         12          11.956         64          64.001          43.564         -32.901      -52004.000      155139.000     -119786.000      170947.000     -120094.000      168323.000     -195044.000      104942.000 
-12435  
-1  12  39            5.970          4           4.306         64          64.003          50.861         -24.103     -440543.000     -158900.000     -463408.000     -333453.000     -451169.000     -330501.000     -285975.000     -538120.000 
-12435  
-1  22  40            6.007         12          11.953         64          64.000          43.795         -32.894      -20417.000      163326.000      -82971.000      191145.000      -84692.000      188891.000     -170260.000      141591.000 
-12435  
-1  12  41            5.973          4           4.306         64          64.001          50.782         -24.106     -437264.000     -167567.000     -456329.000     -342480.000     -444408.000     -339759.000     -274334.000     -543739.000 
-12435  
-1  22  42            6.007         12          11.954         64          63.999          43.443         -32.895      -38980.000      159320.000     -104683.000      180184.000     -105593.000      177553.000     -186311.000      121079.000 
-12435  
-1  12  43            5.970          4           4.306         64          64.002          51.154         -24.110     -435780.000     -170701.000     -453810.000     -345073.000     -442205.000     -342034.000     -271192.000     -545335.000 
-12435  
-1  22  44            6.013         12          11.952         64          64.002          43.286         -32.895      -38998.000      159557.000     -105180.000      179914.000     -106226.000      176950.000     -186465.000      120742.000 
-12435  
-1  12  45            5.967          4           4.306         64          64.003          50.849         -24.109     -436883.000     -167429.000     -456341.000     -342237.000     -444968.000     -338754.000     -275284.000     -543135.000 
-12435  
-1  22  46            6.000         12          11.955         64          64.000          43.471         -32.895      -45974.000      157242.000     -113327.000      175048.000     -113160.000      172390.000     -191636.000      113076.000 
-12435  
-1  12  47            5.970          4           4.306         64          64.002          51.024         -24.105     -435721.000     -170600.000     -454121.000     -345775.000     -442231.000     -342667.000     -270984.000     -545601.000 
-12435  
-1  22  48            5.987         12          11.952         64          64.000          43.423         -32.899      -52021.000      156180.000     -119339.000      171709.000     -119089.000      167977.000     -194028.000      106567.000 
-12435  
-1  12  49            5.970          4           4.306         64          64.003          50.921         -24.107     -438086.000     -163123.000     -459454.000     -338226.000     -447521.000     -335362.000     -280227.000     -541280.000 
-12435  
-1  22  50            6.010         12          11.956         64          63.998          43.588         -32.898      -38659.000      158836.000     -105006.000      180359.000     -105709.000      177426.000     -186198.000      121007.000 
-12435  
-1  12  51            5.973          4           4.306         64          64.003          50.458         -24.102     -430772.000     -183821.000     -444017.000     -359100.000     -431583.000     -355307.000     -254751.000     -554002.000 
-12435  
-1  22  52            6.003         12          11.955         64          64.000          43.321         -32.884      -34617.000      160290.000     -100505.000      183187.000     -101319.000      180838.000     -182655.000      126025.000 
-12435  
-1  12  53            5.967          4           4.306         64          64.004          50.734         -24.108     -433545.000     -176036.000     -449603.000     -351086.000     -438476.000     -346984.000     -264653.000     -548560.000 
-12435  
-1  22  54            5.997         12          11.953         64          63.999          43.500         -32.887      -47140.000      158169.000     -114568.000      174204.000     -114733.000      171658.000     -191855.000      111958.000 
-12435  
-1  12  55            5.977          4           4.306         64          64.004          50.917         -24.108     -429504.000     -185001.000     -441388.000     -361506.000     -429590.000     -357896.000     -251232.000     -554962.000 
-12435  
-1  22  56            5.997         12          11.951         64          63.999          43.743         -32.910      -33278.000      160262.000      -99922.000      182875.000     -100174.000      181207.000     -180778.000      126637.000 
-12435  
-1  12  57            5.973          4           4.306         64          64.002          50.564         -24.104     -429070.000     -187428.000     -440174.000     -363174.000     -428409.000     -359729.000     -248807.000     -556200.000 
-12435  
-1  22  58            6.013         12          11.955         64          64.000          43.648         -32.878      -25202.000      163170.000      -89192.000      188987.000      -90417.000      185528.000     -175462.000      136651.000 
-12435  
-1  12  59            5.973          4           4.307         64          64.001          50.735         -24.107     -436378.000     -169405.000     -454278.000     -345337.000     -442372.000     -342088.000     -271713.000     -545032.000 
-12435  
-1  22  60            6.013         12          11.953         64          63.999          43.459         -32.897      -37692.000      159963.000     -103608.000      180703.000     -104587.000      177856.000     -185402.000      122254.000 
-12435  
-1  12  61            5.973          4           4.306         64          64.002          50.365         -24.106     -433309.000     -177139.000     -448809.000     -352735.000     -436561.000     -349309.000     -262186.000     -549779.000 
-12435  
-1  22  62            6.010         12          11.954         64          64.002          43.561         -32.915      -43009.000      157725.000     -110280.000      177008.000     -110384.000      174309.000     -188756.000      114855.000 
-12435  
-1  12  63            5.973          4           4.306         64          64.002          50.628         -24.103     -432243.000     -179162.000     -447086.000     -355123.000     -435087.000     -351482.000     -259426.000     -551768.000 
-12435  
-1  22  64            6.007         12          11.955         64          64.003          43.533         -32.890      -37707.000      159666.000     -104279.000      180878.000     -105460.000      178155.000     -184914.000      122520.000 
-12435  
-1  12  65            5.967          4           4.306         64          64.002          50.512         -24.110     -440024.000     -159352.000     -461998.000     -333886.000     -450760.000     -330421.000     -285432.000     -538241.000 
-12435  
-1  22  66            5.993         12          11.956         64          64.001          43.730         -32.898      -51799.000      156051.000     -119165.000      171085.000     -119314.000      168277.000     -194664.000      106339.000 
-12435  
-1  12  67            5.970          4           4.307         64          64.002          51.034         -24.105     -435029.000     -171970.000     -453106.000     -346999.000     -441684.000     -343347.000     -269328.000     -546627.000 
-12435  
-1  22  68            6.020         12          11.954         64          64.002          43.503         -32.896      -39725.000      158907.000     -106163.000      179071.000     -107784.000      176666.000     -187282.000      119428.000 
-12435  
-1  12  69            5.970          4           4.306         64          64.002          51.253         -24.105     -436191.000     -169240.000     -454666.000     -344127.000     -443627.000     -341052.000     -272914.000     -545075.000 
-12435  
-1  22  70            5.987         12          11.955         64          63.999          43.405         -32.895      -51476.000      156002.000     -120172.000      170443.000     -119397.000      168433.000     -194721.000      106478.000 
-12435  
-1  12  71            5.970          4           4.307         64          64.003          50.406         -24.107     -437944.000     -164099.000     -459316.000     -338588.000     -447291.000     -335707.000     -279366.000     -541512.000 
-12435  
-1  22  72            5.997         12          11.954         64          64.002          43.482         -32.897      -32592.000      161384.000      -97985.000      183764.000      -98535.000      181565.000     -180573.000      128565.000 
-12435  
-1  12  73            5.970          4           4.306         64          64.002          50.639         -24.102     -436476.000     -168120.000     -455894.000     -343257.000     -444469.000     -340341.000     -274626.000     -544355.000 
-12435  
-1  22  74            6.000         12          11.954         64          64.000          43.577         -32.891      -32522.000      161189.000      -98078.000      184058.000      -97717.000      182215.000     -181188.000      128045.000 
-12435  
-1  12  75            5.970          4           4.306         64          64.003          50.981         -24.103     -430724.000     -183690.000     -443592.000     -358706.000     -431926.000     -355525.000     -255075.000     -553886.000 
-12435  
-1  22  76            6.000         12          11.953         64          64.000          43.532         -32.907      -50268.000      155912.000     -118367.000      170774.000     -118788.000      169154.000     -194144.000      107283.000 
-12435  
-1  12  77            5.973          4           4.306         64          64.003          51.122         -24.104     -435466.000     -172410.000     -452497.000     -347344.000     -440279.000     -344177.000     -268924.000     -547574.000 
-12435  
-1  22  78            6.000         12          11.953         64          64.000          43.510         -32.906      -37065.000      159989.000     -101495.000      181109.000     -103526.000      178779.000     -183767.000      124184.000 
-12435  
-1  12  79            5.970          4           4.306         64          64.003          50.915         -24.107     -435956.000     -171244.000     -453477.000     -345683.000     -441675.000     -342966.000     -270509.000     -545816.000 
-12435  
-1  22  80            6.020         12          11.953         64          63.999          43.631         -32.889      -36681.000      161111.000     -102610.000      181277.000     -104089.000      178393.000     -184690.000      122975.000 
-12435  
-1  12  81            5.970          4           4.306         64          64.003          50.967         -24.107     -434215.000     -174845.000     -451246.000     -350015.000     -438913.000     -345697.000     -265984.000     -547900.000 
-12435  
-1  22  82            6.010         12          11.954         64          64.002          43.689         -32.894      -37565.000      160320.000     -103226.000      180635.000     -104155.000      178747.000     -185095.000      122188.000 
-12435  
-1  12  83            5.973          4           4.307         64          64.002          50.700         -24.102     -433263.000     -178527.000     -447755.000     -353980.000     -435792.000     -350023.000     -261096.000     -551014.000 
-12435  
-1  22  84            6.007         12          11.953         64          64.004          43.297         -32.883      -48646.000      156912.000     -117205.000      173211.000     -117815.000      170409.000     -193110.000      109056.000 
-12435  
-1  12  85            5.973          4           4.306         64          64.002          50.769         -24.104     -437335.000     -167190.000     -456839.000     -342372.000     -444984.000     -338813.000     -274965.000     -543672.000 
-12435  
-1  22  86            6.007         12          11.955         64          64.003          43.439         -32.892      -49488.000      156444.000     -116453.000      172739.000     -117652.000      171006.000     -193434.000      107966.000 
-12435  
-1  12  87            5.970          4           4.306         64          64.002          50.821         -24.104     -439096.000     -163461.000     -459276.000     -338388.000     -447905.000     -334805.000     -280048.000     -541415.000 
-12435  
-1  22  88            5.997         12          11.953         64          64.001          43.569         -32.894      -49592.000      156558.000     -116187.000      173008.000     -116619.000      170533.000     -193405.000      109147.000 
-12435  
-1  12  89            5.970          4           4.306         64          64.002          51.147         -24.106     -438416.000     -164269.000     -459164.000     -338658.000     -447772.000     -335342.000     -278953.000     -541378.000 
-12435  
-1  22  90            6.010         12          11.956         64          64.002          43.717         -32.885      -38500.000      160031.000     -105833.000      179703.000     -105198.000      178084.000     -186633.000      120544.000 
-12435  
-1  12  91            5.967          4           4.306         64          64.001          50.932         -24.108     -436998.000     -166438.000     -457567.000     -341273.000     -445382.000     -337688.000     -276921.000     -542630.000 
-12435  
-1  22  92            6.010         12          11.954         64          64.002          43.477         -32.902      -45997.000      157596.000     -112353.000      174549.000     -114025.000      172546.000     -191299.000      112683.000 
-12435  
-1  12  93            5.970          4           4.306         64          64.002          50.734         -24.111     -440593.000     -156683.000     -464618.000     -330856.000     -452551.000     -327956.000     -288565.000     -536242.000 
-12435  
-1  22  94            6.010         12          11.953         64          64.002          43.517         -32.909      -40497.000      159269.000     -106023.000      179510.000     -106987.000      176499.000     -186206.000      118704.000 
-12435  
-1  12  95            5.973          4           4.306         64          64.002          51.639         -24.104     -436110.000     -170134.000     -454450.000     -345084.000     -442810.000     -342343.000     -271524.000     -545293.000 
-12435  
-1  22  96            6.010         12          11.954         64          64.001          43.321         -32.903      -37928.000      159609.000     -104543.000      180133.000     -105906.000      177389.000     -185084.000      121874.000 
-12435  
-1  12  97            5.970          4           4.306         64          64.003          50.743         -24.102     -430398.000     -184215.000     -443087.000     -360141.000     -431249.000     -356221.000     -253930.000     -554211.000 
-12435  
-1  22  98            6.003         12          11.952         64          64.000          43.260         -32.906      -43726.000      158251.000     -110194.000      177414.000     -110684.000      173733.000     -188642.000      115595.000 
-12435  
-1  12  99            5.973          4           4.306         64          64.002          50.492         -24.107     -432358.000     -178894.000     -446964.000     -354423.000     -435205.000     -351337.000     -259801.000     -550986.000 
-12435  
