-1  22  1          -48.427         12          12.039         64          63.987          23.689         -52.952         471.000       20184.000        6414.000      -14163.000      -14743.000       17257.000       20902.000        1035.000 
-12435  
-1  12  2            1.310          3           2.953         64          64.008          25.274         -57.987       -9214.000        3024.000      -13528.000        2346.000       -9257.000        7370.000       -8945.000         308.000 
-12435  
-1  22  3          -49.097         12          12.047         64          64.000          23.814         -52.887       -3763.000       20444.000        8511.000      -13404.000      -17733.000       14231.000       20298.000        3671.000 
-12435  
-1  12  4            1.767          3           2.968         64          64.013          24.921         -57.846       -9183.000        3040.000      -13388.000        3074.000       -9256.000        7890.000       -9435.000        -204.000 
-12435  
-1  22  5          -47.817         12          12.051         64          64.015          24.011         -52.852       -1479.000       19383.000        8239.000      -14978.000      -17266.000       15519.000       20573.000        2743.000 
-12435  
-1  12  6            1.413          3           2.979         64          64.007          24.890         -57.915       -8884.000        3339.000      -13643.000        3227.000       -8538.000        8184.000       -9191.000         342.000 
-12435  
-1  22  7          -48.633         12          12.040         64          63.986          24.103         -52.910       -1029.000       20092.000        6111.000      -14942.000      -15755.000       17550.000       19886.000        1097.000 
-12435  
-1  12  8            1.377          3           2.972         64          63.993          24.800         -57.982       -8411.000        3268.000      -13517.000        4160.000       -7636.000        8568.000       -9468.000         649.000 
-12435  
-1  22  9          -48.430         12          12.051         64          64.010          24.081         -52.990          17.000       19602.000        5789.000      -14901.000      -14964.000       17727.000       20255.000         457.000 
-12435  
-1  12  10            1.297          3           2.977         64          64.005          25.307         -57.852       -9199.000        3086.000      -13685.000        3107.000       -8504.000        8210.000       -9365.000         160.000 
-12435  
-1  22  11          -48.160         12          12.043         64          63.990          23.598         -53.027         327.000       20579.000        6650.000      -14091.000      -15107.000       16817.000       19874.000        1616.000 
-12435  
-1  12  12            1.013          3           2.981         64          64.011          25.076         -58.039       -9077.000        2820.000      -13365.000        2753.000       -8632.000        8187.000       -8867.000         224.000 
-12435  
-1  22  13          -49.037         12          12.045         64          63.994          24.031         -52.921       -2655.000       20541.000        7232.000      -13299.000      -16727.000       15668.000       20497.000        3206.000 
-12435  
-1  12  14            1.243          3           3.001         64          64.013          24.884         -58.039       -8633.000        3317.000      -13491.000        2507.000       -8254.000        8374.000       -9198.000          97.000 
-12435  
-1  22  15          -48.750         12          12.022         64          64.001          24.170         -52.747        -588.000       20598.000        6724.000      -14823.000      -15796.000       17792.000       20587.000         750.000 
-12435  
-1  12  16            0.877          3           2.980         64          64.012          25.247         -57.749       -8837.000        2985.000      -13752.000        3588.000       -8416.000        8960.000       -9496.000         873.000 
-12435  
-1  22  17          -48.517         12          12.041         64          64.011          23.735         -52.976         -14.000       20459.000        5800.000      -14319.000      -15272.000       17311.000       20061.000         961.000 
-12435  
-1  12  18            1.637          3           2.969         64          64.010          24.997         -57.828       -9258.000        4131.000      -13462.000        3834.000       -8211.000        8444.000       -9144.000         587.000 
-12435  
-1  22  19          -47.940         12          12.055         64          64.011          24.111         -52.830        1322.000       20085.000        5367.000      -15121.000      -14538.000       19003.000       20318.000         319.000 
-12435  
-1  12  20            1.690          3           2.984         64          64.006          25.267         -57.979       -8979.000        2984.000      -13476.000        3392.000       -8615.000        7824.000       -9246.000         -70.000 
-12435  
-1  22  21          -49.033         12          12.051         64          64.006          23.550         -53.140       -3998.000       19877.000        8829.000      -12558.000      -17061.000       14231.000       19375.000        4330.000 
-12435  
-1  12  22            0.877          3           2.981         64          64.001          25.047         -57.928       -9068.000        2377.000      -13636.000        3311.000       -8726.000        8355.000       -8871.000         314.000 
-12435  
-1  22  23          -48.243         12          12.044         64          63.975          23.851         -52.986       -3096.000       19443.000        8623.000      -13701.000      -17580.000       15168.000       19625.000        4011.000 
-12435  
-1  12  24            1.450          3           2.994         64          64.015          25.360         -57.796       -8957.000        2717.000      -13674.000        3446.000       -8893.000        8248.000       -9575.000          27.000 
-12435  
-1  22  25          -47.867         12          12.040         64          64.011          23.714         -53.069       -1748.000       20233.000        7675.000      -13712.000      -16304.000       15737.000       19219.000        4188.000 
-12435  
-1  12  26            1.070          3           2.975         64          64.009          24.928         -57.982       -9075.000        2836.000      -13889.000        3493.000       -8200.000        7920.000       -8805.000         507.000 
-12435  
-1  22  27          -48.177         12          12.043         64          63.995          23.661         -53.099        2450.000       19615.000        3727.000      -14763.000      -12431.000       18168.000       21022.000        -297.000 
-12435  
-1  12  28            0.980          3           2.976         64          63.983          24.863         -57.869       -9478.000        2745.000      -13636.000        3525.000       -8070.000        8611.000       -9027.000          73.000 
-12435  
-1  22  29          -47.817         12          12.036         64          63.992          23.854         -52.904        1955.000       19690.000        4389.000      -15336.000      -14048.000       19293.000       20118.000        -408.000 
-12435  
-1  12  30            1.653          3           2.967         64          64.019          24.714         -58.062       -8964.000        3381.000      -13195.000        3056.000       -8712.000        7840.000       -9027.000         149.000 
-12435  
-1  22  31          -48.283         12          12.041         64          63.994          23.874         -52.813       -2302.000       20302.000        7758.000      -14309.000      -17557.000       16624.000       19492.000        2800.000 
-12435  
-1  12  32            1.200          3           2.992         64          63.998          24.910         -57.819       -9083.000        2971.000      -13764.000        3183.000       -8583.000        8304.000       -9431.000         310.000 
-12435  
-1  22  33          -47.537         12          12.037         64          63.983          23.690         -52.848        -149.000       20544.000        5453.000      -14508.000      -16969.000       16705.000       20114.000        2711.000 
-12435  
-1  12  34            1.157          3           2.963         64          64.001          25.118         -57.978       -8858.000        2651.000      -13690.000        3514.000       -8649.000        8228.000       -8711.000         196.000 
-12435  
-1  22  35          -48.287         12          12.044         64          64.014          23.839         -52.831       -2133.000       20422.000        7426.000      -15192.000      -16439.000       16305.000       19865.000        3099.000 
-12435  
-1  12  36            1.150          3           2.984         64          63.995          25.037         -57.829       -9255.000        3066.000      -13873.000        3704.000       -7959.000        8291.000       -9370.000         484.000 
-12435  
-1  22  37          -48.480         12          12.050         64          63.973          23.686         -53.070       -1028.000       19875.000        6121.000      -14988.000      -15804.000       15768.000       20017.000        1512.000 
-12435  
-1  12  38            0.977          3           2.986         64          64.001          25.407         -57.625       -9415.000        3433.000      -13737.000        3263.000       -8832.000        8800.000       -9504.000         915.000 
-12435  
-1  22  39          -48.233         12          12.039         64          64.008          23.831         -52.897        -810.000       20711.000        6252.000      -14123.000      -16181.000       17206.000       19785.000        2314.000 
-12435  
-1  12  40            1.100          3           2.969         64          63.985          25.541         -57.663       -9416.000        2680.000      -13947.000        3537.000       -8886.000        8424.000       -9419.000         331.000 
-12435  
-1  22  41          -48.357         12          12.046         64          64.005          24.027         -53.107         -79.000       19551.000        6704.000      -14626.000      -14986.000       16455.000       20222.000         959.000 
-12435  
-1  12  42            1.010          3           2.992         64          63.996          25.046         -57.849       -8805.000        3049.000      -13965.000        3104.000       -8616.000        8338.000       -9121.000         666.000 
-12435  
-1  22  43          -48.757         12          12.064         64          63.996          23.588         -52.983       -1625.000       19915.000        6860.000      -14292.000      -15702.000       16656.000       20301.000        2123.000 
-12435  
-1  12  44            1.177          3           2.983         64          64.016          24.941         -57.785       -9300.000        3255.000      -13986.000        3500.000       -8195.000        8373.000       -9181.000         406.000 
-12435  
-1  22  45          -48.373         12          12.029         64          64.007          23.991         -52.862         842.000       20616.000        5639.000      -14563.000      -15165.000       17931.000       20373.000         272.000 
-12435  
-1  12  46            1.340          3           2.962         64          64.005          25.577         -57.764       -9391.000        2862.000      -13781.000        3441.000       -8832.000        8245.000       -9222.000          29.000 
-12435  
-1  22  47          -47.783         12          12.043         64          63.995          23.676         -52.890       -1129.000       19269.000        7031.000      -15104.000      -16336.000       17001.000       20319.000        2600.000 
-12435  
-1  12  48            1.673          3           2.969         64          63.991          25.069         -57.853       -9136.000        3342.000      -13639.000        3466.000       -8524.000        8169.000       -9297.000          -2.000 
-12435  
-1  22  49          -47.650         12          12.048         64          64.021          23.777         -52.926        2173.000       20138.000        5200.000      -15229.000      -13844.000       19185.000       19571.000         114.000 
-12435  
-1  12  50            1.407          3           2.978         64          64.001          25.159         -57.869       -9037.000        3323.000      -13516.000        3923.000       -8532.000        8640.000       -8846.000         266.000 
-12435  
-1  22  51          -48.080         12          12.054         64          64.012          24.208         -52.832       -2043.000       19908.000        8642.000      -13707.000      -17223.000       15805.000       20570.000        3830.000 
-12435  
-1  12  52            1.397          3           2.970         64          64.009          25.065         -57.948       -8812.000        3532.000      -13362.000        3566.000       -8480.000        8276.000       -9215.000         744.000 
-12435  
-1  22  53          -48.657         12          12.063         64          63.997          23.688         -52.987        -405.000       20319.000        5071.000      -14708.000      -14995.000       17578.000       19995.000        1031.000 
-12435  
-1  12  54            1.467          3           2.973         64          64.000          25.222         -57.966       -8977.000        3366.000      -13420.000        3662.000       -8233.000        8430.000       -8991.000         183.000 
-12435  
-1  22  55          -48.490         12          12.027         64          63.975          23.843         -52.860       -1294.000       19936.000        7631.000      -14073.000      -16556.000       16964.000       20398.000        1826.000 
-12435  
-1  12  56            1.250          3           2.970         64          64.025          24.857         -57.999       -8812.000        3017.000      -13603.000        3027.000       -8599.000        7922.000       -9133.000         432.000 
-12435  
-1  22  57          -48.643         12          12.047         64          64.012          23.904         -52.909       -1527.000       20245.000        6824.000      -15029.000      -15777.000       16445.000       20258.000        2011.000 
-12435  
-1  12  58            1.683          3           2.969         64          64.012          25.025         -58.025       -8992.000        3510.000      -13270.000        3729.000       -8202.000        8139.000       -9029.000         201.000 
-12435  
-1  22  59          -48.477         12          12.040         64          63.986          23.845         -53.010       -1704.000       20835.000        7748.000      -13475.000      -16790.000       15148.000       19581.000        2781.000 
-12435  
-1  12  60            1.113          3           3.004         64          63.986          25.062         -57.893       -8940.000        2919.000      -13932.000        3243.000       -8092.000        8500.000       -9103.000          75.000 
-12435  
-1  22  61          -48.350         12          12.015         64          64.004          23.964         -52.844        1106.000       20542.000        4921.000      -14466.000      -13920.000       18726.000       21001.000         881.000 
-12435  
-1  12  62            1.153          3           2.964         64          64.009          24.875         -57.914       -9237.000        3177.000      -13338.000        2976.000       -8343.000        8149.000       -9629.000         559.000 
-12435  
-1  22  63          -48.110         12          12.054         64          63.981          23.903         -53.056        -572.000       19554.000        6458.000      -14297.000      -15342.000       16815.000       20312.000        2262.000 
-12435  
-1  12  64            0.883          3           2.980         64          64.003          25.106         -57.953       -8742.000        3120.000      -13688.000        3086.000       -8288.000        8465.000       -9089.000         824.000 
-12435  
-1  22  65          -48.723         12          12.038         64          64.001          24.076         -52.791       -1524.000       20571.000        7749.000      -14780.000      -15096.000       17099.000       20782.000        2605.000 
-12435  
-1  12  66            1.057          3           2.962         64          63.984          25.406         -57.674       -9876.000        2999.000      -13804.000        3144.000       -8669.000        8502.000       -9266.000         141.000 
-12435  
-1  22  67          -48.787         12          12.040         64          64.002          23.764         -52.985        -924.000       20284.000        6736.000      -14297.000      -15821.000       16337.000       20242.000        1202.000 
-12435  
-1  12  68            1.060          3           2.961         64          64.001          24.915         -58.042       -9269.000        2901.000      -13204.000        3549.000       -8451.000        8249.000       -8682.000         445.000 
-12435  
-1  22  69          -47.840         12          12.050         64          64.012          23.816         -52.893        -669.000       20135.000        7211.000      -14356.000      -16001.000       16794.000       20330.000        3022.000 
-12435  
-1  12  70            1.557          3           2.970         64          64.002          24.656         -58.118       -8972.000        2939.000      -13162.000        2851.000       -8576.000        7805.000       -9097.000        -206.000 
-12435  
-1  22  71          -47.957         12          12.062         64          64.000          23.744         -52.783        -356.000       20688.000        6896.000      -14766.000      -16731.000       16937.000       20059.000        1820.000 
-12435  
-1  12  72            1.517          3           2.965         64          64.021          24.934         -58.000       -9175.000        3160.000      -13690.000        2989.000       -8978.000        7580.000       -8519.000          94.000 
-12435  
-1  22  73          -48.537         12          12.035         64          63.989          23.651         -52.849       -1627.000       19813.000        6858.000      -14709.000      -15754.000       17039.000       20910.000        2567.000 
-12435  
-1  12  74            1.317          3           2.978         64          63.993          24.874         -57.898       -8953.000        2950.000      -13712.000        3725.000       -8163.000        8256.000       -9351.000         306.000 
-12435  
-1  22  75          -48.000         12          12.058         64          64.010          23.459         -53.142        -421.000       19761.000        7439.000      -14831.000      -15064.000       16567.000       19070.000        1748.000 
-12435  
-1  12  76            1.007          3           2.964         64          64.023          25.035         -57.814       -9352.000        3111.000      -13503.000        3638.000       -8479.000        8599.000       -9169.000         706.000 
-12435  
-1  22  77          -48.297         12          12.042         64          63.990          23.837         -53.151        -947.000       19365.000        7104.000      -14502.000      -15036.000       16915.000       19459.000        1826.000 
-12435  
-1  12  78            1.287          3           2.986         64          64.001          25.071         -57.915       -9204.000        3178.000      -13425.000        3859.000       -8403.000        8455.000       -8887.000         351.000 
-12435  
-1  22  79          -48.183         12          12.053         64          63.997          23.728         -52.923       -1488.000       19944.000        7548.000      -13988.000      -16417.000       16655.000       20126.000        2956.000 
-12435  
-1  12  80            1.040          3           2.994         64          64.006          25.060         -57.886       -9084.000        2936.000      -13927.000        3412.000       -8014.000        8543.000       -8973.000         173.000 
-12435  
-1  22  81          -48.380         12          12.063         64          64.008          23.826         -52.867        -192.000       19747.000        7127.000      -15280.000      -15244.000       17496.000       20522.000         630.000 
-12435  
-1  12  82            1.270          3           2.966         64          64.016          25.079         -58.001       -8840.000        3165.000      -13445.000        3666.000       -8415.000        8289.000       -8884.000         519.000 
-12435  
-1  22  83          -48.237         12          12.064         64          63.993          24.078         -52.899        -267.000       21163.000        6540.000      -15007.000      -15564.000       16955.000       19342.000        1536.000 
-12435  
-1  12  84            1.263          3           2.958         64          64.000          25.455         -57.857       -9153.000        2478.000      -13460.000        3598.000       -8873.000        8212.000       -9366.000         135.000 
-12435  
-1  22  85          -48.130         12          12.051         64          64.012          23.825         -53.056        -909.000       19829.000        7571.000      -14582.000      -15622.000       16481.000       19508.000        2099.000 
-12435  
-1  12  86            1.077          3           2.977         64          63.998          25.149         -57.865       -9265.000        3611.000      -13788.000        3202.000       -8545.000        8371.000       -8614.000         697.000 
-12435  
-1  22  87          -48.993         12          12.049         64          63.990          23.495         -53.132       -2927.000       19914.000        6740.000      -13705.000      -16291.000       14866.000       20025.000        3394.000 
-12435  
-1  12  88            1.320          3           2.976         64          63.988          25.041         -57.977       -8619.000        3385.000      -13728.000        3580.000       -8167.000        8325.000       -8971.000         545.000 
-12435  
-1  22  89          -47.897         12          12.054         64          63.997          23.729         -52.926        1774.000       19641.000        5206.000      -15603.000      -13885.000       18772.000       20181.000        -370.000 
-12435  
-1  12  90            1.253          3           2.950         64          64.021          24.913         -57.894       -9098.000        2955.000      -13542.000        3827.000       -8254.000        8255.000       -9356.000         487.000 
-12435  
-1  22  91          -48.420         12          12.043         64          63.999          23.759         -52.939       -1628.000       20337.000        7617.000      -13850.000      -16137.000       16515.000       19988.000        2946.000 
-12435  
-1  12  92            1.337          3           2.957         64          64.001          25.155         -57.937       -8814.000        3587.000      -13509.000        3285.000       -8346.000        8294.000       -9261.000         669.000 
-12435  
-1  22  93          -48.307         12          12.071         64          63.991          23.955         -52.859       -1452.000       19765.000        6489.000      -15077.000      -16335.000       16580.000       20689.000        2260.000 
-12435  
-1  12  94            1.497          3           2.985         64          64.009          25.022         -57.986       -8570.000        3297.000      -13769.000        2917.000       -8238.000        8095.000       -9329.000          99.000 
-12435  
-1  22  95          -48.733         12          12.050         64          63.984          24.107         -53.113       -2245.000       19599.000        7962.000      -12979.000      -16510.000       14784.000       20534.000        3244.000 
-12435  
-1  12  96            1.153          3           3.001         64          64.003          24.854         -57.905       -9047.000        3025.000      -13699.000        3355.000       -7983.000        8386.000       -9392.000         298.000 
-12435  
-1  22  97          -48.767         12          12.033         64          63.983          23.921         -52.925       -2318.000       20120.000        8129.000      -14101.000      -16023.000       16004.000       20377.000        3055.000 
-12435  
-1  12  98            1.383          3           2.967         64          63.994          25.087         -57.727       -9470.000        3365.000      -13588.000        2918.000       -8978.000        8356.000       -9441.000         135.000 
-12435  
-1  22  99          -48.427         12          12.053         64          64.015          23.960         -52.824       -2400.000       20507.000        7485.000      -14575.000      -16686.000       16092.000       20147.000        3506.000 
-12435  
