-1  12  1           16.257          4           4.271         64          64.007          29.402         -52.570       14871.000      -10135.000       17537.000        8613.000       11485.000       13164.000       -9252.000       25563.000 
-12435  
-1  22  2           14.007         12          11.962         64          63.999          40.433         -36.061      -76111.000      -83955.000       21317.000     -138771.000       50340.000     -115676.000      170954.000      -25095.000 
-12435  
-1  12  3           16.270          4           4.268         64          64.000          29.410         -52.513       15183.000      -10415.000       17831.000        8974.000       10727.000       13097.000       -9015.000       25837.000 
-12435  
-1  22  4           14.010         12          11.963         64          64.001          40.910         -36.047      -89945.000      -68553.000       -4961.000     -140428.000       29134.000     -122790.000      164344.000      -55810.000 
-12435  
-1  12  5           16.170          4           4.258         64          64.001          29.356         -52.553       14982.000      -10561.000       18100.000        8080.000       11414.000       12657.000       -8070.000       25926.000 
-12435  
-1  22  6           14.013         12          11.961         64          64.003          40.587         -36.051      -83934.000      -75799.000        7627.000     -140552.000       41030.000     -119353.000      168202.000      -40924.000 
-12435  
-1  12  7           16.117          4           4.269         64          64.003          29.541         -52.469       15155.000       -9821.000       18027.000        9371.000       11172.000       13172.000       -9530.000       25748.000 
-12435  
-1  22  8           14.017         12          11.959         64          64.002          40.666         -36.076      -78349.000      -80952.000       15846.000     -139261.000       47903.000     -117010.000      169907.000      -29351.000 
-12435  
-1  12  9           16.073          4           4.260         64          64.007          29.380         -52.525       15150.000       -9449.000       17758.000        9486.000       10881.000       12889.000       -9560.000       25843.000 
-12435  
-1  22  10           14.010         12          11.962         64          64.002          40.369         -36.064      -79498.000      -81087.000       15141.000     -139113.000       47359.000     -116837.000      169985.000      -31610.000 
-12435  
-1  12  11           16.187          4           4.266         64          63.992          29.757         -52.513       15254.000      -10253.000       17830.000        8848.000       11377.000       12479.000       -9162.000       25881.000 
-12435  
-1  22  12           14.017         12          11.962         64          63.999          40.513         -36.070      -83093.000      -76501.000        9659.000     -140147.000       41623.000     -118324.000      168708.000      -38385.000 
-12435  
-1  12  13           16.270          4           4.266         64          64.004          29.360         -52.489       15334.000      -10083.000       17837.000        9083.000       10904.000       13363.000       -9564.000       25619.000 
-12435  
-1  22  14           14.010         12          11.961         64          64.002          40.502         -36.044      -82200.000      -78322.000       10853.000     -139829.000       42928.000     -119248.000      169175.000      -37180.000 
-12435  
-1  12  15           16.230          4           4.263         64          63.996          29.307         -52.593       14545.000       -9866.000       17325.000        8948.000       11379.000       13161.000       -9597.000       25628.000 
-12435  
-1  22  16           14.013         12          11.962         64          64.003          40.389         -36.059      -82821.000      -76222.000        8471.000     -140072.000       40975.000     -120504.000      168081.000      -39360.000 
-12435  
-1  12  17           16.513          4           4.265         64          64.008          29.415         -52.512       14692.000      -10556.000       17981.000        7992.000       11561.000       12700.000       -9020.000       26129.000 
-12435  
-1  22  18           14.007         12          11.961         64          64.003          40.688         -36.077      -75276.000      -83803.000       20675.000     -138420.000       51187.000     -115741.000      170642.000      -24902.000 
-12435  
-1  12  19           16.193          4           4.264         64          64.009          29.741         -52.484       14308.000      -10464.000       18049.000        8275.000       11984.000       13254.000       -8545.000       26156.000 
-12435  
-1  22  20           14.010         12          11.962         64          64.003          40.391         -36.059      -78143.000      -82291.000       17690.000     -138852.000       48156.000     -116839.000      170626.000      -28395.000 
-12435  
-1  12  21           16.150          4           4.266         64          63.995          29.484         -52.447       15274.000       -9824.000       17932.000        8748.000       11024.000       12788.000       -9319.000       26463.000 
-12435  
-1  22  22           14.007         12          11.962         64          64.001          40.641         -36.067      -75820.000      -83303.000       20006.000     -139310.000       50030.000     -115787.000      170675.000      -26028.000 
-12435  
-1  12  23           16.373          4           4.271         64          63.994          29.254         -52.607       15168.000      -10267.000       18065.000        8977.000       10544.000       13385.000       -9137.000       24878.000 
-12435  
-1  22  24           14.007         12          11.963         64          64.003          40.414         -36.079      -84662.000      -74045.000        6042.000     -140330.000       37310.000     -120699.000      166530.000      -43944.000 
-12435  
-1  12  25           16.083          4           4.268         64          64.005          29.513         -52.608       14894.000       -9613.000       17447.000        8667.000       11375.000       12657.000       -9033.000       25876.000 
-12435  
-1  22  26           14.007         12          11.962         64          64.003          40.460         -36.088      -80066.000      -79152.000       13564.000     -139116.000       45224.000     -117672.000      169002.000      -34246.000 
-12435  
-1  12  27           16.040          4           4.269         64          64.003          29.605         -52.632       14691.000       -9603.000       18050.000        8539.000       11363.000       12893.000       -8389.000       25544.000 
-12435  
-1  22  28           14.013         12          11.962         64          64.002          40.451         -36.037      -86725.000      -71619.000        1987.000     -141464.000       35610.000     -122411.000      165961.000      -48012.000 
-12435  
-1  12  29           16.070          4           4.265         64          63.999          29.565         -52.431       15558.000       -9541.000       17564.000        9518.000       10714.000       13447.000       -9499.000       26243.000 
-12435  
-1  22  30           14.003         12          11.961         64          64.003          40.691         -36.069      -92336.000      -65700.000       -8473.000     -139238.000       25039.000     -123513.000      161882.000      -61519.000 
-12435  
-1  12  31           16.663          4           4.273         64          63.997          29.226         -52.565       14597.000      -10756.000       17842.000        8377.000       10913.000       12586.000       -9072.000       25973.000 
-12435  
-1  22  32           14.010         12          11.960         64          64.002          40.256         -36.095      -83659.000      -75086.000        7260.000     -140058.000       38977.000     -120462.000      166284.000      -41532.000 
-12435  
-1  12  33           16.080          4           4.266         64          63.999          29.506         -52.625       14843.000       -9799.000       17627.000        8514.000       11042.000       12478.000       -8476.000       26054.000 
-12435  
-1  22  34           14.010         12          11.960         64          64.001          40.629         -36.039      -83235.000      -77849.000        9630.000     -140223.000       42130.000     -118982.000      169005.000      -38508.000 
-12435  
-1  12  35           16.183          4           4.272         64          64.001          29.664         -52.521       14894.000       -9835.000       18020.000        9207.000       10553.000       13162.000       -9367.000       25870.000 
-12435  
-1  22  36           14.010         12          11.960         64          63.999          40.764         -36.051      -74815.000      -83906.000       21684.000     -139180.000       51467.000     -115765.000      171512.000      -23499.000 
-12435  
-1  12  37           16.347          4           4.265         64          63.997          29.394         -52.618       14822.000      -10393.000       17673.000        9147.000       10823.000       12942.000       -9173.000       25265.000 
-12435  
-1  22  38           14.017         12          11.961         64          64.003          40.608         -36.071      -83304.000      -76198.000        8145.000     -140221.000       41139.000     -119254.000      167942.000      -39427.000 
-12435  
-1  12  39           16.497          4           4.255         64          64.010          29.667         -52.550       14615.000      -10721.000       18275.000        8414.000       10803.000       12787.000       -8668.000       25869.000 
-12435  
-1  22  40           14.017         12          11.959         64          64.005          40.632         -36.078      -84712.000      -74849.000        6556.000     -139658.000       38950.000     -120341.000      167222.000      -41593.000 
-12435  
-1  12  41           16.087          4           4.268         64          63.999          29.483         -52.487       15537.000       -9459.000       17545.000        9577.000       10465.000       13251.000       -9608.000       25998.000 
-12435  
-1  22  42           14.013         12          11.962         64          64.003          40.418         -36.062      -79757.000      -79992.000       15847.000     -139161.000       46697.000     -118028.000      169770.000      -31653.000 
-12435  
-1  12  43           16.157          4           4.271         64          64.008          29.626         -52.478       15129.000      -10657.000       18111.000        8355.000       11620.000       12912.000       -8242.000       26030.000 
-12435  
-1  22  44           14.017         12          11.964         64          64.000          40.419         -36.065      -82334.000      -78631.000       12503.000     -139558.000       43102.000     -118177.000      169168.000      -34938.000 
-12435  
-1  12  45           16.067          4           4.263         64          64.002          29.334         -52.505       15808.000       -9380.000       17433.000        8850.000       11067.000       13606.000       -9304.000       25731.000 
-12435  
-1  22  46           14.007         12          11.959         64          64.002          40.676         -36.063      -81667.000      -77095.000       11336.000     -139275.000       42409.000     -120312.000      168623.000      -37890.000 
-12435  
-1  12  47           16.233          4           4.263         64          64.008          29.421         -52.576       14753.000      -10432.000       18105.000        8133.000       11657.000       12501.000       -8588.000       25713.000 
-12435  
-1  22  48           14.007         12          11.960         64          64.003          40.539         -36.057      -84045.000      -75922.000        6991.000     -140050.000       39130.000     -119426.000      168426.000      -41804.000 
-12435  
-1  12  49           16.160          4           4.274         64          64.008          29.414         -52.599       14823.000       -9966.000       17888.000        8933.000       11085.000       12934.000       -9081.000       25435.000 
-12435  
-1  22  50           14.017         12          11.960         64          64.000          40.382         -36.070      -83638.000      -74744.000        7325.000     -140726.000       39446.000     -119404.000      168040.000      -40960.000 
-12435  
-1  12  51           16.370          4           4.269         64          64.007          29.437         -52.557       15095.000      -10040.000       17484.000        8756.000       10814.000       13430.000       -9557.000       25602.000 
-12435  
-1  22  52           14.010         12          11.959         64          64.001          40.596         -36.071      -78737.000      -81058.000       14754.000     -139072.000       46222.000     -118065.000      169635.000      -31115.000 
-12435  
-1  12  53           16.227          4           4.270         64          63.996          29.534         -52.474       15349.000      -11168.000       17539.000        8405.000       11708.000       12727.000       -8124.000       26176.000 
-12435  
-1  22  54           14.010         12          11.967         64          64.001          40.478         -36.047      -93071.000      -64675.000      -10548.000     -140571.000       23990.000     -123905.000      161308.000      -62508.000 
-12435  
-1  12  55           16.200          4           4.271         64          63.999          29.432         -52.468       15391.000      -10088.000       17595.000        9130.000       11211.000       13660.000       -9481.000       25641.000 
-12435  
-1  22  56           14.023         12          11.960         64          64.000          40.698         -36.064      -77590.000      -81472.000       18789.000     -139538.000       49843.000     -116075.000      170662.000      -26724.000 
-12435  
-1  12  57           16.177          4           4.278         64          63.993          29.596         -52.499       15006.000      -10442.000       18039.000        8486.000       11453.000       12728.000       -8607.000       26073.000 
-12435  
-1  22  58           14.010         12          11.961         64          64.003          40.478         -36.073      -76287.000      -83273.000       19805.000     -138734.000       50182.000     -116097.000      170491.000      -25539.000 
-12435  
-1  12  59           16.033          4           4.275         64          63.994          29.494         -52.517       15202.000       -9558.000       17499.000        9606.000       11067.000       13252.000       -9181.000       25847.000 
-12435  
-1  22  60           14.010         12          11.962         64          64.003          40.404         -36.069      -76797.000      -83230.000       20441.000     -138768.000       49942.000     -115853.000      170597.000      -25788.000 
-12435  
-1  12  61           16.220          4           4.260         64          64.007          29.948         -52.423       15076.000      -10766.000       18383.000        8521.000       11160.000       13660.000       -8250.000       26019.000 
-12435  
-1  22  62           14.013         12          11.960         64          64.002          40.492         -36.075      -81170.000      -78770.000       11615.000     -139718.000       42546.000     -118768.000      168767.000      -34967.000 
-12435  
-1  12  63           16.130          4           4.262         64          64.002          29.409         -52.598       15156.000      -10052.000       17882.000        8857.000       10725.000       12783.000       -8659.000       25615.000 
-12435  
-1  22  64           14.010         12          11.959         64          63.997          40.443         -36.044      -84033.000      -76463.000        7478.000     -140622.000       40273.000     -120620.000      167368.000      -41297.000 
-12435  
-1  12  65           16.363          4           4.266         64          63.999          29.560         -52.560       14393.000      -10302.000       18295.000        8164.000       10624.000       12584.000       -8683.000       26320.000 
-12435  
-1  22  66           14.010         12          11.962         64          64.001          40.529         -36.056      -83643.000      -76191.000        8218.000     -140415.000       40129.000     -119711.000      168125.000      -40324.000 
-12435  
-1  12  67           16.227          4           4.268         64          63.994          29.614         -52.471       15285.000      -10162.000       17814.000        9263.000       10851.000       13521.000       -9415.000       25712.000 
-12435  
-1  22  68           14.010         12          11.963         64          64.002          40.424         -36.058      -84585.000      -74862.000        5645.000     -140255.000       37222.000     -120558.000      167725.000      -43202.000 
-12435  
-1  12  69           16.203          4           4.260         64          64.005          29.953         -52.502       14949.000      -10232.000       18098.000        9200.000       11277.000       12621.000       -9359.000       25751.000 
-12435  
-1  22  70           14.020         12          11.962         64          64.003          40.759         -36.069      -85147.000      -74419.000        4664.000     -140460.000       38328.000     -120608.000      166682.000      -42878.000 
-12435  
-1  12  71           16.233          4           4.271         64          64.005          29.830         -52.451       15346.000      -10116.000       17470.000        8986.000       10729.000       13467.000       -9369.000       26273.000 
-12435  
-1  22  72           14.017         12          11.961         64          64.002          40.417         -36.059      -81946.000      -76734.000        9310.000     -140483.000       40892.000     -119657.000      168952.000      -37528.000 
-12435  
-1  12  73           16.080          4           4.258         64          63.990          29.393         -52.509       15285.000       -9795.000       17725.000        9294.000       10891.000       13648.000       -9025.000       25652.000 
-12435  
-1  22  74           14.010         12          11.960         64          64.001          40.524         -36.086      -78973.000      -80688.000       16039.000     -138953.000       46705.000     -117228.000      169360.000      -30914.000 
-12435  
-1  12  75           16.377          4           4.267         64          64.000          29.094         -52.682       14522.000      -10247.000       18150.000        8044.000       10874.000       12564.000       -8636.000       25389.000 
-12435  
-1  22  76           14.010         12          11.963         64          64.001          40.581         -36.057      -85899.000      -74617.000        4083.000     -140446.000       36500.000     -121067.000      166503.000      -44629.000 
-12435  
-1  12  77           16.093          4           4.271         64          64.000          29.726         -52.577       15027.000       -9993.000       18036.000        8095.000       11349.000       12134.000       -8326.000       26178.000 
-12435  
-1  22  78           14.007         12          11.960         64          64.001          40.498         -36.089      -75498.000      -83652.000       21504.000     -138337.000       51700.000     -114967.000      170314.000      -25011.000 
-12435  
-1  12  79           16.263          4           4.256         64          64.010          29.311         -52.492       15483.000       -9859.000       17210.000        9217.000       10580.000       13335.000       -9904.000       25992.000 
-12435  
-1  22  80           14.007         12          11.961         64          64.001          40.458         -36.043      -79206.000      -80559.000       14613.000     -140612.000       46417.000     -118514.000      169232.000      -32539.000 
-12435  
-1  12  81           16.180          4           4.263         64          64.004          29.842         -52.547       14423.000      -10274.000       18162.000        8807.000       11034.000       12287.000       -8731.000       26250.000 
-12435  
-1  22  82           14.007         12          11.962         64          64.003          40.239         -36.055      -84460.000      -75841.000        7941.000     -140417.000       39958.000     -119554.000      167674.000      -41916.000 
-12435  
-1  12  83           16.737          4           4.276         64          64.009          29.361         -52.510       14686.000      -11012.000       18061.000        8192.000       11039.000       13041.000       -8927.000       25927.000 
-12435  
-1  22  84           14.017         12          11.959         64          64.000          40.400         -36.060      -88817.000      -68846.000       -2210.000     -140103.000       32130.000     -122754.000      164864.000      -52992.000 
-12435  
-1  12  85           16.120          4           4.253         64          64.004          29.410         -52.558       15422.000       -9766.000       17027.000        9474.000       10674.000       13891.000       -9367.000       25437.000 
-12435  
-1  22  86           14.017         12          11.959         64          64.000          40.559         -36.047      -92876.000      -65436.000       -9317.000     -140429.000       24885.000     -123865.000      162064.000      -60326.000 
-12435  
-1  12  87           16.213          4           4.275         64          64.003          29.293         -52.597       15580.000       -9843.000       17398.000        8736.000       10727.000       12897.000       -9366.000       25522.000 
-12435  
-1  22  88           14.017         12          11.960         64          64.001          40.398         -36.058      -78978.000      -81049.000       16706.000     -139243.000       48893.000     -116856.000      170180.000      -29991.000 
-12435  
-1  12  89           16.167          4           4.259         64          64.003          29.223         -52.591       14845.000      -10526.000       17840.000        8847.000       11021.000       12634.000       -8376.000       25741.000 
-12435  
-1  22  90           14.020         12          11.962         64          64.000          40.515         -36.089      -78633.000      -80038.000       15999.000     -139846.000       46345.000     -117331.000      169220.000      -29632.000 
-12435  
-1  12  91           16.137          4           4.272         64          64.002          29.520         -52.447       14815.000      -10733.000       18883.000        8226.000       11403.000       12577.000       -7834.000       26297.000 
-12435  
-1  22  92           14.013         12          11.962         64          64.003          40.818         -36.065      -70797.000      -87902.000       30293.000     -137488.000       58218.000     -112510.000      171659.000      -13578.000 
-12435  
-1  12  93           16.267          4           4.268         64          64.010          29.790         -52.634       14477.000      -10606.000       18194.000        8156.000       11327.000       12430.000       -8222.000       25575.000 
-12435  
-1  22  94           14.010         12          11.958         64          64.004          40.647         -36.056      -77217.000      -82805.000       18446.000     -138903.000       49529.000     -116485.000      170904.000      -27182.000 
-12435  
-1  12  95           16.107          4           4.264         64          63.995          29.791         -52.521       15195.000      -10039.000       17411.000        8884.000       11315.000       13353.000       -8869.000       25905.000 
-12435  
-1  22  96           14.013         12          11.961         64          64.001          40.644         -36.068      -80117.000      -79979.000       15129.000     -139556.000       46447.000     -118111.000      168861.000      -32396.000 
-12435  
-1  12  97           16.037          4           4.267         64          64.018          29.805         -52.536       15116.000       -9925.000       17680.000        9067.000       11449.000       13385.000       -8514.000       25673.000 
-12435  
-1  22  98           14.007         12          11.961         64          64.004          40.476         -36.068      -85015.000      -75259.000        4473.000     -140099.000       37847.000     -120569.000      166512.000      -44239.000 
-12435  
-1  12  99           16.217          4           4.263         64          63.995          29.441         -52.529       15446.000       -9412.000       17647.000        8946.000       10572.000       12915.000      -10027.000       25862.000 
-12435  
