-1  12  1           -0.820          4           4.296         64          64.006          50.653         -23.878       89008.000     -573083.000      -52590.000     -520672.000     -178413.000     -596318.000     -103794.000     -535240.000 
-12435  
-1  22  2           -0.077         12          12.008         64          64.006          41.154         -35.484      145671.000        3450.000      135239.000      -23098.000      156793.000      -59035.000      141285.000      -36989.000 
-12435  
-1  12  3           -0.820          4           4.297         64          64.002          50.391         -23.880       45776.000     -578385.000      -91036.000     -514971.000     -222757.000     -580840.000     -142923.000     -525881.000 
-12435  
-1  22  4           -0.110         12          12.009         64          63.997          41.018         -35.456      146002.000        6137.000      135676.000      -20705.000      157417.000      -57507.000      143099.000      -35789.000 
-12435  
-1  12  5           -0.823          4           4.297         64          63.997          50.710         -23.874       77318.000     -575198.000      -62014.000     -519511.000     -190014.000     -592777.000     -114327.000     -533827.000 
-12435  
-1  22  6           -0.057         12          12.007         64          63.999          40.827         -35.494      143151.000       27577.000      136136.000       -1606.000      164029.000      -32584.000      146056.000      -12732.000 
-12435  
-1  12  7           -0.810          4           4.296         64          64.001          50.962         -23.879      111745.000     -568891.000      -30746.000     -522424.000     -153400.000     -603060.000      -81671.000     -539130.000 
-12435  
-1  22  8           -0.087         12          12.009         64          64.006          40.950         -35.497      144558.000       16062.000      135443.000      -13565.000      160742.000      -47660.000      144104.000      -25251.000 
-12435  
-1  12  9           -0.827          4           4.297         64          64.005          50.850         -23.877       75928.000     -575574.000      -63717.000     -519414.000     -192065.000     -591529.000     -115725.000     -533057.000 
-12435  
-1  22  10           -0.067         12          12.007         64          64.003          41.054         -35.477      144785.000       10323.000      134902.000      -18536.000      159907.000      -52924.000      143811.000      -30689.000 
-12435  
-1  12  11           -0.823          4           4.297         64          64.002          50.883         -23.872       68704.000     -576570.000      -70206.000     -518647.000     -199064.000     -590283.000     -122676.000     -531357.000 
-12435  
-1  22  12           -0.077         12          12.006         64          63.999          41.056         -35.488      145159.000       19627.000      135914.000       -9391.000      161327.000      -41641.000      145176.000      -22537.000 
-12435  
-1  12  13           -0.820          4           4.297         64          63.999          50.897         -23.869       82652.000     -574209.000      -58116.000     -520454.000     -185260.000     -594976.000     -109716.000     -534992.000 
-12435  
-1  22  14           -0.080         12          12.007         64          64.002          41.278         -35.489      145499.000        9566.000      134637.000      -18971.000      158125.000      -53442.000      143857.000      -32458.000 
-12435  
-1  12  15           -0.830          4           4.297         64          64.002          51.390         -23.879       69221.000     -576144.000      -69430.000     -518284.000     -198746.000     -589132.000     -121924.000     -531744.000 
-12435  
-1  22  16           -0.083         12          12.008         64          64.006          40.992         -35.504      145483.000       12114.000      135690.000      -16236.000      159129.000      -50004.000      142723.000      -29357.000 
-12435  
-1  12  17           -0.813          4           4.297         64          64.002          50.218         -23.875       81724.000     -574825.000      -58164.000     -520062.000     -184975.000     -594576.000     -109836.000     -533825.000 
-12435  
-1  22  18           -0.090         12          12.010         64          64.004          40.841         -35.484      145869.000        1164.000      134779.000      -27679.000      154961.000      -62494.000      140265.000      -40667.000 
-12435  
-1  12  19           -0.813          4           4.297         64          64.001          50.807         -23.879       54976.000     -577729.000      -82452.000     -516339.000     -212360.000     -584744.000     -134692.000     -528438.000 
-12435  
-1  22  20           -0.073         12          12.011         64          64.000          41.013         -35.512      143791.000       25140.000      135899.000       -4197.000      162598.000      -35661.000      145285.000      -16223.000 
-12435  
-1  12  21           -0.830          4           4.297         64          64.001          51.076         -23.876       68604.000     -576124.000      -70222.000     -518544.000     -199278.000     -589832.000     -122939.000     -531345.000 
-12435  
-1  22  22           -0.040         12          12.009         64          64.001          41.161         -35.482      146727.000       -2244.000      133335.000      -28839.000      153961.000      -64297.000      140718.000      -41472.000 
-12435  
-1  12  23           -0.820          4           4.297         64          64.004          50.837         -23.877       80870.000     -574662.000      -59973.000     -519628.000     -186809.000     -593697.000     -111341.000     -533688.000 
-12435  
-1  22  24           -0.063         12          12.007         64          64.002          41.044         -35.498      143714.000       27047.000      136082.000       -1683.000      164225.000      -32508.000      145105.000      -13583.000 
-12435  
-1  12  25           -0.817          4           4.296         64          64.003          50.640         -23.875       67645.000     -576195.000      -71512.000     -518382.000     -200240.000     -589545.000     -123193.000     -531483.000 
-12435  
-1  22  26           -0.073         12          12.007         64          64.003          41.243         -35.499      145110.000       10353.000      134938.000      -18182.000      159238.000      -52310.000      142859.000      -30797.000 
-12435  
-1  12  27           -0.803          4           4.296         64          64.002          51.120         -23.873       62153.000     -576789.000      -76728.000     -518044.000     -205337.000     -587857.000     -128085.000     -530449.000 
-12435  
-1  22  28           -0.073         12          12.008         64          64.001          41.141         -35.487      145381.000       12652.000      135351.000      -16790.000      159646.000      -50819.000      143594.000      -28535.000 
-12435  
-1  12  29           -0.823          4           4.297         64          64.003          50.855         -23.874       92129.000     -572579.000      -49525.000     -521379.000     -175385.000     -597199.000     -101007.000     -536396.000 
-12435  
-1  22  30           -0.067         12          12.008         64          63.999          41.300         -35.496      145055.000       11574.000      134719.000      -16480.000      159037.000      -50665.000      144406.000      -29809.000 
-12435  
-1  12  31           -0.810          4           4.296         64          64.002          51.196         -23.873       87809.000     -573514.000      -52694.000     -520542.000     -178834.000     -596565.000     -104080.000     -535889.000 
-12435  
-1  22  32           -0.077         12          12.008         64          64.004          41.166         -35.494      143268.000       26924.000      135935.000       -2786.000      163824.000      -33787.000      145974.000      -14780.000 
-12435  
-1  12  33           -0.817          4           4.296         64          64.002          50.495         -23.875       51539.000     -578031.000      -85792.000     -515923.000     -216103.000     -583533.000     -138153.000     -528189.000 
-12435  
-1  22  34           -0.090         12          12.007         64          64.000          41.183         -35.481      145183.000       18185.000      135722.000      -10917.000      162199.000      -44298.000      143983.000      -23596.000 
-12435  
-1  12  35           -0.817          4           4.297         64          64.003          51.335         -23.870       78324.000     -575367.000      -61943.000     -519774.000     -189135.000     -593435.000     -113490.000     -533987.000 
-12435  
-1  22  36           -0.063         12          12.008         64          64.003          41.054         -35.483      146104.000       11281.000      135447.000      -15991.000      159171.000      -50863.000      143647.000      -28938.000 
-12435  
-1  12  37           -0.823          4           4.297         64          64.001          51.191         -23.876       88331.000     -573229.000      -52439.000     -520845.000     -178661.000     -596259.000     -104534.000     -535248.000 
-12435  
-1  22  38           -0.070         12          12.005         64          63.999          41.194         -35.473      146154.000       12438.000      135841.000      -16040.000      159963.000      -49530.000      143461.000      -28785.000 
-12435  
-1  12  39           -0.820          4           4.296         64          64.002          50.445         -23.879       74159.000     -575190.000      -65276.000     -519230.000     -193094.000     -590961.000     -117277.000     -532863.000 
-12435  
-1  22  40           -0.070         12          12.009         64          64.001          40.931         -35.475      145446.000       12213.000      135419.000      -16176.000      159467.000      -50401.000      144619.000      -29226.000 
-12435  
-1  12  41           -0.810          4           4.297         64          64.003          50.676         -23.871       66094.000     -576335.000      -72385.000     -518774.000     -201416.000     -589551.000     -124385.000     -531324.000 
-12435  
-1  22  42           -0.070         12          12.007         64          63.999          41.310         -35.462      145954.000       12698.000      135319.000      -15901.000      160731.000      -50030.000      143986.000      -28315.000 
-12435  
-1  12  43           -0.817          4           4.297         64          64.002          51.255         -23.873       60194.000     -577149.000      -78063.000     -517851.000     -208086.000     -587381.000     -129946.000     -529242.000 
-12435  
-1  22  44           -0.077         12          12.009         64          64.000          41.317         -35.472      145411.000        9665.000      134823.000      -18698.000      158865.000      -53553.000      144225.000      -32019.000 
-12435  
-1  12  45           -0.817          4           4.297         64          64.002          50.966         -23.878       54858.000     -577307.000      -82585.000     -516794.000     -212802.000     -584619.000     -134770.000     -528458.000 
-12435  
-1  22  46           -0.060         12          12.009         64          64.000          40.756         -35.478      143686.000       25482.000      136489.000       -3908.000      163307.000      -35053.000      146598.000      -15500.000 
-12435  
-1  12  47           -0.820          4           4.297         64          64.004          50.557         -23.875       76556.000     -575082.000      -63286.000     -519606.000     -191160.000     -592293.000     -114976.000     -533428.000 
-12435  
-1  22  48           -0.077         12          12.008         64          64.001          40.996         -35.507      143702.000       22633.000      136514.000       -6922.000      162144.000      -38956.000      144825.000      -18618.000 
-12435  
-1  12  49           -0.820          4           4.297         64          64.003          50.975         -23.873       55620.000     -577758.000      -82300.000     -516788.000     -212676.000     -585143.000     -134513.000     -528932.000 
-12435  
-1  22  50           -0.107         12          12.009         64          64.002          41.087         -35.472      146022.000         644.000      133600.000      -28285.000      154399.000      -64158.000      141370.000      -42394.000 
-12435  
-1  12  51           -0.823          4           4.296         64          64.002          50.892         -23.877       82913.000     -574283.000      -57254.000     -520161.000     -184735.000     -594290.000     -108947.000     -534279.000 
-12435  
-1  22  52           -0.067         12          12.008         64          63.999          41.069         -35.482      144229.000       21719.000      136316.000       -7435.000      162406.000      -39622.000      145785.000      -19433.000 
-12435  
-1  12  53           -0.810          4           4.296         64          64.002          51.595         -23.872       90578.000     -573180.000      -50870.000     -521256.000     -176835.000     -597027.000     -101410.000     -536358.000 
-12435  
-1  22  54           -0.057         12          12.009         64          64.002          41.116         -35.479      145563.000       11112.000      135451.000      -17455.000      158863.000      -51426.000      144335.000      -29574.000 
-12435  
-1  12  55           -0.820          4           4.296         64          64.003          51.066         -23.873       71952.000     -576003.000      -67761.000     -519501.000     -196116.000     -590859.000     -119364.000     -532123.000 
-12435  
-1  22  56           -0.077         12          12.006         64          64.001          40.880         -35.505      142841.000       27800.000      135163.000        -686.000      164314.000      -32372.000      146128.000      -13325.000 
-12435  
-1  12  57           -0.813          4           4.296         64          64.002          50.827         -23.872       82720.000     -574519.000      -57629.000     -520625.000     -184645.000     -594882.000     -108941.000     -534180.000 
-12435  
-1  22  58           -0.087         12          12.008         64          64.003          41.492         -35.496      144576.000       13219.000      135658.000      -15646.000      159776.000      -49748.000      143765.000      -28359.000 
-12435  
-1  12  59           -0.813          4           4.297         64          64.003          51.226         -23.873       70136.000     -576484.000      -69416.000     -518870.000     -197579.000     -590885.000     -120820.000     -531275.000 
-12435  
-1  22  60           -0.063         12          12.009         64          64.000          41.067         -35.478      144195.000       24771.000      136087.000       -5059.000      163052.000      -36824.000      146373.000      -16264.000 
-12435  
-1  12  61           -0.823          4           4.297         64          64.002          51.303         -23.876       51988.000     -577654.000      -85818.000     -516385.000     -216716.000     -583604.000     -137857.000     -527708.000 
-12435  
-1  22  62           -0.067         12          12.006         64          64.002          41.175         -35.498      144982.000       17523.000      135938.000      -11159.000      160918.000      -43916.000      144465.000      -23461.000 
-12435  
-1  12  63           -0.823          4           4.297         64          64.003          50.989         -23.875       88517.000     -573262.000      -52543.000     -520807.000     -178895.000     -595886.000     -104208.000     -535852.000 
-12435  
-1  22  64           -0.097         12          12.008         64          64.002          40.905         -35.484      145813.000       11848.000      136790.000      -16270.000      158475.000      -50672.000      143126.000      -30045.000 
-12435  
-1  12  65           -0.820          4           4.297         64          64.003          51.141         -23.878       60130.000     -576921.000      -77535.000     -517407.000     -207735.000     -586597.000     -129888.000     -529524.000 
-12435  
-1  22  66           -0.057         12          12.007         64          63.999          41.036         -35.487      145985.000        9531.000      134421.000      -19672.000      158107.000      -52763.000      143918.000      -32169.000 
-12435  
-1  12  67           -0.813          4           4.296         64          64.002          51.433         -23.872       78630.000     -575213.000      -60522.000     -520019.000     -188391.000     -593770.000     -112611.000     -533711.000 
-12435  
-1  22  68           -0.090         12          12.007         64          64.006          41.368         -35.472      145993.000       -6572.000      132046.000      -32313.000      152794.000      -70600.000      138856.000      -47484.000 
-12435  
-1  12  69           -0.830          4           4.297         64          64.001          51.004         -23.879       77894.000     -574547.000      -61859.000     -520090.000     -189751.000     -592261.000     -114211.000     -532979.000 
-12435  
-1  22  70           -0.047         12          12.008         64          64.003          41.213         -35.483      144925.000       16613.000      135624.000      -11678.000      161742.000      -43652.000      144998.000      -23827.000 
-12435  
-1  12  71           -0.820          4           4.297         64          64.002          50.754         -23.876       83606.000     -573624.000      -56952.000     -519959.000     -184093.000     -594846.000     -108566.000     -535090.000 
-12435  
-1  22  72           -0.063         12          12.008         64          64.000          41.097         -35.487      145883.000        6263.000      135027.000      -21950.000      157131.000      -56748.000      142349.000      -34287.000 
-12435  
-1  12  73           -0.837          4           4.296         64          64.003          50.901         -23.876       62466.000     -577282.000      -77050.000     -517688.000     -206773.000     -587052.000     -129190.000     -529451.000 
-12435  
-1  22  74           -0.053         12          12.007         64          64.002          41.162         -35.517      143733.000       22655.000      135885.000       -5903.000      161771.000      -37645.000      145662.000      -17615.000 
-12435  
-1  12  75           -0.820          4           4.297         64          64.002          51.094         -23.875       69044.000     -576143.000      -69690.000     -518603.000     -198726.000     -589733.000     -121814.000     -532110.000 
-12435  
-1  22  76           -0.073         12          12.008         64          64.002          41.300         -35.467      145967.000         899.000      134458.000      -26224.000      155280.000      -62847.000      141748.000      -39650.000 
-12435  
-1  12  77           -0.817          4           4.297         64          64.003          50.980         -23.874       67227.000     -575995.000      -71028.000     -518933.000     -200279.000     -589644.000     -123437.000     -531411.000 
-12435  
-1  22  78           -0.063         12          12.011         64          64.003          41.085         -35.476      145811.000       10901.000      135867.000      -17641.000      159066.000      -50981.000      143715.000      -30278.000 
-12435  
-1  12  79           -0.817          4           4.297         64          64.003          50.628         -23.871       88245.000     -573750.000      -52982.000     -520762.000     -179459.000     -596447.000     -103904.000     -535897.000 
-12435  
-1  22  80           -0.083         12          12.006         64          64.000          41.122         -35.483      143710.000       26653.000      136845.000       -2585.000      163544.000      -34667.000      145678.000      -14567.000 
-12435  
-1  12  81           -0.817          4           4.297         64          64.002          50.845         -23.874       71600.000     -575438.000      -67557.000     -519142.000     -196148.000     -591216.000     -119594.000     -532368.000 
-12435  
-1  22  82           -0.090         12          12.011         64          64.000          41.261         -35.491      145627.000       11409.000      135321.000      -17709.000      158514.000      -51577.000      143510.000      -30939.000 
-12435  
-1  12  83           -0.830          4           4.297         64          64.002          51.243         -23.876       90152.000     -573128.000      -50990.000     -521334.000     -177201.000     -596685.000     -103108.000     -535231.000 
-12435  
-1  22  84           -0.060         12          12.010         64          63.998          41.209         -35.463      144839.000       22133.000      136289.000       -6349.000      162870.000      -39172.000      146281.000      -18437.000 
-12435  
-1  12  85           -0.823          4           4.297         64          64.003          50.981         -23.873       97350.000     -572292.000      -44052.000     -521509.000     -169494.000     -599159.000      -95664.000     -537213.000 
-12435  
-1  22  86           -0.063         12          12.010         64          64.001          41.044         -35.509      146160.000       -4658.000      132220.000      -32877.000      151860.000      -67741.000      138795.000      -45577.000 
-12435  
-1  12  87           -0.817          4           4.296         64          64.002          50.838         -23.875       66687.000     -576443.000      -72455.000     -518748.000     -201302.000     -588862.000     -124020.000     -531066.000 
-12435  
-1  22  88           -0.053         12          12.009         64          63.999          41.213         -35.497      144870.000       21879.000      135493.000       -8063.000      161868.000      -38933.000      145569.000      -19556.000 
-12435  
-1  12  89           -0.830          4           4.297         64          64.003          51.249         -23.873       59213.000     -577059.000      -78906.000     -517348.000     -209703.000     -586761.000     -131616.000     -529509.000 
-12435  
-1  22  90           -0.063         12          12.011         64          64.003          41.036         -35.489      145313.000       10618.000      134428.000      -18634.000      158970.000      -52609.000      143980.000      -30684.000 
-12435  
-1  12  91           -0.823          4           4.297         64          64.002          50.658         -23.873       73531.000     -575515.000      -66441.000     -519387.000     -194395.000     -591438.000     -118472.000     -532862.000 
-12435  
-1  22  92           -0.050         12          12.010         64          63.999          41.019         -35.494      143840.000       26526.000      136707.000       -2866.000      163132.000      -33426.000      145723.000      -13882.000 
-12435  
-1  12  93           -0.813          4           4.297         64          64.002          51.201         -23.871       73711.000     -575764.000      -66154.000     -519334.000     -194150.000     -591834.000     -117528.000     -532883.000 
-12435  
-1  22  94           -0.070         12          12.007         64          64.002          41.044         -35.495      143426.000       27105.000      136503.000       -2698.000      163055.000      -33737.000      146121.000      -14282.000 
-12435  
-1  12  95           -0.820          4           4.297         64          64.002          50.877         -23.876       54671.000     -577570.000      -82839.000     -516448.000     -213370.000     -584526.000     -135230.000     -528851.000 
-12435  
-1  22  96           -0.070         12          12.011         64          64.003          41.248         -35.475      145494.000        1973.000      134534.000      -26596.000      156240.000      -61250.000      141262.000      -39273.000 
-12435  
-1  12  97           -0.830          4           4.297         64          64.002          50.492         -23.874       72392.000     -575878.000      -67048.000     -518866.000     -195775.000     -591498.000     -119487.000     -532011.000 
-12435  
-1  22  98           -0.080         12          12.011         64          64.000          40.990         -35.473      146085.000       12330.000      135816.000      -17151.000      158447.000      -50821.000      144432.000      -29963.000 
-12435  
-1  12  99           -0.820          4           4.297         64          64.002          50.761         -23.876       78074.000     -575274.000      -61495.000     -519620.000     -189038.000     -592862.000     -113534.000     -533467.000 
-12435  
