-1  22  1           43.193         12          11.922         64          63.972          27.087         -49.714      -19625.000        1646.000       18815.000      -27421.000        6967.000       29802.000      -18519.000      -24582.000 
-12435  
-1  12  2           45.017          4           4.295         64          63.996          31.652         -50.159      -22067.000        2929.000       15325.000      -20597.000         644.000       28970.000      -22038.000      -23851.000 
-12435  
-1  22  3           43.643         12          11.927         64          63.995          27.033         -49.742      -20196.000         377.000       20621.000      -24989.000        4823.000       30705.000      -15738.000      -26161.000 
-12435  
-1  12  4           44.770          4           4.293         64          64.006          32.004         -50.146      -21549.000        1053.000       16778.000      -19548.000       -1458.000       29401.000      -20522.000      -25315.000 
-12435  
-1  22  5           43.297         12          11.921         64          63.996          26.941         -49.675      -19894.000         830.000       20688.000      -26463.000        5253.000       30780.000      -15943.000      -25571.000 
-12435  
-1  12  6           45.007          4           4.303         64          63.995          32.003         -50.144      -21953.000        1290.000       16728.000      -20082.000       -1383.000       28966.000      -20093.000      -25446.000 
-12435  
-1  22  7           43.947         12          11.925         64          64.010          26.978         -49.731      -20307.000        3267.000       15843.000      -28303.000        8963.000       28865.000      -20324.000      -23716.000 
-12435  
-1  12  8           44.910          4           4.295         64          64.007          32.016         -50.114      -21411.000        3099.000       14921.000      -21480.000         677.000       29035.000      -22862.000      -23708.000 
-12435  
-1  22  9           43.303         12          11.911         64          64.002          27.108         -49.666      -20325.000         298.000       20982.000      -26166.000        4558.000       30606.000      -15988.000      -25763.000 
-12435  
-1  12  10           45.020          4           4.292         64          64.011          31.894         -50.162      -21434.000        4136.000       13853.000      -21991.000        2800.000       28839.000      -23222.000      -22714.000 
-12435  
-1  22  11           43.727         12          11.924         64          63.999          27.230         -49.681      -20122.000        1586.000       19390.000      -27153.000        5968.000       30228.000      -16949.000      -25422.000 
-12435  
-1  12  12           45.007          4           4.300         64          64.003          31.705         -50.123      -21666.000        4069.000       13702.000      -22177.000        2226.000       29101.000      -23386.000      -22571.000 
-12435  
-1  22  13           43.783         12          11.925         64          63.996          27.130         -49.707      -20937.000        2531.000       17947.000      -28028.000        7116.000       29497.000      -18173.000      -24070.000 
-12435  
-1  12  14           45.013          4           4.288         64          64.004          31.663         -50.207      -21856.000        1831.000       16471.000      -19682.000        -484.000       29108.000      -20075.000      -25003.000 
-12435  
-1  22  15           43.920         12          11.925         64          63.999          26.890         -49.633      -21068.000        2155.000       20068.000      -26871.000        5401.000       30356.000      -16720.000      -25244.000 
-12435  
-1  12  16           44.873          4           4.297         64          64.002          31.813         -50.119      -21385.000         796.000       16851.000      -19570.000       -1871.000       29658.000      -19903.000      -25934.000 
-12435  
-1  22  17           43.273         12          11.925         64          64.004          27.032         -49.704      -19897.000        1906.000       18822.000      -27079.000        6505.000       30625.000      -17942.000      -24420.000 
-12435  
-1  12  18           44.983          4           4.285         64          64.009          31.908         -50.195      -21669.000        2393.000       16567.000      -20122.000        -466.000       28992.000      -20652.000      -24528.000 
-12435  
-1  22  19           43.337         12          11.931         64          64.003          26.959         -49.677      -19673.000        1785.000       21111.000      -26094.000        5030.000       30847.000      -16412.000      -25368.000 
-12435  
-1  12  20           45.080          4           4.290         64          64.001          31.516         -50.115      -21917.000        2884.000       15052.000      -20977.000        1014.000       29266.000      -21822.000      -24299.000 
-12435  
-1  22  21           43.780         12          11.924         64          64.018          26.938         -49.677      -20247.000        2680.000       18640.000      -28108.000        7747.000       28878.000      -18614.000      -24721.000 
-12435  
-1  12  22           44.987          4           4.295         64          64.005          31.877         -50.080      -21285.000        3904.000       14259.000      -21960.000        2612.000       29590.000      -22912.000      -23312.000 
-12435  
-1  22  23           43.963         12          11.915         64          64.015          27.313         -49.740      -19998.000        1766.000       18776.000      -27161.000        6437.000       29330.000      -17586.000      -25558.000 
-12435  
-1  12  24           45.237          4           4.293         64          63.995          32.071         -50.101      -22062.000        3681.000       13923.000      -21835.000        2104.000       28770.000      -23045.000      -23575.000 
-12435  
-1  22  25           43.457         12          11.931         64          63.988          26.822         -49.720      -20685.000        1226.000       18962.000      -27481.000        6336.000       29714.000      -17270.000      -24651.000 
-12435  
-1  12  26           45.143          4           4.299         64          64.006          32.161         -50.179      -21758.000        2724.000       15427.000      -20595.000          77.000       29226.000      -20920.000      -24491.000 
-12435  
-1  22  27           43.883         12          11.934         64          64.015          27.020         -49.754      -20268.000         479.000       20332.000      -25744.000        5068.000       29444.000      -16421.000      -26396.000 
-12435  
-1  12  28           44.910          4           4.293         64          64.002          31.748         -50.097      -21576.000        2104.000       16035.000      -20624.000         -33.000       29622.000      -21198.000      -24762.000 
-12435  
-1  22  29           43.790         12          11.915         64          63.986          27.304         -49.677      -21242.000        -259.000       21996.000      -24689.000        4194.000       29892.000      -15324.000      -26762.000 
-12435  
-1  12  30           44.933          4           4.296         64          64.011          31.739         -50.145      -21703.000        1764.000       16637.000      -19743.000        -651.000       29467.000      -20594.000      -24993.000 
-12435  
-1  22  31           44.097         12          11.929         64          64.012          26.984         -49.654      -20705.000        2236.000       19253.000      -27256.000        6476.000       29624.000      -17405.000      -25594.000 
-12435  
-1  12  32           44.853          4           4.288         64          64.011          31.799         -50.131      -21808.000        2534.000       15551.000      -20948.000         338.000       29431.000      -21730.000      -23817.000 
-12435  
-1  22  33           43.603         12          11.931         64          64.006          27.220         -49.696      -20639.000        2587.000       18168.000      -28004.000        7550.000       29537.000      -18372.000      -24028.000 
-12435  
-1  12  34           44.977          4           4.290         64          64.002          31.680         -50.166      -21593.000        2745.000       15459.000      -20788.000         413.000       29284.000      -21513.000      -24044.000 
-12435  
-1  22  35           43.970         12          11.931         64          64.008          27.227         -49.648      -20859.000        1844.000       19884.000      -26832.000        5747.000       29968.000      -16946.000      -25633.000 
-12435  
-1  12  36           44.980          4           4.287         64          64.002          31.847         -50.134      -21751.000        2293.000       15984.000      -20207.000          31.000       29176.000      -21481.000      -24725.000 
-12435  
-1  22  37           43.790         12          11.925         64          64.007          26.915         -49.658      -20328.000        2297.000       19748.000      -27079.000        6524.000       30324.000      -16779.000      -25212.000 
-12435  
-1  12  38           44.907          4           4.292         64          64.004          31.881         -50.075      -21543.000        2390.000       15537.000      -21293.000         122.000       29399.000      -21895.000      -24490.000 
-12435  
-1  22  39           43.897         12          11.926         64          64.003          26.798         -49.778      -19873.000        3456.000       16696.000      -27719.000        8951.000       29239.000      -19274.000      -23828.000 
-12435  
-1  12  40           45.113          4           4.294         64          64.008          31.790         -50.247      -21566.000        2093.000       15533.000      -19873.000       -1098.000       29083.000      -20614.000      -24700.000 
-12435  
-1  22  41           43.737         12          11.931         64          64.012          27.215         -49.692      -20252.000        1685.000       18888.000      -27264.000        6550.000       29861.000      -17626.000      -25227.000 
-12435  
-1  12  42           45.050          4           4.290         64          64.006          31.866         -50.136      -21878.000        2653.000       16079.000      -20021.000          64.000       29275.000      -21093.000      -24857.000 
-12435  
-1  22  43           43.960         12          11.925         64          63.998          27.205         -49.797      -19609.000        2755.000       18306.000      -28485.000        5885.000       28820.000      -17612.000      -24487.000 
-12435  
-1  12  44           45.020          4           4.297         64          64.008          31.695         -50.095      -22290.000        2356.000       15017.000      -20829.000        1041.000       29339.000      -21891.000      -24312.000 
-12435  
-1  22  45           43.530         12          11.926         64          63.999          27.086         -49.797      -20194.000        1926.000       18241.000      -27556.000        6302.000       29431.000      -17975.000      -24107.000 
-12435  
-1  12  46           45.000          4           4.292         64          63.999          31.730         -50.162      -21351.000        2639.000       15995.000      -20447.000         594.000       29159.000      -21194.000      -24704.000 
-12435  
-1  22  47           43.697         12          11.940         64          63.994          26.901         -49.796      -20371.000         192.000       21121.000      -24298.000        3913.000       30046.000      -15964.000      -26261.000 
-12435  
-1  12  48           44.973          4           4.295         64          63.998          31.849         -50.103      -21764.000        2923.000       15417.000      -21237.000        1665.000       29002.000      -22228.000      -24068.000 
-12435  
-1  22  49           43.837         12          11.921         64          64.001          26.979         -49.693      -20246.000        3533.000       16273.000      -28513.000        8993.000       29572.000      -19552.000      -23578.000 
-12435  
-1  12  50           45.057          4           4.296         64          64.008          31.844         -50.104      -21767.000        2852.000       15333.000      -21191.000         141.000       29514.000      -21481.000      -24260.000 
-12435  
-1  22  51           43.893         12          11.933         64          64.001          26.797         -49.676      -20683.000        1425.000       19198.000      -26443.000        5382.000       30251.000      -17584.000      -25615.000 
-12435  
-1  12  52           45.013          4           4.297         64          64.006          31.902         -50.106      -21841.000        1678.000       15965.000      -20379.000        -288.000       29408.000      -20792.000      -25270.000 
-12435  
-1  22  53           43.500         12          11.940         64          63.992          27.039         -49.687      -20671.000        1699.000       19527.000      -27421.000        6251.000       29536.000      -17658.000      -24738.000 
-12435  
-1  12  54           45.013          4           4.291         64          64.002          31.658         -50.188      -21543.000        2648.000       14832.000      -20910.000        1114.000       29154.000      -21680.000      -24060.000 
-12435  
-1  22  55           43.133         12          11.929         64          64.003          27.078         -49.749      -19569.000        1884.000       18610.000      -27684.000        6640.000       30014.000      -18117.000      -24043.000 
-12435  
-1  12  56           44.923          4           4.295         64          63.998          31.689         -50.135      -21353.000        2796.000       15364.000      -20919.000         240.000       29503.000      -21863.000      -24076.000 
-12435  
-1  22  57           43.590         12          11.929         64          64.000          27.054         -49.732      -20333.000         477.000       20767.000      -25705.000        4174.000       30345.000      -15867.000      -25849.000 
-12435  
-1  12  58           44.920          4           4.300         64          64.002          32.113         -50.059      -21523.000        2224.000       16008.000      -20899.000        -683.000       29621.000      -21469.000      -24895.000 
-12435  
-1  22  59           43.670         12          11.921         64          64.003          27.026         -49.855      -19475.000        2242.000       17941.000      -27149.000        6721.000       29196.000      -18363.000      -24330.000 
-12435  
-1  12  60           44.880          4           4.295         64          63.996          31.743         -50.169      -21469.000        1741.000       16534.000      -19771.000       -1560.000       29254.000      -20790.000      -24957.000 
-12435  
-1  22  61           43.767         12          11.925         64          64.012          26.946         -49.876      -19775.000        1988.000       19054.000      -26220.000        6047.000       29521.000      -16988.000      -24732.000 
-12435  
-1  12  62           45.000          4           4.293         64          64.001          32.203         -50.142      -21951.000        2415.000       16052.000      -20609.000         156.000       29231.000      -20936.000      -24446.000 
-12435  
-1  22  63           43.857         12          11.921         64          63.984          27.019         -49.775      -20465.000        2631.000       18479.000      -27249.000        6944.000       28840.000      -18590.000      -24399.000 
-12435  
-1  12  64           44.977          4           4.299         64          64.003          32.022         -50.108      -21827.000        2384.000       14802.000      -20959.000         774.000       29560.000      -21976.000      -24231.000 
-12435  
-1  22  65           43.820         12          11.918         64          64.002          26.968         -49.723      -20190.000        1429.000       19386.000      -27264.000        4981.000       29420.000      -17452.000      -25430.000 
-12435  
-1  12  66           45.040          4           4.288         64          64.004          32.104         -50.065      -21517.000        3405.000       14837.000      -20956.000         948.000       29694.000      -22710.000      -24144.000 
-12435  
-1  22  67           43.697         12          11.919         64          63.986          27.409         -49.626      -20839.000        1068.000       19620.000      -27084.000        5292.000       30059.000      -17540.000      -25567.000 
-12435  
-1  12  68           44.947          4           4.293         64          63.998          31.654         -50.192      -21358.000        2917.000       14827.000      -20904.000        1059.000       29321.000      -21979.000      -23663.000 
-12435  
-1  22  69           43.397         12          11.946         64          64.006          26.856         -49.694      -21589.000        -597.000       22192.000      -24699.000        3004.000       30369.000      -14990.000      -25842.000 
-12435  
-1  12  70           45.130          4           4.289         64          64.006          32.163         -50.141      -21483.000        2994.000       15485.000      -19862.000         -55.000       29734.000      -21264.000      -24902.000 
-12435  
-1  22  71           44.000         12          11.921         64          64.009          26.894         -49.738      -20552.000        1736.000       18743.000      -26115.000        6966.000       29855.000      -17546.000      -25537.000 
-12435  
-1  12  72           44.947          4           4.298         64          64.000          31.828         -50.081      -21521.000        2055.000       16517.000      -20193.000        -178.000       29805.000      -20848.000      -25155.000 
-12435  
-1  22  73           43.687         12          11.931         64          64.010          27.184         -49.595      -20924.000        2307.000       19165.000      -26762.000        7208.000       30579.000      -18250.000      -24994.000 
-12435  
-1  12  74           45.060          4           4.298         64          63.990          31.999         -50.133      -21581.000        3348.000       14371.000      -21593.000         846.000       29514.000      -22181.000      -23528.000 
-12435  
-1  22  75           43.753         12          11.935         64          64.001          27.162         -49.724      -20594.000         319.000       21306.000      -25090.000        4052.000       30346.000      -15322.000      -26271.000 
-12435  
-1  12  76           45.133          4           4.296         64          63.999          31.783         -50.128      -21583.000        3146.000       15124.000      -20976.000         116.000       29431.000      -21686.000      -24284.000 
-12435  
-1  22  77           44.173         12          11.912         64          64.009          27.095         -49.890      -20128.000        2160.000       19037.000      -26336.000        5722.000       28691.000      -16996.000      -25150.000 
-12435  
-1  12  78           45.020          4           4.296         64          64.002          32.071         -50.173      -21561.000        3063.000       14978.000      -20958.000         216.000       29153.000      -22044.000      -23767.000 
-12435  
-1  22  79           43.417         12          11.924         64          63.984          27.329         -49.743      -20228.000        1798.000       18444.000      -26835.000        6843.000       30101.000      -18251.000      -24415.000 
-12435  
-1  12  80           45.000          4           4.299         64          63.999          32.011         -50.175      -21742.000        1960.000       16087.000      -20148.000       -1156.000       29207.000      -20705.000      -24759.000 
-12435  
-1  22  81           43.267         12          11.937         64          64.008          27.218         -49.728      -19819.000        2295.000       18731.000      -26818.000        7120.000       29852.000      -19210.000      -24245.000 
-12435  
-1  12  82           45.023          4           4.290         64          64.002          32.145         -50.073      -22144.000        3572.000       14302.000      -20629.000        1179.000       29883.000      -23171.000      -23343.000 
-12435  
-1  22  83           43.943         12          11.928         64          63.990          27.254         -49.614      -20987.000         236.000       21606.000      -25030.000        3964.000       30504.000      -15631.000      -27049.000 
-12435  
-1  12  84           45.010          4           4.288         64          64.006          32.164         -50.092      -21649.000        3006.000       15100.000      -21476.000        1048.000       29249.000      -22152.000      -24124.000 
-12435  
-1  22  85           43.707         12          11.916         64          64.008          27.393         -49.647      -20190.000        1904.000       19052.000      -27631.000        7172.000       29819.000      -17647.000      -25301.000 
-12435  
-1  12  86           44.927          4           4.295         64          64.007          31.867         -50.173      -22091.000        1773.000       15910.000      -19956.000        -419.000       29412.000      -20869.000      -24409.000 
-12435  
-1  22  87           43.197         12          11.923         64          64.002          27.226         -49.780      -19992.000        1631.000       17905.000      -27802.000        7267.000       29923.000      -17727.000      -23831.000 
-12435  
-1  12  88           45.017          4           4.304         64          64.007          32.147         -50.143      -21734.000        3041.000       15441.000      -20812.000         721.000       29326.000      -21631.000      -24051.000 
-12435  
-1  22  89           43.937         12          11.932         64          63.999          27.074         -49.809      -20738.000        2525.000       18083.000      -26765.000        6972.000       29065.000      -18459.000      -24304.000 
-12435  
-1  12  90           44.800          4           4.291         64          64.003          31.973         -50.114      -20996.000        3491.000       14662.000      -21518.000        1592.000       29467.000      -23175.000      -23269.000 
-12435  
-1  22  91           43.687         12          11.922         64          64.007          27.259         -49.714      -19885.000        3958.000       16072.000      -29189.000       10214.000       28429.000      -20262.000      -23087.000 
-12435  
-1  12  92           44.950          4           4.298         64          64.001          31.835         -50.037      -21797.000        2117.000       16336.000      -20721.000        -588.000       29549.000      -21349.000      -25105.000 
-12435  
-1  22  93           44.000         12          11.927         64          64.011          27.282         -49.727      -20545.000         786.000       21622.000      -25005.000        5000.000       30028.000      -14759.000      -26595.000 
-12435  
-1  12  94           45.000          4           4.289         64          63.999          31.850         -50.120      -21909.000        2310.000       16046.000      -20345.000         150.000       29602.000      -20812.000      -24690.000 
-12435  
-1  22  95           43.963         12          11.936         64          64.004          27.040         -49.663      -20323.000        2124.000       20050.000      -26654.000        6755.000       29669.000      -17110.000      -25863.000 
-12435  
-1  12  96           45.003          4           4.288         64          64.005          31.938         -50.079      -22261.000        1866.000       16039.000      -20290.000        -399.000       29492.000      -21057.000      -24976.000 
-12435  
-1  22  97           43.373         12          11.934         64          64.005          27.060         -49.828      -20059.000        1852.000       18579.000      -26794.000        6055.000       29772.000      -17916.000      -24017.000 
-12435  
-1  12  98           44.953          4           4.290         64          64.001          31.983         -50.158      -21522.000        2748.000       14822.000      -21233.000         533.000       29140.000      -22167.000      -23812.000 
-12435  
-1  22  99           43.603         12          11.925         64          64.015          26.918         -49.762      -20619.000         156.000       21209.000      -25550.000        4197.000       29905.000      -15262.000      -25843.000 
-12435  
