-1  12  1           48.917          4           4.221         64          63.984          25.682         -56.245       10269.000        7375.000      -13460.000        1704.000       11236.000       -7904.000       -4596.000       14036.000 
-12435  
-1  22  2           24.193         11          11.403         64          63.995          10.878         -66.482        -517.000        -633.000       -1700.000       -3500.000        5449.000       -1857.000        1193.000        4551.000 
-12435  
-1  12  3           49.153          4           4.217         64          63.985          25.639         -56.295        9312.000        7888.000      -14135.000         565.000       12570.000       -5994.000       -6213.000       12672.000 
-12435  
-1  22  4           23.053         11          11.303         64          64.084          10.601         -66.997          94.000       -1540.000        -808.000       -3338.000        5543.000        -752.000        -352.000        4189.000 
-12435  
-1  12  5           48.337          4           4.201         64          64.019          25.865         -56.232        8708.000        8934.000      -13958.000        -232.000       12522.000       -6321.000       -6611.000       12727.000 
-12435  
-1  22  6           21.887         11          11.175         64          63.942          10.590         -66.679          23.000       -1562.000       -1029.000       -3210.000        5312.000       -1497.000        1286.000        4693.000 
-12435  
-1  12  7           49.153          4           4.225         64          64.007          25.827         -56.320        9885.000        7411.000      -13759.000        1253.000       11753.000       -7126.000       -5371.000       13292.000 
-12435  
-1  22  8           20.930         11          11.166         64          64.031          10.415         -67.011         429.000       -1114.000        -333.000       -3330.000        4881.000       -2218.000        1073.000        4519.000 
-12435  
-1  12  9           49.080          4           4.217         64          64.012          25.685         -56.314        9801.000        8074.000      -13594.000        1571.000       11270.000       -7365.000       -5462.000       13388.000 
-12435  
-1  22  10           22.607         11          11.215         64          64.077          10.490         -66.849        -252.000       -1230.000        -533.000       -3249.000        4955.000        -788.000        1223.000        5123.000 
-12435  
-1  12  11           49.737          4           4.199         64          63.982          25.852         -56.328       10204.000        6983.000      -13508.000        1603.000       11499.000       -7515.000       -5297.000       13488.000 
-12435  
-1  22  12           23.510         11          11.292         64          64.087          11.132         -66.236         108.000        -715.000         488.000       -3798.000        5331.000        -829.000        -690.000        5520.000 
-12435  
-1  12  13           49.223          4           4.210         64          63.993          25.627         -56.331        9236.000        7027.000      -13510.000        2015.000       12007.000       -7349.000       -5586.000       13617.000 
-12435  
-1  22  14           21.500         11          11.105         64          64.055          10.255         -66.810         705.000       -1375.000        -112.000       -2897.000        5440.000        -781.000         -71.000        4991.000 
-12435  
-1  12  15           48.240          4           4.214         64          63.987          26.111         -56.304        9013.000        7942.000      -13566.000         476.000       12517.000       -6885.000       -5659.000       13266.000 
-12435  
-1  22  16           22.990         11          11.230         64          63.964          10.534         -66.541         468.000       -1287.000        -897.000       -3041.000        5994.000        -743.000        -387.000        4645.000 
-12435  
-1  12  17           49.737          4           4.202         64          64.017          25.637         -56.426        9523.000        8083.000      -13521.000         855.000       11437.000       -6309.000       -6231.000       13081.000 
-12435  
-1  22  18           21.287         11          11.196         64          63.985          10.487         -66.512         988.000        -975.000        -244.000       -1743.000        5821.000       -1038.000        -166.000        5531.000 
-12435  
-1  12  19           49.597          4           4.215         64          64.010          25.543         -56.359        9911.000        7445.000      -13341.000         901.000       11495.000       -7596.000       -5801.000       13243.000 
-12435  
-1  22  20           20.100         11          11.378         64          64.041          10.096         -66.902         505.000       -1397.000        -552.000       -3245.000        5449.000       -1573.000        1391.000        4171.000 
-12435  
-1  12  21           48.733          4           4.215         64          64.003          25.812         -56.213        9495.000        7575.000      -13726.000        1986.000       12065.000       -7467.000       -5184.000       13722.000 
-12435  
-1  22  22           21.533         11          11.251         64          64.012          10.078         -67.049         658.000       -1214.000        -840.000       -2594.000        4374.000       -1981.000        1456.000        5279.000 
-12435  
-1  12  23           49.647          4           4.201         64          64.005          25.942         -56.202       10480.000        7452.000      -13800.000        1262.000       12218.000       -6893.000       -5352.000       13245.000 
-12435  
-1  22  24           23.163         11          11.230         64          63.911          10.533         -66.733        -587.000       -1285.000       -1022.000       -3180.000        4942.000       -1937.000        1358.000        4892.000 
-12435  
-1  12  25           49.120          4           4.210         64          63.982          25.784         -56.150        9947.000        8011.000      -13773.000        1425.000       12147.000       -7420.000       -5648.000       13339.000 
-12435  
-1  22  26           22.210         11          11.087         64          64.011          10.794         -66.610         -76.000       -1676.000        -430.000       -2929.000        5246.000       -1187.000         847.000        5273.000 
-12435  
-1  12  27           49.353          4           4.225         64          63.985          25.645         -56.289        9749.000        7749.000      -13954.000        1251.000       11891.000       -6815.000       -5841.000       13035.000 
-12435  
-1  22  28           21.903         11          11.112         64          63.881          11.108         -66.109         433.000        -939.000         191.000       -2412.000        5715.000       -1653.000         347.000        5918.000 
-12435  
-1  12  29           48.737          4           4.224         64          64.011          25.745         -56.368        9127.000        7302.000      -13592.000         400.000       11649.000       -7415.000       -5791.000       13565.000 
-12435  
-1  22  30           22.353         11          11.216         64          63.945          10.699         -66.744         127.000       -1309.000        -434.000       -3014.000        5187.000       -1292.000         655.000        5189.000 
-12435  
-1  12  31           49.417          4           4.203         64          63.996          25.715         -56.322       10252.000        7915.000      -13259.000         935.000       12217.000       -6419.000       -5258.000       13231.000 
-12435  
-1  22  32           20.933         11          11.191         64          64.025           9.775         -67.587         317.000        -891.000        -267.000       -3114.000        5124.000       -1417.000         881.000        3926.000 
-12435  
-1  12  33           49.100          4           4.201         64          64.007          25.946         -56.301        9929.000        7368.000      -13878.000        2486.000       11451.000       -7436.000       -4945.000       13367.000 
-12435  
-1  22  34           23.137         11          11.288         64          63.950          10.113         -67.064          53.000        -626.000        -251.000       -3329.000        4624.000        -617.000         648.000        5334.000 
-12435  
-1  12  35           48.863          4           4.233         64          64.010          25.931         -56.168        9382.000        8351.000      -13833.000         119.000       11977.000       -7351.000       -6325.000       13325.000 
-12435  
-1  22  36           21.650         11          11.251         64          64.029          10.447         -66.796         251.000       -1869.000        -296.000       -3223.000        5311.000       -1043.000         331.000        4764.000 
-12435  
-1  12  37           49.170          4           4.216         64          64.006          25.542         -56.517        9458.000        7726.000      -13464.000         647.000       11578.000       -6549.000       -5740.000       12822.000 
-12435  
-1  22  38           20.927         11          11.246         64          64.135          10.409         -66.810         817.000       -1602.000        -397.000       -3068.000        5525.000       -1188.000         158.000        4599.000 
-12435  
-1  12  39           49.097          4           4.209         64          64.011          25.753         -56.311        9661.000        7928.000      -13598.000         372.000       11827.000       -6749.000       -5872.000       13353.000 
-12435  
-1  22  40           19.820         11          10.967         64          64.004          11.047         -66.250         920.000       -2057.000          84.000       -3523.000        5515.000        -814.000         844.000        5070.000 
-12435  
-1  12  41           49.467          4           4.219         64          63.998          25.551         -56.354        9667.000        7496.000      -13481.000        1272.000       11379.000       -7106.000       -5732.000       13648.000 
-12435  
-1  22  42           21.487         11          11.389         64          64.012          10.351         -66.682         860.000        -857.000        -327.000       -2378.000        5340.000       -1170.000         470.000        5527.000 
-12435  
-1  12  43           48.317          4           4.206         64          64.002          25.536         -56.367        9236.000        7851.000      -13102.000         602.000       11638.000       -7384.000       -5263.000       13904.000 
-12435  
-1  22  44           22.877         11          11.142         64          63.984           9.850         -67.160         521.000        -926.000        -277.000       -3103.000        4076.000       -1375.000         273.000        5603.000 
-12435  
-1  12  45           48.733          4           4.197         64          63.999          25.773         -56.301        9840.000        7479.000      -13407.000        1425.000       11833.000       -7569.000       -4866.000       13621.000 
-12435  
-1  22  46           20.280         11          11.175         64          64.112          10.609         -66.631         846.000       -2222.000         640.000       -3454.000        4551.000       -1105.000         259.000        5357.000 
-12435  
-1  12  47           48.870          4           4.221         64          64.005          25.940         -56.236        9244.000        8226.000      -13405.000         900.000       12393.000       -7183.000       -6019.000       13316.000 
-12435  
-1  22  48           22.947         11          11.176         64          63.975          10.831         -66.401         807.000       -1150.000        -263.000       -3328.000        4718.000       -1033.000        -522.000        5976.000 
-12435  
-1  12  49           49.530          4           4.212         64          63.997          25.659         -56.303        9682.000        8339.000      -13510.000         867.000       12219.000       -6274.000       -6112.000       12973.000 
-12435  
-1  22  50           22.513         11          11.264         64          64.022          10.966         -66.147         624.000       -1501.000        -792.000       -3154.000        5545.000        -805.000         117.000        5672.000 
-12435  
-1  12  51           48.973          4           4.219         64          64.014          25.755         -56.282        9773.000        7810.000      -13590.000         661.000       12016.000       -7121.000       -5589.000       13282.000 
-12435  
-1  22  52           20.670         11          11.116         64          64.062          10.619         -66.566         978.000       -1240.000        -356.000       -2435.000        5572.000       -1607.000         568.000        5217.000 
-12435  
-1  12  53           48.890          4           4.210         64          63.995          25.976         -56.253        9964.000        7844.000      -13392.000         336.000       11813.000       -7375.000       -5366.000       13649.000 
-12435  
-1  22  54           24.040         11          11.141         64          63.964          10.955         -66.175         -81.000       -1834.000       -1441.000       -2859.000        5284.000       -1191.000         226.000        5769.000 
-12435  
-1  12  55           49.090          4           4.223         64          63.997          25.688         -56.387        9736.000        7296.000      -13520.000        1249.000       11651.000       -7702.000       -5455.000       13017.000 
-12435  
-1  22  56           21.557         11          11.251         64          64.048          10.006         -67.237         151.000       -1115.000          -7.000       -2515.000        4773.000       -1202.000        1123.000        5164.000 
-12435  
-1  12  57           49.220          4           4.228         64          64.002          25.936         -56.244       10098.000        7573.000      -13610.000        1338.000       11273.000       -7610.000       -5353.000       13821.000 
-12435  
-1  22  58           28.393         12          11.536         64          63.928           9.790         -67.078         150.000        -118.000        2095.000        3028.000       -5198.000        2327.000         983.000       -3870.000 
-12435  
-1  12  59           49.313          4           4.219         64          64.015          25.766         -56.235        9610.000        8108.000      -13805.000         766.000       12426.000       -6738.000       -6231.000       12831.000 
-12435  
-1  22  60           20.630         11          11.318         64          63.933           9.671         -67.455         412.000       -1228.000        -100.000       -2723.000        4521.000       -1845.000        1292.000        4712.000 
-12435  
-1  12  61           48.790          4           4.229         64          64.002          25.675         -56.416        9081.000        7586.000      -13588.000         885.000       11837.000       -6736.000       -5669.000       13369.000 
-12435  
-1  22  62           22.487         11          11.440         64          63.935          10.973         -66.121         285.000       -1647.000        -996.000       -3412.000        5635.000       -1699.000         412.000        5197.000 
-12435  
-1  12  63           48.450          4           4.207         64          64.007          25.830         -56.281        9255.000        8471.000      -13711.000         902.000       12081.000       -7394.000       -5831.000       12796.000 
-12435  
-1  22  64           23.473         11          11.114         64          63.959          10.737         -66.374        -783.000        -708.000         -26.000       -2767.000        5421.000        -395.000        1366.000        5718.000 
-12435  
-1  12  65           48.800          4           4.231         64          64.005          26.058         -56.237        9160.000        8931.000      -13555.000         467.000       12448.000       -6519.000       -6272.000       12952.000 
-12435  
-1  22  66           20.777         11          11.118         64          63.958          10.724         -66.429         499.000       -1060.000        -242.000       -2894.000        5633.000       -1355.000        1396.000        5161.000 
-12435  
-1  12  67           49.273          4           4.224         64          64.007          25.620         -56.351        9861.000        8115.000      -13511.000        1234.000       11717.000       -6703.000       -5558.000       13132.000 
-12435  
-1  22  68           19.490         11          11.160         64          63.934          10.496         -66.648         351.000       -1385.000         499.000       -3352.000        5314.000       -2466.000        1162.000        4385.000 
-12435  
-1  12  69           49.537          4           4.223         64          64.005          25.736         -56.351        9800.000        7590.000      -13345.000        1104.000       12084.000       -7215.000       -5822.000       12952.000 
-12435  
-1  22  70           22.487         11          11.360         64          64.024          10.591         -66.519         862.000       -1153.000       -1124.000       -3216.000        4662.000       -1925.000         688.000        5558.000 
-12435  
-1  12  71           48.823          4           4.229         64          63.991          25.559         -56.434        9133.000        8129.000      -13138.000         306.000       12020.000       -6620.000       -5860.000       13187.000 
-12435  
-1  22  72           21.763         11          11.289         64          63.994           9.893         -67.214         638.000       -1045.000        -183.000       -3404.000        4725.000       -1149.000         224.000        4821.000 
-12435  
-1  12  73           48.777          4           4.213         64          63.997          26.024         -56.281        9313.000        7617.000      -13558.000        1558.000       11955.000       -7038.000       -5324.000       13887.000 
-12435  
-1  22  74           22.600         11          11.207         64          64.131           9.851         -67.319         367.000       -1115.000        -615.000       -3020.000        5366.000        -610.000         -78.000        4310.000 
-12435  
-1  12  75           49.687          4           4.240         64          63.998          25.898         -56.198        9969.000        7359.000      -13612.000         928.000       11974.000       -7487.000       -5980.000       13568.000 
-12435  
-1  22  76           22.760         11          11.218         64          64.019          10.080         -67.050         523.000       -1065.000        -366.000       -3398.000        4847.000       -2070.000        -370.000        4623.000 
-12435  
-1  12  77           49.280          4           4.213         64          63.994          26.039         -56.176        9503.000        8586.000      -13451.000         848.000       12259.000       -7310.000       -6488.000       13089.000 
-12435  
-1  22  78           22.010         11          11.034         64          63.951          10.537         -67.082        -602.000       -1814.000         451.000       -2093.000        4572.000       -1406.000        1115.000        5436.000 
-12435  
-1  12  79           48.833          4           4.204         64          64.004          25.606         -56.453        9816.000        7670.000      -13525.000         664.000       11778.000       -7041.000       -5191.000       12721.000 
-12435  
-1  22  80           24.070         11          11.255         64          63.950          10.848         -66.284        -401.000       -1301.000        -214.000       -2338.000        5080.000       -1316.000         240.000        6280.000 
-12435  
-1  12  81           49.213          4           4.206         64          63.999          25.885         -56.250        9424.000        7975.000      -13934.000         631.000       11628.000       -6820.000       -6297.000       13471.000 
-12435  
-1  22  82           20.550         11          11.204         64          64.023           9.324         -67.661         271.000       -1336.000         720.000       -2249.000        4558.000       -1101.000         646.000        4935.000 
-12435  
-1  12  83           48.637          4           4.181         64          63.992          25.906         -56.195        9559.000        8299.000      -13778.000        1443.000       12371.000       -7172.000       -5489.000       13141.000 
-12435  
-1  22  84           22.470         11          11.250         64          64.050          10.744         -66.570        -108.000       -1607.000       -1482.000       -2929.000        4713.000       -1939.000        1888.000        5172.000 
-12435  
-1  12  85           49.233          4           4.211         64          64.019          25.764         -56.338        9623.000        8017.000      -13165.000        1034.000       11864.000       -7289.000       -5837.000       13253.000 
-12435  
-1  22  86           23.393         11          11.412         64          63.930          10.792         -66.372         -43.000       -1064.000        -483.000       -2216.000        6015.000       -2106.000          72.000        5100.000 
-12435  
-1  12  87           49.620          4           4.213         64          64.008          25.667         -56.357       10199.000        7720.000      -13649.000         951.000       11406.000       -6819.000       -5565.000       13163.000 
-12435  
-1  22  88           23.940         11          11.300         64          63.996          11.215         -65.824         191.000        -291.000        -673.000       -3505.000        5892.000        -955.000         445.000        5834.000 
-12435  
-1  12  89           48.973          4           4.199         64          64.013          25.893         -56.186        9488.000        8510.000      -14048.000         603.000       12659.000       -6138.000       -6109.000       12867.000 
-12435  
-1  22  90           20.877         11          11.165         64          64.066          10.635         -66.506         -80.000       -2285.000         108.000       -2820.000        5090.000       -1780.000        1203.000        5195.000 
-12435  
-1  12  91           49.287          4           4.226         64          64.005          26.009         -56.098        9335.000        8178.000      -13928.000         373.000       12647.000       -6445.000       -6701.000       13495.000 
-12435  
-1  22  92           22.363         11          11.446         64          64.001          10.216         -66.726         -52.000       -1357.000        -642.000       -2667.000        5192.000       -2185.000        1006.000        5009.000 
-12435  
-1  12  93           48.807          4           4.209         64          64.004          25.618         -56.576        9087.000        7674.000      -13467.000         742.000       11617.000       -6465.000       -5557.000       12834.000 
-12435  
-1  22  94           20.467         11          11.202         64          64.031          10.028         -67.142         959.000       -1489.000         299.000       -3371.000        4466.000        -566.000         313.000        5110.000 
-12435  
-1  12  95           48.990          4           4.209         64          63.995          25.684         -56.291        9829.000        8238.000      -13462.000        1394.000       11752.000       -6763.000       -5264.000       13551.000 
-12435  
-1  22  96           21.940         11          11.154         64          63.962          10.403         -66.694        -881.000       -1616.000         512.000       -3207.000        5557.000       -1092.000         950.000        4559.000 
-12435  
-1  12  97           49.083          4           4.205         64          63.973          25.791         -56.309       10077.000        7926.000      -13353.000         904.000       11718.000       -6874.000       -5189.000       13591.000 
-12435  
-1  22  98           20.183         11          11.254         64          63.972          10.432         -66.479         714.000       -2341.000        -122.000       -3014.000        5200.000        -917.000         928.000        5225.000 
-12435  
-1  12  99           49.857          4           4.212         64          64.007          25.816         -56.244       10209.000        7502.000      -13679.000         991.000       11445.000       -7208.000       -5852.000       13609.000 
-12435  
