-1  22  1            3.983         12          11.976         64          64.007          42.117         -34.334       99190.000     -118977.000      119994.000     -120732.000      116330.000     -132246.000      161138.000      -81294.000 
-12435  
-1  12  2            3.880          4           4.302         64          64.004          51.278         -22.881      582537.000      -66793.000      624524.000       -7422.000      662190.000      -50565.000      652631.000      167638.000 
-12435  
-1  22  3            3.987         12          11.976         64          64.002          42.242         -34.324       93518.000     -123605.000      114171.000     -127009.000      110268.000     -137641.000      156923.000      -88946.000 
-12435  
-1  12  4            3.877          4           4.302         64          64.001          51.249         -22.887      580961.000      -67835.000      624422.000       -9447.000      661786.000      -51991.000      653097.000      165358.000 
-12435  
-1  22  5            3.993         12          11.976         64          64.001          42.114         -34.314      106623.000     -111959.000      126962.000     -114345.000      124858.000     -124977.000      166621.000      -70955.000 
-12435  
-1  12  6            3.880          4           4.302         64          63.999          51.121         -22.884      582622.000      -63967.000      624391.000       -4375.000      662270.000      -47139.000      651592.000      170416.000 
-12435  
-1  22  7            3.993         12          11.977         64          64.003          41.884         -34.332      110887.000     -107809.000      131301.000     -108157.000      128976.000     -119599.000      169583.000      -63737.000 
-12435  
-1  12  8            3.880          4           4.302         64          64.003          51.450         -22.884      580820.000      -78982.000      623732.000      -19740.000      660621.000      -63958.000      656135.000      153755.000 
-12435  
-1  22  9            3.977         12          11.975         64          64.002          42.252         -34.317      109063.000     -109913.000      129982.000     -110695.000      128315.000     -121873.000      166999.000      -68644.000 
-12435  
-1  12  10            3.880          4           4.302         64          64.004          51.114         -22.884      580812.000      -76381.000      624207.000      -17705.000      661229.000      -61067.000      655287.000      156476.000 
-12435  
-1  22  11            3.993         12          11.976         64          64.000          42.001         -34.327      105483.000     -113834.000      125969.000     -114772.000      123702.000     -125364.000      165275.000      -72807.000 
-12435  
-1  12  12            3.880          4           4.302         64          64.003          50.983         -22.887      582263.000      -61345.000      624276.000       -1176.000      662604.000      -44077.000      650496.000      173676.000 
-12435  
-1  22  13            3.987         12          11.976         64          63.997          42.464         -34.324       96597.000     -120633.000      117136.000     -124281.000      113988.000     -134691.000      159475.000      -85034.000 
-12435  
-1  12  14            3.877          4           4.302         64          64.001          51.497         -22.879      583346.000      -58216.000      624738.000        1704.000      663161.000      -40471.000      650410.000      176393.000 
-12435  
-1  22  15            3.990         12          11.975         64          64.002          42.223         -34.308      101446.000     -116461.000      123804.000     -119031.000      119890.000     -129857.000      163425.000      -77350.000 
-12435  
-1  12  16            3.873          4           4.302         64          64.002          50.586         -22.881      584274.000      -43190.000      624696.000       18028.000      663629.000      -23694.000      645783.000      193108.000 
-12435  
-1  22  17            3.997         12          11.978         64          64.005          42.146         -34.328       85637.000     -129464.000      106661.000     -133041.000      101897.000     -143451.000      151875.000      -97702.000 
-12435  
-1  12  18            3.873          4           4.302         64          64.002          51.576         -22.884      581946.000      -65733.000      623894.000       -6718.000      662203.000      -49798.000      652872.000      167682.000 
-12435  
-1  22  19            3.987         12          11.978         64          64.004          42.645         -34.319       87201.000     -128120.000      106785.000     -133316.000      103437.000     -143657.000      151771.000      -97044.000 
-12435  
-1  12  20            3.870          4           4.302         64          64.000          50.932         -22.889      579357.000      -83673.000      623531.000      -25914.000      659827.000      -70655.000      657139.000      147006.000 
-12435  
-1  22  21            3.977         12          11.978         64          64.004          42.037         -34.333      107730.000     -110884.000      128022.000     -112514.000      125556.000     -123689.000      166314.000      -70179.000 
-12435  
-1  12  22            3.873          4           4.302         64          63.999          50.851         -22.887      579471.000      -85796.000      623598.000      -27523.000      659720.000      -72066.000      657636.000      145114.000 
-12435  
-1  22  23            3.983         12          11.978         64          64.003          42.245         -34.313       88406.000     -127120.000      108240.000     -132068.000      104670.000     -142719.000      153238.000      -95940.000 
-12435  
-1  12  24            3.877          4           4.302         64          64.001          51.141         -22.889      582311.000      -59083.000      623918.000         754.000      662159.000      -41799.000      650421.000      175094.000 
-12435  
-1  22  25            3.980         12          11.976         64          64.002          42.306         -34.324       94151.000     -122401.000      114899.000     -126483.000      110934.000     -137341.000      157511.000      -88452.000 
-12435  
-1  12  26            3.873          4           4.302         64          64.002          51.088         -22.887      577952.000      -93458.000      622837.000      -35830.000      659124.000      -81291.000      659557.000      136709.000 
-12435  
-1  22  27            3.980         12          11.978         64          64.002          42.171         -34.289       84256.000     -130715.000      104826.000     -135632.000       99733.000     -146354.000      150296.000     -101257.000 
-12435  
-1  12  28            3.877          4           4.302         64          64.001          50.671         -22.890      580202.000      -77939.000      623296.000      -19214.000      660924.000      -63222.000      655158.000      154171.000 
-12435  
-1  22  29            3.983         12          11.977         64          64.000          42.113         -34.328       84763.000     -129099.000      105263.000     -134788.000       99930.000     -145227.000      150726.000      -99243.000 
-12435  
-1  12  30            3.873          4           4.302         64          64.001          50.881         -22.884      582265.000      -64353.000      623933.000       -4788.000      662870.000      -48343.000      651833.000      169463.000 
-12435  
-1  22  31            3.990         12          11.977         64          64.002          42.241         -34.340      106344.000     -111803.000      127257.000     -112985.000      124263.000     -123439.000      167058.000      -71053.000 
-12435  
-1  12  32            3.877          4           4.302         64          64.002          50.729         -22.886      581331.000      -69195.000      623977.000       -9380.000      662386.000      -52981.000      652936.000      164250.000 
-12435  
-1  22  33            3.990         12          11.976         64          64.003          42.294         -34.324      105848.000     -112856.000      126833.000     -114903.000      123683.000     -125113.000      165741.000      -72076.000 
-12435  
-1  12  34            3.870          4           4.302         64          64.001          51.408         -22.890      582639.000      -56293.000      624043.000        3714.000      662636.000      -39121.000      649206.000      177648.000 
-12435  
-1  22  35            3.987         12          11.975         64          64.001          42.031         -34.329      109622.000     -108201.000      130998.000     -108184.000      129461.000     -120885.000      168739.000      -65294.000 
-12435  
-1  12  36            3.873          4           4.302         64          64.000          50.615         -22.888      580273.000      -76790.000      623811.000      -17713.000      660859.000      -61881.000      655416.000      155405.000 
-12435  
-1  22  37            3.997         12          11.976         64          64.002          42.044         -34.332      107556.000     -111338.000      128078.000     -111353.000      127243.000     -122850.000      166878.000      -68836.000 
-12435  
-1  12  38            3.883          4           4.302         64          64.001          50.727         -22.887      579124.000      -86762.000      623218.000      -28716.000      659547.000      -73045.000      658205.000      144994.000 
-12435  
-1  22  39            3.990         12          11.975         64          64.003          41.891         -34.315      108594.000     -110122.000      129682.000     -111718.000      128001.000     -122784.000      166868.000      -67592.000 
-12435  
-1  12  40            3.880          4           4.302         64          64.001          51.090         -22.887      582267.000      -59989.000      624340.000        -515.000      662482.000      -42820.000      650388.000      174536.000 
-12435  
-1  22  41            3.997         12          11.976         64          64.003          42.175         -34.324      105159.000     -111612.000      127581.000     -113509.000      125244.000     -124437.000      166993.000      -71547.000 
-12435  
-1  12  42            3.877          4           4.302         64          64.002          51.095         -22.886      580745.000      -74304.000      624189.000      -15030.000      661334.000      -58673.000      654708.000      158514.000 
-12435  
-1  22  43            3.990         12          11.976         64          64.003          41.981         -34.313       99219.000     -118626.000      121059.000     -121676.000      116667.000     -132637.000      161579.000      -80235.000 
-12435  
-1  12  44            3.873          4           4.302         64          64.001          50.920         -22.887      581445.000      -69597.000      624406.000      -10438.000      661847.000      -53931.000      652725.000      163186.000 
-12435  
-1  22  45            3.993         12          11.976         64          64.001          42.366         -34.327      108437.000     -109636.000      130306.000     -110860.000      128431.000     -122165.000      166885.000      -66722.000 
-12435  
-1  12  46            3.870          4           4.302         64          64.003          50.811         -22.890      581846.000      -61056.000      623936.000       -2321.000      662216.000      -44903.000      651054.000      172116.000 
-12435  
-1  22  47            3.980         12          11.977         64          64.001          42.139         -34.320       95141.000     -122411.000      115703.000     -125752.000      111355.000     -136989.000      158029.000      -87067.000 
-12435  
-1  12  48            3.877          4           4.302         64          64.002          50.711         -22.885      582449.000      -59263.000      624625.000        1387.000      662839.000      -41959.000      650076.000      175871.000 
-12435  
-1  22  49            3.983         12          11.976         64          64.001          42.059         -34.306       89101.000     -126843.000      109799.000     -130552.000      105801.000     -142325.000      154219.000      -94745.000 
-12435  
-1  12  50            3.873          4           4.302         64          64.001          50.786         -22.888      579644.000      -82073.000      623334.000      -23784.000      660018.000      -68636.000      657066.000      149599.000 
-12435  
-1  22  51            3.987         12          11.974         64          64.003          42.073         -34.320       89474.000     -126426.000      110587.000     -130213.000      106588.000     -141080.000      154017.000      -93762.000 
-12435  
-1  12  52            3.877          4           4.302         64          64.001          51.057         -22.891      582314.000      -58551.000      623773.000        1780.000      662166.000      -41221.000      649994.000      176276.000 
-12435  
-1  22  53            3.980         12          11.975         64          64.000          42.125         -34.333      106795.000     -111122.000      128337.000     -112102.000      124171.000     -124529.000      167286.000      -69985.000 
-12435  
-1  12  54            3.877          4           4.302         64          64.001          51.164         -22.885      582236.000      -64519.000      624008.000       -4778.000      662214.000      -48027.000      652089.000      169611.000 
-12435  
-1  22  55            3.977         12          11.973         64          64.001          42.243         -34.326      107661.000     -110950.000      128813.000     -111763.000      125446.000     -123707.000      167003.000      -69788.000 
-12435  
-1  12  56            3.880          4           4.302         64          64.002          51.092         -22.889      580293.000      -79554.000      623379.000      -21648.000      660607.000      -64968.000      655646.000      152365.000 
-12435  
-1  22  57            3.993         12          11.975         64          64.003          42.149         -34.307       98962.000     -119920.000      120092.000     -120983.000      117079.000     -133071.000      161411.000      -81311.000 
-12435  
-1  12  58            3.880          4           4.302         64          64.001          50.830         -22.889      577433.000      -95624.000      623226.000      -38136.000      658159.000      -83513.000      659634.000      134768.000 
-12435  
-1  22  59            3.987         12          11.976         64          64.003          42.156         -34.308      108507.000     -111396.000      129565.000     -112500.000      126042.000     -122514.000      167257.000      -69058.000 
-12435  
-1  12  60            3.877          4           4.302         64          64.002          50.752         -22.888      581079.000      -68809.000      623649.000       -9293.000      661929.000      -52537.000      653206.000      164709.000 
-12435  
-1  22  61            3.993         12          11.976         64          64.002          42.046         -34.325      112247.000     -106621.000      133461.000     -105926.000      131933.000     -116878.000      170043.000      -61982.000 
-12435  
-1  12  62            3.877          4           4.302         64          64.003          50.808         -22.887      581450.000      -71321.000      624125.000      -12542.000      660911.000      -55779.000      654029.000      161781.000 
-12435  
-1  22  63            3.983         12          11.975         64          64.002          42.088         -34.334      107592.000     -110998.000      128554.000     -112506.000      125361.000     -123304.000      166528.000      -69528.000 
-12435  
-1  12  64            3.877          4           4.302         64          64.003          51.155         -22.883      582789.000      -58852.000      624314.000         829.000      662793.000      -41138.000      650696.000      175624.000 
-12435  
-1  22  65            3.990         12          11.974         64          64.003          42.138         -34.318      102829.000     -115231.000      124108.000     -117757.000      120576.000     -128287.000      164537.000      -76176.000 
-12435  
-1  12  66            3.877          4           4.303         64          64.001          50.957         -22.890      577413.000      -92233.000      622803.000      -34342.000      658990.000      -79614.000      659448.000      138479.000 
-12435  
-1  22  67            3.983         12          11.972         64          64.002          42.134         -34.344       98798.000     -118699.000      118896.000     -122222.000      116502.000     -132214.000      159850.000      -82347.000 
-12435  
-1  12  68            3.873          4           4.302         64          64.003          51.275         -22.886      583354.000      -51800.000      623887.000        8729.000      663415.000      -33729.000      648102.000      183177.000 
-12435  
-1  22  69            3.987         12          11.976         64          64.001          41.999         -34.324      107137.000     -111681.000      128850.000     -111469.000      126317.000     -123329.000      166844.000      -69805.000 
-12435  
-1  12  70            3.873          4           4.302         64          64.002          51.199         -22.887      582757.000      -63566.000      623682.000       -3616.000      662486.000      -47202.000      651169.000      170342.000 
-12435  
-1  22  71            3.973         12          11.976         64          64.002          42.057         -34.313       98946.000     -119379.000      119761.000     -121487.000      115357.000     -133776.000      161046.000      -82743.000 
-12435  
-1  12  72            3.870          4           4.302         64          64.002          51.006         -22.886      581812.000      -66923.000      624235.000       -7685.000      662289.000      -51003.000      652439.000      166117.000 
-12435  
-1  22  73            3.990         12          11.974         64          64.001          42.163         -34.340      105818.000     -112111.000      126974.000     -113034.000      124522.000     -125384.000      165992.000      -70478.000 
-12435  
-1  12  74            3.877          4           4.302         64          64.003          51.657         -22.886      581297.000      -72415.000      623914.000      -13110.000      661548.000      -56701.000      654216.000      160475.000 
-12435  
-1  22  75            3.980         12          11.976         64          63.999          42.184         -34.316       97787.000     -119879.000      118611.000     -123118.000      115365.000     -134163.000      159868.000      -83806.000 
-12435  
-1  12  76            3.883          4           4.302         64          64.002          51.187         -22.887      580593.000      -77743.000      623628.000      -19017.000      660738.000      -62733.000      655492.000      155284.000 
-12435  
-1  22  77            3.997         12          11.975         64          64.001          42.081         -34.337      105435.000     -111486.000      128719.000     -112131.000      126175.000     -124136.000      166250.000      -69582.000 
-12435  
-1  12  78            3.870          4           4.302         64          64.002          51.112         -22.886      579152.000      -88361.000      623214.000      -30896.000      660108.000      -75598.000      657977.000      141715.000 
-12435  
-1  22  79            3.983         12          11.976         64          63.999          41.995         -34.346      107853.000     -109855.000      128591.000     -110597.000      126478.000     -122598.000      167523.000      -68547.000 
-12435  
-1  12  80            3.873          4           4.302         64          64.003          51.035         -22.887      580367.000      -76735.000      623928.000      -18795.000      661123.000      -62120.000      655251.000      154804.000 
-12435  
-1  22  81            3.990         12          11.975         64          64.000          42.138         -34.290       93872.000     -123631.000      114976.000     -126242.000      111918.000     -137686.000      158316.000      -89177.000 
-12435  
-1  12  82            3.877          4           4.302         64          64.002          51.777         -22.889      580894.000      -76134.000      623597.000      -17676.000      660639.000      -61159.000      654889.000      156244.000 
-12435  
-1  22  83            3.987         12          11.976         64          63.999          42.293         -34.310       98352.000     -119115.000      119612.000     -122417.000      116336.000     -133035.000      161153.000      -82801.000 
-12435  
-1  12  84            3.873          4           4.302         64          64.002          51.231         -22.880      581947.000      -70047.000      624417.000      -10661.000      662037.000      -54808.000      654152.000      163367.000 
-12435  
-1  22  85            4.000         12          11.974         64          64.000          42.623         -34.331      111069.000     -107362.000      132291.000     -108116.000      129885.000     -119531.000      169032.000      -62172.000 
-12435  
-1  12  86            3.877          4           4.302         64          64.002          50.967         -22.889      578682.000      -89899.000      622932.000      -31799.000      658944.000      -76775.000      658726.000      140654.000 
-12435  
-1  22  87            3.987         12          11.976         64          64.002          42.252         -34.303      106782.000     -112385.000      128199.000     -114007.000      125258.000     -124619.000      166255.000      -71238.000 
-12435  
-1  12  88            3.873          4           4.302         64          64.003          51.312         -22.884      581141.000      -72024.000      624308.000      -12806.000      661817.000      -56791.000      654064.000      160910.000 
-12435  
-1  22  89            3.997         12          11.978         64          64.000          42.611         -34.325       97208.000     -119771.000      118093.000     -122949.000      115510.000     -134224.000      160441.000      -82766.000 
-12435  
-1  12  90            3.877          4           4.302         64          64.002          51.071         -22.884      582478.000      -62163.000      624189.000       -2349.000      662365.000      -45283.000      651662.000      172130.000 
-12435  
-1  22  91            3.973         12          11.977         64          63.999          42.183         -34.321       99039.000     -119148.000      118965.000     -122512.000      115407.000     -133028.000      160538.000      -83464.000 
-12435  
-1  12  92            3.873          4           4.302         64          64.001          51.350         -22.884      581440.000      -71278.000      624460.000      -12150.000      662015.000      -56058.000      653542.000      161831.000 
-12435  
-1  22  93            3.977         12          11.974         64          64.001          42.420         -34.333       99323.000     -118662.000      119921.000     -121034.000      115676.000     -132544.000      161227.000      -81721.000 
-12435  
-1  12  94            3.873          4           4.302         64          64.002          50.529         -22.888      582882.000      -58217.000      624119.000        1997.000      662130.000      -41149.000      649903.000      176289.000 
-12435  
-1  22  95            3.993         12          11.974         64          64.000          42.109         -34.314      104959.000     -113359.000      126788.000     -115303.000      124714.000     -125998.000      164839.000      -72538.000 
-12435  
-1  12  96            3.880          4           4.302         64          64.002          51.052         -22.882      583868.000      -47406.000      624175.000       13582.000      663645.000      -28725.000      647045.000      189243.000 
-12435  
-1  22  97            3.977         12          11.978         64          64.000          42.203         -34.333       96975.000     -119944.000      118091.000     -122958.000      114229.000     -135038.000      159439.000      -83972.000 
-12435  
-1  12  98            3.880          4           4.303         64          64.001          51.367         -22.885      582836.000      -56675.000      624099.000        3576.000      662718.000      -38709.000      649836.000      178722.000 
-12435  
-1  22  99            3.997         12          11.975         64          64.000          42.127         -34.317       98016.000     -119642.000      119347.000     -123353.000      115042.000     -133266.000      160907.000      -82184.000 
-12435  
