-1  12  1          -16.027          4           4.329         64          63.998          32.878         -49.046      -31774.000       10760.000       -1306.000       20313.000       17304.000       28113.000       35926.000       -4340.000 
-12435  
-1  22  2          -14.000         12          12.044         64          63.992          42.134         -34.350      -55414.000      174911.000       84166.000      100611.000      182833.000       53154.000      119305.000     -121651.000 
-12435  
-1  12  3          -16.050          4           4.332         64          63.993          32.909         -48.981      -33412.000        6366.000       -4267.000       19687.000       14231.000       30346.000       36214.000         955.000 
-12435  
-1  22  4          -14.003         12          12.044         64          63.995          42.301         -34.328      -57463.000      175688.000       83295.000      101422.000      182284.000       54479.000      119808.000     -121646.000 
-12435  
-1  12  5          -16.093          4           4.332         64          63.994          32.932         -49.003      -33902.000        2999.000       -6325.000       19543.000       10936.000       31266.000       35862.000        3887.000 
-12435  
-1  22  6          -14.000         12          12.045         64          64.006          41.937         -34.374      -62102.000      172807.000       79807.000      103136.000      179524.000       59463.000      123676.000     -117084.000 
-12435  
-1  12  7          -16.123          4           4.329         64          64.008          33.033         -49.067      -33456.000        6637.000       -3601.000       19506.000       14123.000       29997.000       35546.000        -572.000 
-12435  
-1  22  8          -14.003         12          12.045         64          64.008          42.334         -34.353      -48466.000      177296.000       88199.000       96007.000      184706.000       44658.000      113224.000     -127871.000 
-12435  
-1  12  9          -16.167          4           4.333         64          64.007          32.918         -48.983      -32716.000        8299.000       -3049.000       19832.000       15959.000       29090.000       36739.000       -2101.000 
-12435  
-1  22  10          -14.003         12          12.045         64          64.004          42.070         -34.325      -33662.000      181697.000       96023.000       89154.000      187591.000       30492.000      102483.000     -137441.000 
-12435  
-1  12  11          -16.093          4           4.328         64          63.989          33.099         -48.953      -32909.000        9566.000       -2494.000       20227.000       16797.000       29124.000       35968.000       -3253.000 
-12435  
-1  22  12          -14.003         12          12.044         64          63.997          42.082         -34.322      -43003.000      179542.000       90759.000       94004.000      187229.000       38380.000      109819.000     -130962.000 
-12435  
-1  12  13          -16.083          4           4.339         64          64.000          32.895         -49.046      -32536.000        6881.000       -3889.000       19624.000       14593.000       29917.000       36406.000        -112.000 
-12435  
-1  22  14          -14.003         12          12.044         64          64.002          42.628         -34.353      -63619.000      172456.000       80300.000      103883.000      180507.000       60411.000      123174.000     -116793.000 
-12435  
-1  12  15          -16.110          4           4.324         64          63.997          32.667         -49.030      -33552.000        5106.000       -4381.000       19386.000       13446.000       30858.000       35668.000        1269.000 
-12435  
-1  22  16          -14.000         12          12.042         64          64.000          41.906         -34.331      -48430.000      177579.000       88877.000       96924.000      185674.000       44962.000      113541.000     -126899.000 
-12435  
-1  12  17          -16.173          4           4.323         64          64.011          32.901         -48.969      -33549.000        5577.000       -4521.000       20084.000       13862.000       30296.000       36312.000         476.000 
-12435  
-1  22  18          -14.000         12          12.044         64          64.005          42.060         -34.334      -40464.000      178986.000       93081.000       93010.000      186871.000       36671.000      108703.000     -132250.000 
-12435  
-1  12  19          -16.097          4           4.329         64          64.003          33.061         -48.992      -32785.000        8171.000       -3081.000       20042.000       15573.000       29825.000       36049.000       -2102.000 
-12435  
-1  22  20          -14.000         12          12.045         64          64.000          42.088         -34.333      -36905.000      181063.000       94604.000       91181.000      186747.000       33258.000      105411.000     -134573.000 
-12435  
-1  12  21          -16.130          4           4.336         64          64.004          32.748         -49.029      -32340.000        7541.000       -3410.000       19799.000       15383.000       29465.000       36626.000       -1245.000 
-12435  
-1  22  22          -14.003         12          12.045         64          63.999          42.204         -34.328      -53028.000      176156.000       86516.000       99079.000      183928.000       50509.000      116910.000     -124651.000 
-12435  
-1  12  23          -16.060          4           4.332         64          63.992          33.068         -48.981      -32575.000        7603.000       -3833.000       20245.000       15509.000       30117.000       36153.000        -883.000 
-12435  
-1  22  24          -14.000         12          12.044         64          64.003          42.129         -34.323      -40232.000      180015.000       93244.000       92925.000      187575.000       36220.000      107734.000     -131961.000 
-12435  
-1  12  25          -16.027          4           4.325         64          64.004          33.026         -48.997      -33086.000        6708.000       -4024.000       19885.000       13888.000       30447.000       36223.000         308.000 
-12435  
-1  22  26          -14.000         12          12.045         64          64.002          42.586         -34.322      -51341.000      177496.000       87160.000       98166.000      184413.000       47999.000      115746.000     -125707.000 
-12435  
-1  12  27          -16.070          4           4.337         64          64.006          32.789         -49.034      -32747.000        6651.000       -4016.000       19728.000       14131.000       30300.000       36203.000         -28.000 
-12435  
-1  22  28          -14.000         12          12.045         64          64.003          42.222         -34.346      -41549.000      179224.000       91969.000       92513.000      186450.000       37857.000      109503.000     -131154.000 
-12435  
-1  12  29          -16.087          4           4.333         64          64.004          32.819         -49.021      -32447.000        8863.000       -2709.000       19786.000       16212.000       29368.000       36058.000       -2554.000 
-12435  
-1  22  30          -14.000         12          12.044         64          64.002          42.226         -34.337      -41889.000      179987.000       92097.000       93706.000      185912.000       38930.000      108927.000     -130884.000 
-12435  
-1  12  31          -16.060          4           4.326         64          64.001          33.051         -49.031      -32726.000        7717.000       -3593.000       20099.000       15192.000       29700.000       35932.000       -1016.000 
-12435  
-1  22  32          -14.000         12          12.044         64          64.000          42.189         -34.320      -52462.000      177095.000       87711.000       99286.000      183976.000       48229.000      116372.000     -124725.000 
-12435  
-1  12  33          -16.050          4           4.330         64          63.991          32.952         -48.926      -33050.000        7694.000       -3838.000       20104.000       15375.000       30468.000       36247.000        -817.000 
-12435  
-1  22  34          -14.000         12          12.045         64          64.001          42.016         -34.342      -44449.000      178823.000       91114.000       94435.000      185794.000       40961.000      110707.000     -129316.000 
-12435  
-1  12  35          -16.043          4           4.329         64          64.009          33.032         -48.949      -33603.000        6580.000       -4319.000       20696.000       14238.000       30394.000       35805.000         144.000 
-12435  
-1  22  36          -14.000         12          12.045         64          64.002          42.249         -34.337      -43384.000      179010.000       92027.000       94227.000      186296.000       39815.000      109582.000     -130047.000 
-12435  
-1  12  37          -16.120          4           4.332         64          64.000          32.905         -49.046      -33199.000        6440.000       -3876.000       19805.000       14187.000       29656.000       36159.000          34.000 
-12435  
-1  22  38          -14.000         12          12.045         64          64.001          42.174         -34.328      -20483.000      183222.000      101959.000       82074.000      190102.000       16410.000       93491.000     -143087.000 
-12435  
-1  12  39          -16.067          4           4.331         64          64.003          32.829         -48.946      -33731.000        6911.000       -4677.000       20382.000       13861.000       29761.000       36471.000         238.000 
-12435  
-1  22  40          -14.000         12          12.044         64          64.002          42.413         -34.343      -32665.000      181217.000       96548.000       89255.000      187772.000       28879.000      102230.000     -136324.000 
-12435  
-1  12  41          -16.113          4           4.330         64          64.002          32.817         -48.936      -32830.000        7808.000       -3580.000       20454.000       15646.000       30040.000       36332.000       -1767.000 
-12435  
-1  22  42          -14.003         12          12.045         64          64.002          41.864         -34.335      -44768.000      179180.000       91645.000       94263.000      185922.000       39920.000      109651.000     -130283.000 
-12435  
-1  12  43          -16.007          4           4.329         64          63.999          32.753         -48.995      -32749.000        7148.000       -3781.000       20314.000       14819.000       29776.000       36455.000         351.000 
-12435  
-1  22  44          -14.003         12          12.046         64          64.002          42.127         -34.321      -47610.000      178022.000       89816.000       96729.000      185597.000       43994.000      112868.000     -128093.000 
-12435  
-1  12  45          -16.117          4           4.330         64          63.995          32.976         -49.030      -32828.000        6508.000       -4221.000       20097.000       13621.000       29832.000       36559.000        -285.000 
-12435  
-1  22  46          -14.003         12          12.046         64          64.002          42.138         -34.321      -62623.000      173760.000       80985.000      102664.000      181660.000       59594.000      123392.000     -118093.000 
-12435  
-1  12  47          -16.117          4           4.327         64          64.006          33.079         -48.992      -32637.000        7508.000       -3484.000       20186.000       15856.000       29821.000       36126.000       -1313.000 
-12435  
-1  22  48          -14.000         12          12.044         64          63.999          41.937         -34.337      -22864.000      182565.000      101388.000       83230.000      189752.000       19479.000       95045.000     -141443.000 
-12435  
-1  12  49          -16.110          4           4.324         64          64.008          33.448         -49.030      -32873.000        8187.000       -3077.000       20102.000       15369.000       29257.000       36003.000       -2066.000 
-12435  
-1  22  50          -14.003         12          12.046         64          63.999          42.163         -34.310      -37191.000      180535.000       95896.000       90786.000      187841.000       33201.000      105499.000     -135202.000 
-12435  
-1  12  51          -16.080          4           4.328         64          63.990          33.080         -48.980      -33993.000        5682.000       -4685.000       19347.000       12952.000       30909.000       35928.000        1068.000 
-12435  
-1  22  52          -14.000         12          12.045         64          64.000          42.113         -34.353      -56395.000      174681.000       83197.000      101383.000      182566.000       53441.000      119340.000     -121427.000 
-12435  
-1  12  53          -16.153          4           4.329         64          64.002          33.147         -48.988      -33256.000        6786.000       -3888.000       19988.000       15115.000       29938.000       36060.000        -611.000 
-12435  
-1  22  54          -14.000         12          12.045         64          64.003          42.052         -34.340      -43175.000      179726.000       90626.000       93573.000      186247.000       39968.000      110019.000     -129986.000 
-12435  
-1  12  55          -15.983          4           4.333         64          64.000          33.208         -48.986      -32768.000        8623.000       -3110.000       20154.000       15537.000       29923.000       35940.000       -1318.000 
-12435  
-1  22  56          -14.000         12          12.045         64          64.000          42.246         -34.312      -41434.000      179848.000       92770.000       93519.000      187409.000       37829.000      108580.000     -131979.000 
-12435  
-1  12  57          -16.073          4           4.329         64          64.004          33.002         -48.979      -32833.000        8735.000       -2642.000       20258.000       16011.000       29316.000       36161.000       -2378.000 
-12435  
-1  22  58          -14.003         12          12.045         64          64.001          42.220         -34.317      -60930.000      173739.000       81356.000      103262.000      182314.000       58430.000      122247.000     -119362.000 
-12435  
-1  12  59          -16.103          4           4.326         64          64.009          33.273         -48.947      -32996.000        8234.000       -3642.000       20122.000       15316.000       29767.000       36488.000       -1799.000 
-12435  
-1  22  60          -14.000         12          12.046         64          63.999          42.211         -34.340      -55349.000      175361.000       84978.000      100640.000      182536.000       52639.000      118899.000     -122516.000 
-12435  
-1  12  61          -16.073          4           4.325         64          64.007          32.977         -49.018      -33027.000        7392.000       -4159.000       20298.000       14887.000       29283.000       36199.000        -333.000 
-12435  
-1  22  62          -14.000         12          12.047         64          63.999          42.147         -34.319      -41360.000      179887.000       92794.000       93354.000      186462.000       38461.000      109261.000     -131893.000 
-12435  
-1  12  63          -16.027          4           4.332         64          63.997          32.877         -49.003      -32990.000        6899.000       -4221.000       19618.000       14413.000       30662.000       35940.000         265.000 
-12435  
-1  22  64          -14.000         12          12.044         64          64.001          42.306         -34.332      -40763.000      179250.000       92556.000       92904.000      186640.000       37923.000      109419.000     -131892.000 
-12435  
-1  12  65          -16.087          4           4.330         64          63.999          32.859         -49.053      -33601.000        6077.000       -4441.000       19595.000       13543.000       30026.000       35739.000         742.000 
-12435  
-1  22  66          -14.003         12          12.045         64          64.004          42.291         -34.325      -40405.000      180193.000       93209.000       92930.000      186791.000       37467.000      107413.000     -132549.000 
-12435  
-1  12  67          -16.040          4           4.336         64          63.998          32.896         -49.051      -32969.000        6404.000       -4562.000       19770.000       13592.000       30675.000       35623.000         358.000 
-12435  
-1  22  68          -14.000         12          12.045         64          64.002          42.214         -34.351      -42829.000      179067.000       91023.000       93582.000      185741.000       39504.000      109788.000     -130622.000 
-12435  
-1  12  69          -16.040          4           4.333         64          64.004          33.058         -48.958      -33547.000        6994.000       -3648.000       19891.000       14230.000       30243.000       36319.000          20.000 
-12435  
-1  22  70          -14.003         12          12.045         64          64.002          42.035         -34.313      -45361.000      179408.000       90204.000       96026.000      186438.000       41005.000      111213.000     -129354.000 
-12435  
-1  12  71          -16.003          4           4.334         64          64.002          33.019         -48.976      -32740.000        8742.000       -3342.000       19966.000       15473.000       29708.000       36346.000       -1383.000 
-12435  
-1  22  72          -14.003         12          12.045         64          64.002          42.362         -34.321      -33411.000      181833.000       96080.000       89402.000      188548.000       29494.000      102394.000     -136479.000 
-12435  
-1  12  73          -16.060          4           4.331         64          64.002          32.936         -49.018      -33243.000        7319.000       -3486.000       20104.000       14715.000       29639.000       35975.000        -557.000 
-12435  
-1  22  74          -14.000         12          12.047         64          63.999          42.076         -34.345      -30722.000      181178.000       97697.000       87966.000      188066.000       26607.000      101244.000     -137469.000 
-12435  
-1  12  75          -16.123          4           4.327         64          64.000          33.047         -48.945      -33071.000        7717.000       -3463.000       19902.000       15525.000       29896.000       36521.000       -1335.000 
-12435  
-1  22  76          -14.003         12          12.045         64          64.000          42.058         -34.324      -28836.000      182024.000       99695.000       87643.000      188645.000       23352.000       98642.000     -139236.000 
-12435  
-1  12  77          -16.113          4           4.333         64          64.008          32.857         -49.004      -33172.000        7488.000       -3740.000       20157.000       15435.000       29763.000       35710.000       -1194.000 
-12435  
-1  22  78          -14.000         12          12.045         64          64.000          41.949         -34.334      -43230.000      179191.000       91670.000       94510.000      186293.000       39271.000      110079.000     -129981.000 
-12435  
-1  12  79          -16.050          4           4.330         64          63.990          33.030         -49.015      -32904.000        7302.000       -4024.000       20231.000       14690.000       30160.000       35779.000        -660.000 
-12435  
-1  22  80          -14.000         12          12.044         64          64.004          42.111         -34.342      -34948.000      180718.000       95964.000       90087.000      187652.000       30930.000      103550.000     -135175.000 
-12435  
-1  12  81          -15.997          4           4.328         64          64.005          32.744         -49.064      -32902.000        7972.000       -3261.000       20299.000       15347.000       29559.000       35270.000        -818.000 
-12435  
-1  22  82          -14.003         12          12.046         64          64.001          42.222         -34.327      -40152.000      180498.000       92941.000       92058.000      186508.000       35946.000      107933.000     -133121.000 
-12435  
-1  12  83          -16.090          4           4.329         64          64.004          32.867         -49.058      -33447.000        6650.000       -4125.000       19911.000       13954.000       29415.000       35940.000         159.000 
-12435  
-1  22  84          -14.003         12          12.046         64          64.002          42.151         -34.327      -49655.000      177448.000       87831.000       97175.000      184990.000       45790.000      115063.000     -126898.000 
-12435  
-1  12  85          -16.070          4           4.324         64          64.001          33.074         -49.064      -32589.000        7707.000       -3388.000       19618.000       15196.000       29864.000       35783.000       -1203.000 
-12435  
-1  22  86          -14.003         12          12.043         64          64.001          42.017         -34.338      -50044.000      177562.000       87293.000       97584.000      184013.000       46314.000      115022.000     -126687.000 
-12435  
-1  12  87          -16.047          4           4.325         64          63.999          33.052         -48.951      -33393.000        7166.000       -3719.000       20055.000       14784.000       30663.000       35844.000        -547.000 
-12435  
-1  22  88          -14.000         12          12.043         64          64.002          42.092         -34.341      -46078.000      178685.000       89761.000       96175.000      185184.000       42769.000      111420.000     -128387.000 
-12435  
-1  12  89          -16.067          4           4.331         64          64.002          33.004         -49.006      -32997.000        7401.000       -3655.000       19446.000       15525.000       30402.000       35704.000        -588.000 
-12435  
-1  22  90          -14.003         12          12.047         64          64.001          42.138         -34.324      -53509.000      176635.000       85874.000       98730.000      184108.000       49854.000      117440.000     -124394.000 
-12435  
-1  12  91          -16.167          4           4.325         64          63.995          33.082         -49.039      -32824.000        7843.000       -2899.000       20016.000       15887.000       29236.000       35854.000       -2103.000 
-12435  
-1  22  92          -14.007         12          12.043         64          64.002          42.053         -34.329      -56724.000      175277.000       83687.000      100391.000      183155.000       53492.000      118811.000     -123162.000 
-12435  
-1  12  93          -15.980          4           4.336         64          64.002          32.799         -49.016      -32584.000        7988.000       -3594.000       20111.000       15064.000       29939.000       36058.000        -481.000 
-12435  
-1  22  94          -14.000         12          12.044         64          64.000          42.454         -34.322      -40432.000      179799.000       92873.000       93092.000      187369.000       36852.000      108501.000     -131965.000 
-12435  
-1  12  95          -16.113          4           4.328         64          64.004          32.894         -48.964      -33395.000        7716.000       -3401.000       19733.000       14949.000       29526.000       36641.000       -1048.000 
-12435  
-1  22  96          -14.000         12          12.045         64          64.003          42.315         -34.313      -39523.000      180403.000       93694.000       92359.000      188152.000       35646.000      107424.000     -132351.000 
-12435  
-1  12  97          -16.117          4           4.324         64          64.001          33.285         -49.040      -32436.000        7938.000       -2985.000       20417.000       15945.000       29258.000       35899.000       -2064.000 
-12435  
-1  22  98          -14.000         12          12.045         64          64.002          42.220         -34.327      -42550.000      179999.000       91986.000       94463.000      185449.000       39633.000      110293.000     -130577.000 
-12435  
-1  12  99          -16.043          4           4.328         64          64.002          32.763         -48.976      -33511.000        8057.000       -3501.000       20201.000       15378.000       29573.000       35814.000        -960.000 
-12435  
