-1  22  1          -42.973         12          12.018         64          64.021          23.069         -53.855        2572.000       16792.000        7977.000      -15207.000      -18387.000       12967.000       14197.000        3211.000 
-12435  
-1  12  2            1.893          3           2.615         64          63.999          24.083         -58.903        5185.000      -12213.000        3067.000       -7905.000        4005.000      -10705.000        2266.000       -4837.000 
-12435  
-1  22  3          -42.880         12          12.033         64          64.002          22.918         -54.067        3379.000       15299.000        6135.000      -16174.000      -16667.000       14447.000       14322.000        1798.000 
-12435  
-1  12  4            1.763          3           2.607         64          64.016          23.803         -58.995        4328.000      -12776.000        2719.000       -7040.000        3226.000      -10918.000        2008.000       -5103.000 
-12435  
-1  22  5          -42.257         12          12.038         64          64.014          22.960         -53.718        4419.000       16019.000        4912.000      -17151.000      -17535.000       14649.000       14936.000        1929.000 
-12435  
-1  12  6            1.817          3           2.590         64          63.999          23.981         -58.877        5253.000      -12224.000        3425.000       -7509.000        3755.000      -10662.000        2773.000       -5382.000 
-12435  
-1  22  7          -43.037         12          12.004         64          63.997          23.402         -53.746        2751.000       16534.000        7769.000      -15890.000      -18096.000       12287.000       15856.000        3334.000 
-12435  
-1  12  8            1.880          3           2.640         64          63.998          24.231         -58.687        5987.000      -12347.000        3545.000       -7131.000        5072.000      -10355.000        2925.000       -5887.000 
-12435  
-1  22  9          -42.617         12          12.026         64          63.992          22.837         -53.821         965.000       15988.000        8542.000      -15294.000      -19232.000       11647.000       14621.000        5400.000 
-12435  
-1  12  10            1.967          3           2.616         64          63.987          24.004         -58.892        5880.000      -12159.000        3399.000       -7289.000        4780.000      -10116.000        2834.000       -5273.000 
-12435  
-1  22  11          -43.053         12          12.020         64          64.004          23.159         -53.756        4476.000       16286.000        5866.000      -16552.000      -16935.000       13726.000       16136.000        1532.000 
-12435  
-1  12  12            1.447          3           2.639         64          64.009          24.272         -58.694        5203.000      -12718.000        3307.000       -7426.000        3620.000      -11067.000        2452.000       -5542.000 
-12435  
-1  22  13          -42.673         12          12.028         64          63.971          23.127         -53.733        3911.000       16723.000        6753.000      -16363.000      -17399.000       14173.000       14736.000        3138.000 
-12435  
-1  12  14            1.933          3           2.622         64          64.006          24.044         -58.923        4638.000      -12631.000        2928.000       -7386.000        3679.000      -10654.000        2351.000       -5333.000 
-12435  
-1  22  15          -43.070         12          12.041         64          63.994          23.022         -53.870        1532.000       16516.000        7964.000      -15135.000      -18679.000       11708.000       15113.000        3907.000 
-12435  
-1  12  16            1.967          3           2.634         64          64.000          24.347         -58.796        5399.000      -12286.000        3396.000       -7437.000        4347.000      -10780.000        2820.000       -5217.000 
-12435  
-1  22  17          -42.980         12          12.028         64          63.991          22.934         -53.769         978.000       16582.000        7874.000      -15452.000      -19864.000       11329.000       14506.000        4187.000 
-12435  
-1  12  18            1.667          3           2.618         64          64.002          24.257         -58.723        5929.000      -12660.000        3437.000       -7322.000        4367.000      -10442.000        2555.000       -5366.000 
-12435  
-1  22  19          -43.163         12          12.032         64          63.992          22.771         -54.013        1616.000       15895.000        8336.000      -15410.000      -17740.000       12132.000       14808.000        3423.000 
-12435  
-1  12  20            1.650          3           2.629         64          63.998          24.149         -58.800        6011.000      -12005.000        3573.000       -7401.000        4636.000      -10578.000        2646.000       -5360.000 
-12435  
-1  22  21          -43.020         12          12.012         64          64.017          22.879         -53.945        3258.000       16246.000        6638.000      -15410.000      -17227.000       13584.000       15095.000        3134.000 
-12435  
-1  12  22            1.997          3           2.625         64          63.979          24.270         -58.750        4839.000      -13090.000        3286.000       -7587.000        3779.000      -10426.000        2592.000       -5370.000 
-12435  
-1  22  23          -42.650         12          12.024         64          64.002          22.685         -54.044        2824.000       15926.000        6754.000      -15131.000      -17953.000       12502.000       14661.000        4078.000 
-12435  
-1  12  24            2.037          3           2.598         64          64.002          23.928         -59.046        4819.000      -12222.000        2609.000       -7212.000        4138.000      -10518.000        2441.000       -5367.000 
-12435  
-1  22  25          -43.027         12          12.019         64          63.985          23.184         -53.665         755.000       16695.000        8471.000      -15689.000      -19328.000       11769.000       15139.000        4621.000 
-12435  
-1  12  26            1.633          3           2.612         64          64.003          24.212         -58.842        5455.000      -12285.000        3653.000       -7165.000        4342.000      -10668.000        2434.000       -5380.000 
-12435  
-1  22  27          -42.763         12          12.035         64          63.988          22.740         -53.993        3950.000       15695.000        5157.000      -15772.000      -16777.000       15249.000       14313.000        2198.000 
-12435  
-1  12  28            1.863          3           2.635         64          63.996          24.129         -58.825        5294.000      -12699.000        3184.000       -7192.000        4080.000      -10454.000        2608.000       -5530.000 
-12435  
-1  22  29          -42.977         12          12.010         64          64.009          22.821         -53.970        3949.000       15601.000        5177.000      -15867.000      -16727.000       14693.000       15150.000        2183.000 
-12435  
-1  12  30            1.657          3           2.612         64          64.007          23.962         -58.765        5472.000      -12476.000        3511.000       -7268.000        4295.000      -10677.000        2463.000       -5565.000 
-12435  
-1  22  31          -42.863         12          12.015         64          64.005          22.978         -53.699        3450.000       16377.000        6933.000      -16324.000      -17187.000       14163.000       15665.000        3625.000 
-12435  
-1  12  32            2.033          3           2.647         64          63.995          23.934         -58.749        5367.000      -12865.000        3123.000       -7289.000        4331.000      -10551.000        2727.000       -5201.000 
-12435  
-1  22  33          -43.213         12          12.016         64          64.006          22.681         -54.022        2951.000       16090.000        6350.000      -15763.000      -16524.000       14317.000       14575.000        2404.000 
-12435  
-1  12  34            1.820          3           2.574         64          64.012          23.922         -59.063        4594.000      -12358.000        3177.000       -7404.000        3822.000      -10196.000        2080.000       -5543.000 
-12435  
-1  22  35          -43.127         12          12.020         64          63.979          22.825         -54.015        2703.000       16026.000        6624.000      -15571.000      -17072.000       13207.000       15168.000        2873.000 
-12435  
-1  12  36            1.080          3           2.607         64          63.998          23.963         -58.898        5455.000      -12181.000        3410.000       -7528.000        3747.000      -10542.000        2063.000       -5629.000 
-12435  
-1  22  37          -43.410         12          12.020         64          63.989          22.823         -53.926         780.000       16166.000        8098.000      -14985.000      -18541.000       11371.000       15333.000        4508.000 
-12435  
-1  12  38            2.030          3           2.646         64          63.996          23.912         -58.821        4947.000      -12735.000        3432.000       -7415.000        4225.000      -10437.000        2586.000       -5287.000 
-12435  
-1  22  39          -43.103         12          12.029         64          63.990          22.865         -53.768        2646.000       16740.000        7466.000      -15868.000      -18366.000       12088.000       15566.000        2762.000 
-12435  
-1  12  40            1.903          3           2.611         64          64.023          24.151         -58.732        5227.000      -12566.000        3426.000       -7649.000        3815.000      -10803.000        2819.000       -5361.000 
-12435  
-1  22  41          -42.957         12          12.054         64          64.000          22.997         -53.819        3797.000       15837.000        5927.000      -16706.000      -17609.000       13648.000       15296.000        1669.000 
-12435  
-1  12  42            1.730          3           2.612         64          64.018          24.178         -58.844        5470.000      -12443.000        3789.000       -7306.000        3780.000      -10565.000        2790.000       -5151.000 
-12435  
-1  22  43          -42.877         12          12.029         64          63.980          22.863         -53.806        2617.000       16381.000        7902.000      -15307.000      -18940.000       12603.000       14705.000        3295.000 
-12435  
-1  12  44            1.837          3           2.639         64          64.010          24.051         -58.777        4829.000      -13043.000        2956.000       -7338.000        3965.000      -10475.000        2164.000       -5737.000 
-12435  
-1  22  45          -43.793         12          12.047         64          64.009          22.844         -53.777        2381.000       15675.000        6932.000      -16256.000      -16873.000       14586.000       16106.000        2164.000 
-12435  
-1  12  46            1.650          3           2.611         64          64.010          24.193         -58.827        5149.000      -12605.000        3684.000       -7561.000        3756.000      -10662.000        2284.000       -5014.000 
-12435  
-1  22  47          -43.107         12          12.013         64          63.978          22.957         -53.842        2799.000       16863.000        7270.000      -15480.000      -17657.000       13186.000       14946.000        3433.000 
-12435  
-1  12  48            1.647          3           2.631         64          63.996          24.208         -58.762        5337.000      -12466.000        3523.000       -7337.000        4464.000      -10936.000        2078.000       -5150.000 
-12435  
-1  22  49          -43.850         12          12.022         64          63.985          22.706         -53.902        1243.000       16489.000        8711.000      -14860.000      -18389.000       11570.000       15244.000        3616.000 
-12435  
-1  12  50            2.037          3           2.621         64          64.008          24.250         -58.915        4851.000      -12015.000        3587.000       -7582.000        4080.000      -10711.000        2901.000       -5285.000 
-12435  
-1  22  51          -42.237         12          12.031         64          64.001          23.024         -53.946        2581.000       15316.000        6292.000      -16252.000      -17617.000       13005.000       15320.000        3949.000 
-12435  
-1  12  52            1.803          3           2.641         64          64.002          24.192         -58.772        4706.000      -12712.000        3314.000       -7285.000        4028.000      -10882.000        2201.000       -5686.000 
-12435  
-1  22  53          -42.783         12          12.022         64          63.987          22.736         -53.847        2475.000       16266.000        7237.000      -15600.000      -17973.000       13913.000       14389.000        3751.000 
-12435  
-1  12  54            1.780          3           2.616         64          64.011          24.237         -58.817        4830.000      -12699.000        3491.000       -7488.000        3536.000      -10548.000        2538.000       -5677.000 
-12435  
-1  22  55          -42.997         12          12.024         64          63.998          22.978         -53.710        3119.000       16190.000        6075.000      -15658.000      -17884.000       14687.000       15703.000        3132.000 
-12435  
-1  12  56            1.603          3           2.620         64          63.990          24.035         -58.880        5202.000      -12143.000        3306.000       -7521.000        4158.000      -10776.000        2168.000       -5402.000 
-12435  
-1  22  57          -42.910         12          12.020         64          64.001          23.175         -53.760        2840.000       16261.000        7704.000      -16026.000      -18153.000       12020.000       15815.000        4208.000 
-12435  
-1  12  58            1.797          3           2.632         64          63.990          23.991         -59.022        4755.000      -12267.000        2744.000       -7604.000        3668.000      -10358.000        2176.000       -5672.000 
-12435  
-1  22  59          -42.867         12          12.020         64          63.998          23.086         -53.897        2721.000       15706.000        7057.000      -15670.000      -18119.000       13044.000       15151.000        3434.000 
-12435  
-1  12  60            1.830          3           2.637         64          64.013          24.208         -58.741        5467.000      -12685.000        3242.000       -7057.000        4269.000      -10976.000        2540.000       -5131.000 
-12435  
-1  22  61          -43.037         12          12.015         64          64.006          22.727         -53.933        2784.000       16066.000        7221.000      -15537.000      -17624.000       13316.000       14937.000        2862.000 
-12435  
-1  12  62            1.967          3           2.634         64          64.001          24.007         -58.855        5341.000      -12497.000        3244.000       -7316.000        4097.000      -10687.000        2719.000       -4950.000 
-12435  
-1  22  63          -43.117         12          12.020         64          64.025          22.852         -53.848        2852.000       17139.000        8147.000      -14630.000      -18444.000       11601.000       15257.000        3750.000 
-12435  
-1  12  64            1.817          3           2.624         64          64.007          24.209         -58.761        5013.000      -12534.000        3873.000       -6862.000        4018.000      -11257.000        2674.000       -5129.000 
-12435  
-1  22  65          -43.330         12          12.022         64          64.013          22.918         -53.826        3402.000       16922.000        7518.000      -16121.000      -17325.000       13648.000       14394.000        1538.000 
-12435  
-1  12  66            1.773          3           2.588         64          64.000          23.913         -58.995        5465.000      -12170.000        3808.000       -6767.000        4356.000      -10408.000        2622.000       -5114.000 
-12435  
-1  22  67          -42.510         12          12.031         64          63.992          22.960         -53.727         594.000       16228.000        8868.000      -15310.000      -19427.000       11988.000       14405.000        5926.000 
-12435  
-1  12  68            1.660          3           2.625         64          64.002          24.199         -58.711        5667.000      -12308.000        3047.000       -7467.000        4025.000      -11031.000        2732.000       -5610.000 
-12435  
-1  22  69          -42.413         12          12.029         64          64.000          22.479         -53.882        1276.000       16123.000        9111.000      -15150.000      -18912.000       11654.000       14132.000        5135.000 
-12435  
-1  12  70            1.683          3           2.617         64          63.987          24.019         -58.803        5329.000      -12530.000        3119.000       -7227.000        4059.000      -10808.000        2397.000       -5494.000 
-12435  
-1  22  71          -43.177         12          12.023         64          63.986          23.093         -53.822          32.000       15891.000        9006.000      -15439.000      -19254.000       11572.000       14724.000        4260.000 
-12435  
-1  12  72            1.377          3           2.629         64          63.983          24.208         -58.855        5421.000      -12743.000        3331.000       -7005.000        4246.000      -10232.000        2097.000       -5710.000 
-12435  
-1  22  73          -43.790         12          12.022         64          64.009          23.047         -53.843        3456.000       16333.000        6026.000      -15936.000      -16923.000       13961.000       15850.000        1963.000 
-12435  
-1  12  74            1.950          3           2.610         64          64.000          23.998         -58.915        4732.000      -12505.000        3142.000       -7576.000        4031.000      -10422.000        2287.000       -5461.000 
-12435  
-1  22  75          -43.030         12          12.006         64          63.996          22.542         -54.073        1841.000       16025.000        7567.000      -15535.000      -17501.000       12494.000       14283.000        3569.000 
-12435  
-1  12  76            1.780          3           2.650         64          63.998          24.239         -58.671        5274.000      -12833.000        3422.000       -7328.000        4053.000      -10919.000        2512.000       -5440.000 
-12435  
-1  22  77          -42.980         12          12.015         64          63.994          22.480         -54.081        2881.000       16365.000        6676.000      -15714.000      -17029.000       12806.000       14242.000        3334.000 
-12435  
-1  12  78            1.860          3           2.600         64          63.983          24.266         -58.813        5135.000      -12622.000        3331.000       -7451.000        4083.000      -10371.000        2524.000       -5720.000 
-12435  
-1  22  79          -42.573         12          12.028         64          64.017          23.052         -53.813        1950.000       16319.000        8966.000      -15454.000      -18688.000       12002.000       14529.000        4529.000 
-12435  
-1  12  80            1.753          3           2.605         64          64.001          24.244         -58.924        4870.000      -12498.000        3215.000       -7097.000        4040.000      -10442.000        2280.000       -5824.000 
-12435  
-1  22  81          -43.067         12          12.017         64          63.979          22.947         -53.870         909.000       16979.000        7762.000      -15796.000      -18202.000       11947.000       14282.000        4513.000 
-12435  
-1  12  82            1.893          3           2.618         64          64.014          24.090         -58.785        5410.000      -12740.000        3196.000       -7397.000        4421.000      -10248.000        2454.000       -5588.000 
-12435  
-1  22  83          -43.253         12          12.024         64          63.991          22.882         -53.951        4429.000       16108.000        5668.000      -16380.000      -15649.000       14853.000       15059.000        1233.000 
-12435  
-1  12  84            1.627          3           2.616         64          64.025          24.179         -58.848        5283.000      -12426.000        3160.000       -7491.000        4178.000      -10563.000        2125.000       -5509.000 
-12435  
-1  22  85          -43.313         12          12.038         64          63.997          22.845         -53.755        1728.000       17006.000        8202.000      -15268.000      -18576.000       12515.000       14971.000        3684.000 
-12435  
-1  12  86            1.693          3           2.615         64          64.009          24.010         -58.885        5191.000      -12312.000        3580.000       -7219.000        4021.000      -10711.000        2454.000       -5330.000 
-12435  
-1  22  87          -43.030         12          12.027         64          63.998          22.986         -53.817         651.000       16615.000        8025.000      -15413.000      -19029.000       11785.000       14593.000        4568.000 
-12435  
-1  12  88            1.053          3           2.621         64          63.993          24.300         -58.823        4928.000      -12216.000        3258.000       -7084.000        3863.000      -11150.000        1836.000       -6145.000 
-12435  
-1  22  89          -42.813         12          12.016         64          64.014          22.999         -53.558        3164.000       16116.000        6976.000      -16547.000      -17968.000       14476.000       16030.000        3480.000 
-12435  
-1  12  90            1.537          3           2.596         64          63.995          24.203         -58.845        5346.000      -12327.000        3606.000       -7137.000        4176.000      -10615.000        2471.000       -5644.000 
-12435  
-1  22  91          -42.773         12          12.026         64          64.009          22.892         -53.840        2184.000       15683.000        7346.000      -16224.000      -18443.000       12950.000       14827.000        3263.000 
-12435  
-1  12  92            1.400          3           2.607         64          64.009          23.852         -59.061        5641.000      -12047.000        3582.000       -6823.000        3942.000      -10357.000        2649.000       -5139.000 
-12435  
-1  22  93          -43.080         12          12.012         64          64.008          22.942         -53.856        1195.000       16531.000        8161.000      -15457.000      -18933.000       12093.000       14281.000        3522.000 
-12435  
-1  12  94            1.947          3           2.581         64          64.014          23.713         -59.009        5121.000      -12184.000        2896.000       -7291.000        4149.000      -10467.000        2504.000       -5293.000 
-12435  
-1  22  95          -42.737         12          12.019         64          64.025          22.920         -53.763        3106.000       16722.000        7689.000      -15737.000      -18247.000       12543.000       15055.000        4085.000 
-12435  
-1  12  96            1.703          3           2.575         64          64.009          23.760         -59.071        5145.000      -11899.000        3244.000       -7440.000        4000.000      -10761.000        2084.000       -4649.000 
-12435  
-1  22  97          -42.860         12          12.023         64          63.992          22.872         -53.814        3552.000       15957.000        7354.000      -16196.000      -17624.000       13242.000       15381.000        2783.000 
-12435  
-1  12  98            1.580          3           2.613         64          63.986          24.221         -58.850        5182.000      -12334.000        3326.000       -7375.000        4171.000      -10783.000        2131.000       -5426.000 
-12435  
-1  22  99          -42.310         12          12.036         64          64.000          22.998         -53.747        1333.000       15991.000        8314.000      -15675.000      -18752.000       12894.000       14638.000        5484.000 
-12435  
