-1  22  1          -17.110         12          12.018         64          64.011          42.404         -34.064      137942.000     -115995.000      -36828.000     -128341.000     -171956.000      -90772.000     -141002.000      126654.000 
-12435  
-1  12  2          -17.040          4           4.276         64          64.020          33.005         -49.188       -7955.000       33771.000       16868.000       17701.000       33337.000       -1565.000        5017.000      -29524.000 
-12435  
-1  22  3          -17.130         12          12.017         64          64.008          42.362         -34.073      115076.000     -138057.000      -59259.000     -120234.000     -186243.000      -57797.000     -115175.000      149145.000 
-12435  
-1  12  4          -17.773          4           4.275         64          63.999          32.855         -49.242       -4760.000       34425.000       18859.000       16221.000       32122.000       -5740.000         716.000      -29555.000 
-12435  
-1  22  5          -17.100         12          12.020         64          63.995          42.415         -34.060      127139.000     -128733.000      -48152.000     -125293.000     -179030.000      -74601.000     -128760.000      138599.000 
-12435  
-1  12  6          -17.060          4           4.274         64          63.992          32.523         -49.288       -7335.000       34105.000       17016.000       17581.000       32532.000       -2004.000        3909.000      -28855.000 
-12435  
-1  22  7          -17.090         12          12.017         64          63.995          42.524         -34.060      130430.000     -124157.000      -44626.000     -126478.000     -177877.000      -79843.000     -132835.000      134493.000 
-12435  
-1  12  8          -17.080          4           4.280         64          64.002          32.739         -49.251      -11234.000       32669.000       15650.000       19201.000       32853.000         621.000        7582.000      -28513.000 
-12435  
-1  22  9          -17.143         12          12.018         64          64.001          42.357         -34.074      146143.000     -106065.000      -27589.000     -130780.000     -165234.000     -101359.000     -149002.000      116208.000 
-12435  
-1  12  10          -17.083          4           4.279         64          64.008          32.663         -49.260      -11769.000       32661.000       14768.000       19491.000       32934.000        2043.000        7493.000      -28313.000 
-12435  
-1  22  11          -17.217         12          12.019         64          64.006          42.169         -34.059      137141.000     -116839.000      -38090.000     -128597.000     -174352.000      -87633.000     -138435.000      128494.000 
-12435  
-1  12  12          -17.553          4           4.281         64          64.013          32.924         -49.295       -8686.000       33035.000       16659.000       17410.000       32767.000       -1369.000        4477.000      -29613.000 
-12435  
-1  22  13          -17.167         12          12.018         64          64.005          42.349         -34.070      125823.000     -128409.000      -50498.000     -124161.000     -179946.000      -71537.000     -127696.000      140657.000 
-12435  
-1  12  14          -17.443          4           4.275         64          64.004          32.613         -49.273       -6853.000       33703.000       18055.000       16762.000       32468.000       -3901.000        3028.000      -29504.000 
-12435  
-1  22  15          -17.123         12          12.018         64          63.997          42.519         -34.073      129810.000     -124249.000      -45447.000     -126095.000     -177450.000      -77891.000     -132839.000      135396.000 
-12435  
-1  12  16          -17.267          4           4.279         64          63.993          32.900         -49.234       -9965.000       33182.000       16291.000       18197.000       33219.000        -322.000        5413.000      -29032.000 
-12435  
-1  22  17          -17.207         12          12.017         64          64.000          42.595         -34.070      117767.000     -137255.000      -58743.000     -120173.000     -184413.000      -59364.000     -116725.000      148711.000 
-12435  
-1  12  18          -17.057          4           4.282         64          64.008          32.666         -49.268      -10104.000       32958.000       16327.000       18661.000       32886.000          62.000        6251.000      -28627.000 
-12435  
-1  22  19          -17.123         12          12.017         64          64.002          42.342         -34.065      132167.000     -122582.000      -42087.000     -127262.000     -176482.000      -81679.000     -134454.000      132900.000 
-12435  
-1  12  20          -17.130          4           4.278         64          64.005          32.495         -49.254      -10986.000       33043.000       15563.000       19007.000       32938.000         767.000        6565.000      -28467.000 
-12435  
-1  22  21          -17.180         12          12.017         64          64.003          42.297         -34.079      133632.000     -120852.000      -41186.000     -126423.000     -175761.000      -82551.000     -135667.000      131785.000 
-12435  
-1  12  22          -17.353          4           4.276         64          64.011          32.733         -49.195       -9925.000       32920.000       16574.000       18701.000       33624.000          99.000        4873.000      -29080.000 
-12435  
-1  22  23          -17.243         12          12.019         64          64.002          42.406         -34.048      108907.000     -143872.000      -65052.000     -117510.000     -188929.000      -47390.000     -108165.000      155804.000 
-12435  
-1  12  24          -17.383          4           4.277         64          63.999          32.537         -49.217       -9489.000       33414.000       16809.000       17867.000       32866.000       -1234.000        5287.000      -29481.000 
-12435  
-1  22  25          -17.123         12          12.018         64          63.999          42.499         -34.083      119560.000     -134228.000      -54833.000     -122690.000     -182684.000      -64354.000     -120561.000      145224.000 
-12435  
-1  12  26          -17.837          4           4.277         64          63.991          32.644         -49.205      -10332.000       33545.000       16228.000       18459.000       32771.000        -692.000        5254.000      -29317.000 
-12435  
-1  22  27          -17.160         12          12.020         64          64.002          42.451         -34.088      137847.000     -115084.000      -37333.000     -128582.000     -172092.000      -90051.000     -139361.000      126719.000 
-12435  
-1  12  28          -17.183          4           4.280         64          64.001          32.664         -49.248       -8569.000       33280.000       16408.000       18187.000       33060.000       -1716.000        5098.000      -29279.000 
-12435  
-1  22  29          -17.097         12          12.019         64          64.002          42.414         -34.065      114591.000     -139317.000      -59652.000     -120171.000     -185453.000      -57819.000     -115460.000      149717.000 
-12435  
-1  12  30          -17.130          4           4.283         64          64.009          32.781         -49.172      -10359.000       33585.000       15965.000       18592.000       33409.000         390.000        5870.000      -28985.000 
-12435  
-1  22  31          -17.203         12          12.019         64          64.004          42.662         -34.073      126597.000     -128389.000      -49991.000     -124154.000     -179851.000      -71948.000     -127174.000      140252.000 
-12435  
-1  12  32          -17.167          4           4.281         64          64.011          32.639         -49.174       -8053.000       33910.000       17200.000       18038.000       33142.000       -2404.000        4408.000      -29410.000 
-12435  
-1  22  33          -17.137         12          12.017         64          64.002          42.373         -34.053      124111.000     -130604.000      -51863.000     -123934.000     -181264.000      -69531.000     -126154.000      142299.000 
-12435  
-1  12  34          -17.113          4           4.283         64          64.000          32.705         -49.221       -8540.000       33357.000       16417.000       17926.000       33446.000        -971.000        4731.000      -29406.000 
-12435  
-1  22  35          -17.157         12          12.018         64          64.001          42.321         -34.080      127961.000     -125687.000      -46758.000     -125664.000     -178616.000      -75139.000     -130543.000      137302.000 
-12435  
-1  12  36          -17.107          4           4.285         64          63.996          32.600         -49.275       -7590.000       33773.000       17135.000       17164.000       32687.000       -2341.000        4189.000      -29309.000 
-12435  
-1  22  37          -17.120         12          12.019         64          64.000          42.321         -34.074      127422.000     -126786.000      -47792.000     -125363.000     -179140.000      -74414.000     -129862.000      137689.000 
-12435  
-1  12  38          -17.533          4           4.282         64          63.996          32.613         -49.228       -9274.000       33476.000       16775.000       17849.000       32985.000       -1413.000        4792.000      -29289.000 
-12435  
-1  22  39          -17.140         12          12.020         64          63.998          42.372         -34.056      132358.000     -122579.000      -43955.000     -126889.000     -176397.000      -80943.000     -134589.000      133881.000 
-12435  
-1  12  40          -17.337          4           4.279         64          64.008          32.746         -49.240       -9827.000       33218.000       16120.000       18592.000       32954.000        -235.000        5333.000      -29101.000 
-12435  
-1  22  41          -17.120         12          12.019         64          64.001          42.258         -34.049      132470.000     -121780.000      -42577.000     -127502.000     -176176.000      -82837.000     -135441.000      133355.000 
-12435  
-1  12  42          -17.243          4           4.276         64          63.998          32.553         -49.265      -11287.000       32464.000       15488.000       18816.000       33266.000         807.000        6734.000      -28594.000 
-12435  
-1  22  43          -17.163         12          12.017         64          64.005          42.460         -34.073      133318.000     -121867.000      -42882.000     -126378.000     -176167.000      -81271.000     -134725.000      132505.000 
-12435  
-1  12  44          -17.113          4           4.289         64          64.003          32.696         -49.270       -7984.000       33726.000       16849.000       17769.000       32667.000       -1773.000        4408.000      -29166.000 
-12435  
-1  22  45          -17.100         12          12.018         64          64.001          42.324         -34.081      133054.000     -121428.000      -43125.000     -127198.000     -175488.000      -82181.000     -135008.000      131569.000 
-12435  
-1  12  46          -17.413          4           4.289         64          63.993          32.728         -49.287       -8574.000       33513.000       16834.000       17578.000       32776.000       -1869.000        4182.000      -29020.000 
-12435  
-1  22  47          -17.167         12          12.017         64          64.002          42.510         -34.062      134892.000     -119200.000      -41062.000     -127383.000     -174574.000      -85358.000     -137059.000      131347.000 
-12435  
-1  12  48          -17.810          4           4.283         64          63.992          32.590         -49.235       -9268.000       33201.000       16793.000       18094.000       32929.000       -1433.000        4533.000      -29447.000 
-12435  
-1  22  49          -17.137         12          12.017         64          64.000          42.333         -34.058      142538.000     -110302.000      -31649.000     -130647.000     -169098.000      -96709.000     -145142.000      121036.000 
-12435  
-1  12  50          -17.383          4           4.279         64          64.007          32.739         -49.199       -9754.000       33731.000       16276.000       17983.000       32971.000        -899.000        5479.000      -29394.000 
-12435  
-1  22  51          -17.133         12          12.019         64          64.003          42.360         -34.067      136537.000     -117546.000      -38533.000     -129056.000     -172678.000      -87020.000     -139640.000      128351.000 
-12435  
-1  12  52          -17.177          4           4.276         64          64.003          32.845         -49.246       -9598.000       33376.000       16401.000       17924.000       33274.000        -723.000        5156.000      -28838.000 
-12435  
-1  22  53          -17.187         12          12.018         64          64.002          42.365         -34.059      137472.000     -116303.000      -37279.000     -128843.000     -173097.000      -88703.000     -139897.000      127961.000 
-12435  
-1  12  54          -17.050          4           4.273         64          63.998          32.708         -49.181       -9041.000       33595.000       17005.000       18309.000       33041.000       -1174.000        5800.000      -29273.000 
-12435  
-1  22  55          -17.097         12          12.020         64          64.000          42.165         -34.074      121110.000     -132981.000      -53983.000     -123023.000     -182819.000      -66043.000     -122535.000      143409.000 
-12435  
-1  12  56          -17.330          4           4.274         64          63.992          32.695         -49.269      -10601.000       32552.000       15596.000       19039.000       32708.000         479.000        6551.000      -29183.000 
-12435  
-1  22  57          -17.100         12          12.017         64          64.004          42.367         -34.067      123660.000     -130404.000      -50673.000     -124491.000     -180620.000      -70563.000     -126527.000      141378.000 
-12435  
-1  12  58          -17.177          4           4.280         64          64.003          32.844         -49.225       -8946.000       33627.000       16388.000       18100.000       32999.000       -1239.000        5153.000      -29253.000 
-12435  
-1  22  59          -17.120         12          12.019         64          64.002          42.207         -34.056      116809.000     -137421.000      -58127.000     -121079.000     -185116.000      -60404.000     -117253.000      148491.000 
-12435  
-1  12  60          -17.613          4           4.287         64          64.007          32.771         -49.239       -8416.000       33964.000       16980.000       17412.000       32488.000       -2304.000        4225.000      -29558.000 
-12435  
-1  22  61          -17.200         12          12.018         64          64.003          42.420         -34.058      125642.000     -129230.000      -50083.000     -124409.000     -180814.000      -70484.000     -127227.000      141037.000 
-12435  
-1  12  62          -17.363          4           4.277         64          64.002          32.668         -49.221       -8390.000       33777.000       17307.000       17812.000       32844.000       -1693.000        3822.000      -29310.000 
-12435  
-1  22  63          -17.137         12          12.018         64          64.003          42.458         -34.059      126028.000     -128058.000      -48928.000     -125328.000     -180076.000      -73593.000     -128015.000      139958.000 
-12435  
-1  12  64          -17.340          4           4.279         64          64.005          32.644         -49.313       -9158.000       33076.000       16525.000       18168.000       32943.000        -888.000        4374.000      -28608.000 
-12435  
-1  22  65          -17.103         12          12.018         64          63.999          42.328         -34.054      135257.000     -120296.000      -41276.000     -128006.000     -174926.000      -85109.000     -136688.000      130203.000 
-12435  
-1  12  66          -17.100          4           4.279         64          63.996          32.545         -49.275       -7874.000       33550.000       16906.000       17724.000       32947.000       -1888.000        4171.000      -29026.000 
-12435  
-1  22  67          -17.113         12          12.019         64          64.001          42.303         -34.063      112740.000     -140361.000      -62075.000     -118652.000     -186188.000      -54967.000     -113753.000      151979.000 
-12435  
-1  12  68          -17.437          4           4.282         64          64.006          32.684         -49.231       -9959.000       33336.000       16052.000       18803.000       32835.000        -289.000        5422.000      -29077.000 
-12435  
-1  22  69          -17.170         12          12.018         64          63.999          42.650         -34.067      122937.000     -131906.000      -52803.000     -123078.000     -181540.000      -67720.000     -123883.000      143628.000 
-12435  
-1  12  70          -17.090          4           4.285         64          63.994          32.549         -49.301       -8900.000       33460.000       16718.000       17622.000       32691.000        -904.000        4897.000      -28847.000 
-12435  
-1  22  71          -17.127         12          12.020         64          64.001          42.638         -34.029      136151.000     -117940.000      -38913.000     -128452.000     -175564.000      -87737.000     -139162.000      129249.000 
-12435  
-1  12  72          -17.143          4           4.273         64          63.996          32.983         -49.210      -10071.000       33456.000       16314.000       18693.000       32469.000         199.000        6195.000      -29400.000 
-12435  
-1  22  73          -17.123         12          12.020         64          64.001          42.581         -34.047      111359.000     -141523.000      -63409.000     -118707.000     -188209.000      -52122.000     -111686.000      152882.000 
-12435  
-1  12  74          -17.130          4           4.284         64          64.002          32.834         -49.277       -9909.000       33027.000       16473.000       18638.000       32868.000          80.000        5314.000      -28615.000 
-12435  
-1  22  75          -17.093         12          12.019         64          64.003          42.460         -34.057      125145.000     -129996.000      -50471.000     -124476.000     -180989.000      -70890.000     -127589.000      139944.000 
-12435  
-1  12  76          -17.377          4           4.278         64          64.000          32.537         -49.250       -8464.000       33719.000       16960.000       17437.000       33117.000       -2092.000        3961.000      -28999.000 
-12435  
-1  22  77          -17.177         12          12.019         64          64.000          42.420         -34.092      125381.000     -128824.000      -49422.000     -124309.000     -180554.000      -70675.000     -126179.000      139745.000 
-12435  
-1  12  78          -17.057          4           4.276         64          64.003          32.689         -49.274       -9231.000       33281.000       16767.000       17610.000       32986.000       -1109.000        5672.000      -28851.000 
-12435  
-1  22  79          -17.113         12          12.020         64          63.999          42.387         -34.067      134258.000     -120001.000      -42514.000     -127247.000     -175603.000      -84762.000     -135326.000      131187.000 
-12435  
-1  12  80          -17.163          4           4.286         64          64.000          32.924         -49.211      -10479.000       32953.000       16043.000       18719.000       33212.000         188.000        6344.000      -29078.000 
-12435  
-1  22  81          -17.090         12          12.018         64          63.998          42.418         -34.073      137471.000     -114317.000      -36487.000     -129320.000     -171979.000      -91206.000     -141820.000      125515.000 
-12435  
-1  12  82          -17.060          4           4.283         64          64.001          32.847         -49.214       -9767.000       33922.000       16172.000       18502.000       32792.000          -4.000        5963.000      -28795.000 
-12435  
-1  22  83          -17.153         12          12.018         64          64.002          42.317         -34.066      119701.000     -135449.000      -55235.000     -121826.000     -183897.000      -62670.000     -120121.000      145793.000 
-12435  
-1  12  84          -17.103          4           4.283         64          64.001          32.804         -49.247      -11276.000       33017.000       15789.000       18829.000       32767.000        1083.000        6896.000      -28589.000 
-12435  
-1  22  85          -17.130         12          12.018         64          64.004          42.386         -34.044      124934.000     -130777.000      -50522.000     -123812.000     -181999.000      -70991.000     -125951.000      141402.000 
-12435  
-1  12  86          -17.490          4           4.275         64          64.001          32.734         -49.260      -10480.000       33440.000       15814.000       18302.000       32651.000         234.000        5610.000      -28972.000 
-12435  
-1  22  87          -17.180         12          12.019         64          64.003          42.558         -34.051      109815.000     -143111.000      -63923.000     -117814.000     -187918.000      -49854.000     -109998.000      154967.000 
-12435  
-1  12  88          -17.240          4           4.280         64          64.004          32.788         -49.268       -9361.000       33520.000       16721.000       17777.000       32400.000        -445.000        4977.000      -29347.000 
-12435  
-1  22  89          -17.113         12          12.021         64          63.999          42.437         -34.052      135930.000     -118600.000      -38529.000     -129074.000     -174460.000      -87250.000     -138086.000      128830.000 
-12435  
-1  12  90          -17.327          4           4.283         64          64.008          32.918         -49.250       -9371.000       33356.000       16363.000       18395.000       32585.000        -847.000        5329.000      -29342.000 
-12435  
-1  22  91          -17.157         12          12.017         64          64.001          42.490         -34.058      114528.000     -140009.000      -61230.000     -120000.000     -185801.000      -55518.000     -113916.000      150948.000 
-12435  
-1  12  92          -17.830          4           4.282         64          64.003          32.955         -49.151       -8781.000       33712.000       16719.000       17845.000       33328.000       -2430.000        4404.000      -29957.000 
-12435  
-1  22  93          -17.120         12          12.019         64          64.000          42.557         -34.076      135738.000     -118234.000      -39137.000     -127733.000     -173502.000      -87189.000     -138291.000      128995.000 
-12435  
-1  12  94          -17.137          4           4.280         64          64.000          32.712         -49.255       -9603.000       33392.000       16001.000       18216.000       32890.000         376.000        5263.000      -29139.000 
-12435  
-1  22  95          -17.107         12          12.018         64          63.998          42.305         -34.046      123497.000     -132215.000      -50808.000     -123974.000     -181740.000      -69543.000     -125681.000      142172.000 
-12435  
-1  12  96          -17.043          4           4.280         64          64.003          32.979         -49.195      -10614.000       33226.000       15703.000       18959.000       33124.000        1109.000        6930.000      -28928.000 
-12435  
-1  22  97          -17.147         12          12.018         64          64.001          42.230         -34.064      120890.000     -133558.000      -53749.000     -122758.000     -183141.000      -65326.000     -122101.000      144693.000 
-12435  
-1  12  98          -17.200          4           4.280         64          64.001          32.610         -49.222       -8722.000       33580.000       17272.000       17961.000       32762.000       -1693.000        4701.000      -29320.000 
-12435  
-1  22  99          -17.190         12          12.017         64          64.001          42.488         -34.061      128353.000     -125651.000      -46361.000     -125759.000     -179625.000      -76359.000     -129635.000      137840.000 
-12435  
